[Instances(num_instances=512, image_height=608, image_width=913, fields=[proposal_boxes: Boxes(tensor([[366.6860,  44.9981, 866.9830, 608.0000],
        [466.2231,  35.2216, 813.3536, 608.0000],
        [531.3660,  65.7297, 854.5680, 582.4384],
        ...,
        [461.0823, 158.2871, 507.5483, 240.6727],
        [908.9175, 585.9125, 913.0000, 608.0000],
        [333.7662, 344.5548, 400.7271, 476.5412]], device='cuda:0')), objectness_logits: tensor([ 0.8898,  0.7996, 23.0259,  0.9832,  0.8127,  0.8714,  0.8563,  0.7657,
         0.9672,  1.0717,  1.1742,  1.0189,  1.2056,  0.8019,  0.7720,  0.8377,
         0.7788,  0.8058,  0.8175,  0.9813,  1.0158,  1.1686,  0.7627,  0.7799,
         0.8678,  1.0483,  1.3071,  0.7653,  0.9849,  0.7845,  1.0346,  0.8367,
         0.8569,  0.8799,  0.9059,  0.7976,  0.7752,  0.8390,  0.8009,  0.7818,
         1.2894,  1.0032,  0.7982,  0.9981,  0.7531,  0.9347,  0.7890,  0.7514,
         0.7756,  0.7918,  1.0945,  1.1332,  1.3716,  0.9041,  0.7337,  1.0104,
         0.7766,  0.7847,  0.7938,  0.8386,  1.0001,  0.9355,  1.2061,  0.7992,
         0.7844,  1.1244,  0.7335,  1.0721,  0.8155,  1.2364,  1.1442,  0.9033,
         0.8004,  1.1415,  0.7990,  0.7816,  1.1015,  0.8992,  0.9313,  0.7483,
         0.9828,  0.9783,  0.7920,  0.8415,  0.7957,  1.1332,  0.7605,  0.8040,
         0.8163,  0.8699,  1.0090,  0.8577,  0.7542,  0.8077,  1.0519,  0.8735,
         1.0884,  0.9931,  0.8014,  0.7540,  0.8024,  0.8949,  0.9448,  0.7361,
         1.0491,  0.8005,  1.0641,  1.0748,  0.9228,  1.0789,  0.7588,  1.0520,
         0.8433,  0.8575,  0.7841,  0.7494,  1.1060,  0.7863,  0.7533,  0.9071,
         0.7841,  0.8905,  1.2419,  0.7366,  0.7942,  0.8102,  0.7944,  0.8796,
         0.8676,  1.1066,  0.9042,  0.7897,  1.0951,  0.8685,  1.0172,  0.7887,
         0.7895,  0.9701,  1.5756,  1.0930,  0.7774,  0.9270,  1.0149,  0.7781,
         0.8169,  0.7593,  0.7331,  1.0801,  0.8000,  0.8652,  0.9012,  0.7897,
         0.7434,  0.8922,  0.8942,  0.8050,  1.0638,  0.7771,  1.0648,  0.7696,
         0.8421,  0.8973,  1.1406,  1.0769,  1.0933,  0.8144,  0.7790,  0.8423,
         0.8366,  0.9977,  0.7837,  0.8675,  0.9699,  0.8963,  0.8167,  0.8106,
         0.8022,  0.9280,  0.7859,  0.8234,  0.8311,  0.9254,  1.1786,  1.4996,
         0.8052,  0.8592,  0.7844,  1.0709,  1.1623,  0.7890,  0.8187,  0.9836,
         0.8544,  0.8646,  0.7995,  0.9477,  0.8840,  1.1310,  1.2404,  0.8039,
         0.9715,  0.9013,  0.9233,  0.7938,  0.8093,  0.8377,  0.8675,  0.7968,
         1.0942,  0.7607,  0.8915,  0.7939,  0.9749,  0.8473,  1.0669,  1.2480,
         0.9274,  1.0445,  0.8294,  0.8469,  0.9412,  1.0046,  0.7743,  0.8027,
         0.8570,  1.2960,  0.8731,  0.9427,  0.7951,  1.1808,  0.8876,  0.9745,
         1.0577,  1.2685,  1.0348,  1.1361,  0.7914,  0.8601,  1.0167,  0.8900,
         0.8484,  0.8219,  0.8967,  0.8137,  0.8934,  0.9062,  0.9615,  0.8548,
         0.9853,  0.8145,  0.7670,  1.1595,  0.8349,  0.8335,  0.7779,  0.7900,
         0.7683,  0.7652,  0.8624,  0.8947,  0.7423,  0.8198,  0.9431,  0.7591,
         0.8161,  0.9519,  0.9781,  1.2767,  0.7350,  0.7561,  0.9391,  0.8455,
         0.9515,  0.7724,  0.9135,  0.8937,  1.0603,  1.0559,  1.0960,  1.0349,
         0.7625,  0.7703,  0.8127,  0.8174,  0.8042,  0.7733,  0.8817,  0.9603,
         0.8511,  0.8827,  0.9346,  0.7977,  0.8898,  1.0210,  0.8152,  0.7997,
         0.8020,  0.9771,  0.8863,  0.7459,  0.8554,  0.9691,  1.0210,  0.7313,
         1.1497,  0.8314,  0.9515,  1.0110,  0.8711,  0.9382,  0.8452,  0.7675,
         0.7394,  0.8770,  0.8068,  1.0326,  0.9304,  0.8232,  0.7984,  0.8027,
         1.0687,  0.9001,  1.0914,  0.7291,  0.8048,  0.9315,  0.8564,  0.7715,
         0.9835,  0.7928,  0.8963,  1.0718,  0.7774,  0.7269,  0.8487,  0.8596,
         0.8150,  0.8047,  0.8639,  1.4316,  0.7830,  0.9373,  1.0348,  0.9337,
         1.0316,  0.9360,  0.7801,  0.9238,  1.1223,  0.8367,  0.7971,  0.9928,
         0.9732,  1.9033,  0.9534,  0.7631,  0.7846,  0.7817,  0.9269,  1.2060,
         1.0204,  0.9029,  0.8797,  0.9406,  0.7876,  0.8174,  1.2083,  0.8160,
         0.7447,  0.8626,  0.7562,  0.8093,  1.0011,  0.7860,  0.7389,  0.7271,
         0.7813,  0.8970,  0.7727,  1.0499,  0.7747,  0.7376,  0.9569,  0.8686,
         0.8828,  1.0647,  0.8297,  0.7928,  0.7299,  0.7458,  0.9442,  1.0915,
         1.0144,  0.7500,  1.1649,  0.7557,  0.8619,  0.8425,  0.8333,  1.0831,
         0.7402,  0.7724,  1.0298,  0.7454,  0.7531,  0.8203,  0.9767,  0.9322,
         0.8690,  1.1246,  0.8898,  1.1557,  0.9066,  0.7843,  0.7780,  0.9779,
         0.8724,  0.7667,  0.8760,  1.0674,  0.8015,  0.8406,  0.9291,  0.9286,
         1.1558,  0.8901,  0.8083,  0.9051,  1.1460,  1.0647,  1.0446,  0.7812,
         1.2029,  0.8965,  1.0161,  0.7764,  0.8628,  1.1465,  0.9994,  0.8415,
         0.9163,  0.7984,  0.7799,  0.7482,  0.8999,  0.7687,  0.8473,  0.9710,
         0.9246,  1.0879,  0.7337,  0.8127,  0.9671,  0.9599,  0.8554,  0.7549,
         0.9229,  0.9494,  0.7785,  0.9915,  1.1846,  0.9980,  1.2434,  1.1255,
         1.1781,  0.9106,  0.9241,  0.8743,  0.9144,  0.9111,  0.8664,  0.8681,
         0.7692,  0.9448,  0.7976,  0.8166,  0.9417,  0.8159,  1.1107,  1.0426,
         1.0674,  0.9991,  0.8775,  1.0906,  0.8760,  0.9334,  0.7415,  0.8532,
         0.7801,  0.8143,  1.0209,  0.7744,  0.8895,  1.2883,  0.7321,  0.7875,
         0.8536,  0.9542,  1.2154,  0.9679,  0.7552,  0.9252,  1.1181,  1.0708,
         0.7937,  0.9076,  0.8218,  0.7659,  0.8443,  0.7917,  0.7476,  0.9691],
       device='cuda:0'), gt_classes: tensor([10, 10, 10, 15, 15, 15, 15, 15, 15, 15, 15, 15, 15, 15, 15, 15, 15, 15,
        15, 15, 15, 15, 15, 15, 15, 15, 15, 15, 15, 15, 15, 15, 15, 15, 15, 15,
        15, 15, 15, 15, 15, 15, 15, 15, 15, 15, 15, 15, 15, 15, 15, 15, 15, 15,
        15, 15, 15, 15, 15, 15, 15, 15, 15, 15, 15, 15, 15, 15, 15, 15, 15, 15,
        15, 15, 15, 15, 15, 15, 15, 15, 15, 15, 15, 15, 15, 15, 15, 15, 15, 15,
        15, 15, 15, 15, 15, 15, 15, 15, 15, 15, 15, 15, 15, 15, 15, 15, 15, 15,
        15, 15, 15, 15, 15, 15, 15, 15, 15, 15, 15, 15, 15, 15, 15, 15, 15, 15,
        15, 15, 15, 15, 15, 15, 15, 15, 15, 15, 15, 15, 15, 15, 15, 15, 15, 15,
        15, 15, 15, 15, 15, 15, 15, 15, 15, 15, 15, 15, 15, 15, 15, 15, 15, 15,
        15, 15, 15, 15, 15, 15, 15, 15, 15, 15, 15, 15, 15, 15, 15, 15, 15, 15,
        15, 15, 15, 15, 15, 15, 15, 15, 15, 15, 15, 15, 15, 15, 15, 15, 15, 15,
        15, 15, 15, 15, 15, 15, 15, 15, 15, 15, 15, 15, 15, 15, 15, 15, 15, 15,
        15, 15, 15, 15, 15, 15, 15, 15, 15, 15, 15, 15, 15, 15, 15, 15, 15, 15,
        15, 15, 15, 15, 15, 15, 15, 15, 15, 15, 15, 15, 15, 15, 15, 15, 15, 15,
        15, 15, 15, 15, 15, 15, 15, 15, 15, 15, 15, 15, 15, 15, 15, 15, 15, 15,
        15, 15, 15, 15, 15, 15, 15, 15, 15, 15, 15, 15, 15, 15, 15, 15, 15, 15,
        15, 15, 15, 15, 15, 15, 15, 15, 15, 15, 15, 15, 15, 15, 15, 15, 15, 15,
        15, 15, 15, 15, 15, 15, 15, 15, 15, 15, 15, 15, 15, 15, 15, 15, 15, 15,
        15, 15, 15, 15, 15, 15, 15, 15, 15, 15, 15, 15, 15, 15, 15, 15, 15, 15,
        15, 15, 15, 15, 15, 15, 15, 15, 15, 15, 15, 15, 15, 15, 15, 15, 15, 15,
        15, 15, 15, 15, 15, 15, 15, 15, 15, 15, 15, 15, 15, 15, 15, 15, 15, 15,
        15, 15, 15, 15, 15, 15, 15, 15, 15, 15, 15, 15, 15, 15, 15, 15, 15, 15,
        15, 15, 15, 15, 15, 15, 15, 15, 15, 15, 15, 15, 15, 15, 15, 15, 15, 15,
        15, 15, 15, 15, 15, 15, 15, 15, 15, 15, 15, 15, 15, 15, 15, 15, 15, 15,
        15, 15, 15, 15, 15, 15, 15, 15, 15, 15, 15, 15, 15, 15, 15, 15, 15, 15,
        15, 15, 15, 15, 15, 15, 15, 15, 15, 15, 15, 15, 15, 15, 15, 15, 15, 15,
        15, 15, 15, 15, 15, 15, 15, 15, 15, 15, 15, 15, 15, 15, 15, 15, 15, 15,
        15, 15, 15, 15, 15, 15, 15, 15, 15, 15, 15, 15, 15, 15, 15, 15, 15, 15,
        15, 15, 15, 15, 15, 15, 15, 15], device='cuda:0'), gt_boxes: Boxes(tensor([[531.3660,  65.7297, 854.5680, 582.4384],
        [531.3660,  65.7297, 854.5680, 582.4384],
        [531.3660,  65.7297, 854.5680, 582.4384],
        ...,
        [531.3660,  65.7297, 854.5680, 582.4384],
        [531.3660,  65.7297, 854.5680, 582.4384],
        [531.3660,  65.7297, 854.5680, 582.4384]], device='cuda:0'))]), Instances(num_instances=512, image_height=672, image_width=1009, fields=[proposal_boxes: Boxes(tensor([[ 246.9661,   69.2270,  864.2547,  476.0424],
        [ 366.8324,  181.0614, 1009.0000,  672.0000],
        [ 149.7182,   27.0812,  586.5791,  609.9858],
        ...,
        [1003.0407,  267.7873, 1009.0000,  386.3390],
        [ 949.3430,  338.1550, 1009.0000,  421.8944],
        [ 100.5223,  630.3399,  141.2652,  672.0000]], device='cuda:0')), objectness_logits: tensor([ 0.9815,  1.0438,  0.7745,  0.7519, 23.0259,  0.7396,  1.0724,  0.8354,
         1.2284,  0.9507,  0.9771,  1.0995,  1.1691,  1.1259,  0.7570,  0.8397,
         0.7475,  1.0070,  0.7626,  1.0840,  0.8702,  0.9058,  0.9670,  0.9017,
         0.8054,  0.8307,  0.8680,  0.8560,  0.7989,  0.9624,  0.8273,  0.9470,
         0.9770,  0.8110,  0.7325,  1.0315,  0.7894,  0.7296,  0.8700,  0.7945,
         0.7419,  0.7455,  0.9179,  0.7250,  0.9408,  0.7599,  0.7284,  0.9728,
         0.7479,  0.8579,  0.7934,  0.8098,  0.7294,  1.0236,  0.7762,  1.0756,
         0.8191,  0.7832,  0.9760,  0.9645,  0.9369,  0.7751,  0.9365,  0.7440,
         0.7268,  0.8467,  0.8484,  0.7899,  1.4080,  1.1397,  0.7279,  0.8714,
         0.9259,  0.8750,  1.4298,  0.7844,  0.7747,  0.7573,  0.9708,  0.7617,
         1.0026,  0.8128,  1.0302,  1.2793,  0.8006,  1.1843,  1.4965,  1.4039,
         0.8516,  0.8997,  0.7359,  1.1037,  1.0826,  0.8066,  0.7856,  1.0045,
         1.2847,  0.8156,  1.0923,  0.7666,  1.0139,  0.8606,  0.8301,  1.0870,
         0.8223,  0.8020,  1.0035,  0.9203,  1.2181,  1.1319,  0.9200,  0.8256,
         0.9604,  1.1266,  0.7600,  1.0085,  1.0213,  1.1361,  0.8491,  0.9226,
         1.0119,  0.8321,  0.8141,  0.8184,  1.2443,  0.7895,  0.8080,  1.1579,
         0.7308,  0.9515,  0.8302,  0.7421,  0.7745,  0.8198,  0.7847,  0.8586,
         0.8893,  0.7389,  1.0873,  1.0137,  0.8280,  0.7528,  0.9419,  0.9269,
         1.0824,  0.7797,  0.7497,  0.7404,  0.7936,  0.9061,  0.8176,  0.8982,
         0.9010,  0.9409,  0.9636,  0.8663,  0.9786,  0.9120,  0.7973,  0.8789,
         0.7786,  0.7504,  0.9590,  0.7253,  0.7886,  0.9150,  1.1171,  0.7912,
         0.9366,  0.7275,  1.2908,  0.9354,  0.7331,  0.7382,  0.8040,  0.9017,
         0.8704,  0.9779,  0.9681,  1.0334,  0.7413,  0.9342,  0.7625,  1.1240,
         0.9000,  0.7669,  0.8435,  0.7978,  0.9057,  0.8841,  0.8256,  0.8920,
         1.2623,  0.8193,  0.7257,  0.8657,  0.8206,  0.9657,  0.9338,  0.7411,
         0.8073,  1.1864,  0.8432,  1.0381,  0.9429,  0.9821,  0.8012,  1.2767,
         0.9756,  0.7611,  0.9884,  1.0444,  1.3964,  1.2732,  0.9993,  0.8508,
         1.2024,  0.8203,  0.8247,  0.9587,  1.0954,  1.0135,  0.8360,  1.2123,
         1.0672,  0.8633,  0.8201,  0.7654,  0.7472,  1.2206,  0.8395,  0.7728,
         0.9122,  1.0771,  0.9333,  0.7583,  0.8518,  0.8566,  1.1373,  0.8576,
         0.8717,  0.8241,  0.9110,  1.1448,  0.8336,  0.8388,  0.7931,  0.9788,
         0.7360,  0.9762,  0.8617,  0.8093,  0.7998,  0.8243,  0.8938,  0.7871,
         0.8303,  0.9918,  0.8154,  0.7605,  0.8065,  0.8227,  0.7809,  0.8426,
         0.9051,  1.1634,  0.9477,  1.1644,  0.8294,  1.0294,  1.2836,  0.7535,
         0.7954,  1.0658,  0.7464,  0.7668,  0.9442,  0.9436,  0.7745,  0.8109,
         0.8687,  0.7788,  0.7861,  1.1799,  0.8327,  0.9505,  0.9003,  0.9545,
         0.8227,  1.1371,  0.7796,  0.7597,  0.7695,  0.9121,  0.8767,  0.7405,
         0.8295,  0.7627,  1.1321,  0.8590,  0.9856,  0.8759,  0.9011,  0.8780,
         0.8191,  0.8451,  0.7930,  0.7765,  0.7975,  0.9194,  0.9859,  1.0745,
         0.8603,  0.9142,  1.2750,  0.9388,  0.8939,  0.9578,  0.7361,  0.8460,
         0.8497,  0.8508,  0.7339,  0.7573,  0.8595,  0.8196,  0.7248,  1.0087,
         0.9888,  0.7874,  0.8704,  0.8127,  1.0379,  0.7310,  0.9772,  0.9096,
         0.7957,  0.8214,  0.7967,  0.9717,  0.9966,  0.7652,  1.3858,  0.8160,
         0.8750,  0.8221,  0.7835,  0.9663,  0.7374,  0.7378,  1.0036,  0.8801,
         0.8152,  0.8706,  1.0170,  0.7671,  0.7530,  1.0747,  0.8340,  0.8380,
         0.7550,  1.1080,  0.9079,  0.8702,  0.7307,  1.2055,  1.1993,  0.9462,
         0.7959,  1.3579,  1.2738,  1.0047,  0.9771,  0.7624,  0.7608,  0.7965,
         0.7809,  0.7867,  0.7428,  0.9236,  0.7572,  0.7964,  0.7884,  0.9674,
         0.8534,  1.3417,  1.2184,  0.8554,  0.9339,  0.7630,  0.8377,  0.9931,
         0.8478,  0.8495,  0.7769,  1.0966,  0.8031,  0.8061,  0.8543,  0.7542,
         0.7440,  1.1938,  1.0739,  0.9110,  1.0285,  0.8904,  0.9748,  1.0188,
         0.9212,  0.8419,  0.7743,  0.9445,  0.9671,  0.9312,  0.8303,  0.8498,
         0.7478,  0.7868,  0.9498,  0.8132,  0.9898,  1.1047,  0.7639,  1.0747,
         1.1408,  0.9521,  1.1685,  1.0047,  1.0539,  1.1283,  0.8088,  0.7438,
         0.7626,  1.0751,  0.7566,  0.8576,  0.7650,  0.8357,  0.8830,  1.3804,
         1.1529,  0.9185,  0.8741,  1.2165,  0.9037,  1.0899,  0.8216,  0.7706,
         0.9177,  1.2067,  0.7304,  0.8730,  0.8168,  0.9627,  0.9126,  0.9031,
         0.9428,  0.8883,  0.8033,  0.8922,  1.0041,  1.0567,  1.0975,  0.7318,
         1.0317,  1.1926,  1.0507,  1.1265,  0.9786,  0.7662,  0.8042,  1.2537,
         0.9031,  1.2672,  0.8500,  0.8553,  0.7640,  0.7675,  0.7303,  0.7572,
         0.7664,  1.0961,  1.1816,  1.1218,  0.7465,  0.9959,  0.8325,  0.9449,
         0.8118,  0.9631,  1.1238,  0.8633,  1.1218,  1.0256,  1.1691,  0.9573,
         0.7330,  0.8056,  1.0899,  0.7484,  0.7360,  0.8123,  0.8840,  0.9724,
         0.9232,  0.7927,  0.7768,  0.8975,  0.7429,  0.7684,  1.0143,  0.8004],
       device='cuda:0'), gt_classes: tensor([ 8,  8,  8,  8,  8, 15, 15, 15, 15, 15, 15, 15, 15, 15, 15, 15, 15, 15,
        15, 15, 15, 15, 15, 15, 15, 15, 15, 15, 15, 15, 15, 15, 15, 15, 15, 15,
        15, 15, 15, 15, 15, 15, 15, 15, 15, 15, 15, 15, 15, 15, 15, 15, 15, 15,
        15, 15, 15, 15, 15, 15, 15, 15, 15, 15, 15, 15, 15, 15, 15, 15, 15, 15,
        15, 15, 15, 15, 15, 15, 15, 15, 15, 15, 15, 15, 15, 15, 15, 15, 15, 15,
        15, 15, 15, 15, 15, 15, 15, 15, 15, 15, 15, 15, 15, 15, 15, 15, 15, 15,
        15, 15, 15, 15, 15, 15, 15, 15, 15, 15, 15, 15, 15, 15, 15, 15, 15, 15,
        15, 15, 15, 15, 15, 15, 15, 15, 15, 15, 15, 15, 15, 15, 15, 15, 15, 15,
        15, 15, 15, 15, 15, 15, 15, 15, 15, 15, 15, 15, 15, 15, 15, 15, 15, 15,
        15, 15, 15, 15, 15, 15, 15, 15, 15, 15, 15, 15, 15, 15, 15, 15, 15, 15,
        15, 15, 15, 15, 15, 15, 15, 15, 15, 15, 15, 15, 15, 15, 15, 15, 15, 15,
        15, 15, 15, 15, 15, 15, 15, 15, 15, 15, 15, 15, 15, 15, 15, 15, 15, 15,
        15, 15, 15, 15, 15, 15, 15, 15, 15, 15, 15, 15, 15, 15, 15, 15, 15, 15,
        15, 15, 15, 15, 15, 15, 15, 15, 15, 15, 15, 15, 15, 15, 15, 15, 15, 15,
        15, 15, 15, 15, 15, 15, 15, 15, 15, 15, 15, 15, 15, 15, 15, 15, 15, 15,
        15, 15, 15, 15, 15, 15, 15, 15, 15, 15, 15, 15, 15, 15, 15, 15, 15, 15,
        15, 15, 15, 15, 15, 15, 15, 15, 15, 15, 15, 15, 15, 15, 15, 15, 15, 15,
        15, 15, 15, 15, 15, 15, 15, 15, 15, 15, 15, 15, 15, 15, 15, 15, 15, 15,
        15, 15, 15, 15, 15, 15, 15, 15, 15, 15, 15, 15, 15, 15, 15, 15, 15, 15,
        15, 15, 15, 15, 15, 15, 15, 15, 15, 15, 15, 15, 15, 15, 15, 15, 15, 15,
        15, 15, 15, 15, 15, 15, 15, 15, 15, 15, 15, 15, 15, 15, 15, 15, 15, 15,
        15, 15, 15, 15, 15, 15, 15, 15, 15, 15, 15, 15, 15, 15, 15, 15, 15, 15,
        15, 15, 15, 15, 15, 15, 15, 15, 15, 15, 15, 15, 15, 15, 15, 15, 15, 15,
        15, 15, 15, 15, 15, 15, 15, 15, 15, 15, 15, 15, 15, 15, 15, 15, 15, 15,
        15, 15, 15, 15, 15, 15, 15, 15, 15, 15, 15, 15, 15, 15, 15, 15, 15, 15,
        15, 15, 15, 15, 15, 15, 15, 15, 15, 15, 15, 15, 15, 15, 15, 15, 15, 15,
        15, 15, 15, 15, 15, 15, 15, 15, 15, 15, 15, 15, 15, 15, 15, 15, 15, 15,
        15, 15, 15, 15, 15, 15, 15, 15, 15, 15, 15, 15, 15, 15, 15, 15, 15, 15,
        15, 15, 15, 15, 15, 15, 15, 15], device='cuda:0'), gt_boxes: Boxes(tensor([[145.2960,  28.2523, 922.2260, 672.0000],
        [145.2960,  28.2523, 922.2260, 672.0000],
        [145.2960,  28.2523, 922.2260, 672.0000],
        ...,
        [145.2960,  28.2523, 922.2260, 672.0000],
        [145.2960,  28.2523, 922.2260, 672.0000],
        [145.2960,  28.2523, 922.2260, 672.0000]], device='cuda:0'))]), Instances(num_instances=512, image_height=608, image_width=811, fields=[proposal_boxes: Boxes(tensor([[592.0300, 147.5413, 606.6280, 201.0453],
        [575.8100, 152.4053, 596.8960, 201.0453],
        [389.2800, 274.0053, 587.1640, 468.5653],
        ...,
        [317.1894, 550.7158, 348.3111, 584.8992],
        [  0.0000, 416.0454,  10.3219, 508.3123],
        [289.3577, 422.3686, 387.3099, 530.0081]], device='cuda:0')), objectness_logits: tensor([23.0259, 23.0259, 23.0259,  0.7657,  0.7601,  1.0232,  0.7204,  0.8322,
         0.8318,  0.6805,  1.0157,  0.8170,  1.2667,  0.7252,  0.7707,  0.7630,
         0.7101,  0.7134,  0.6866,  0.8976,  1.1186,  1.1285,  0.8903,  0.6993,
         0.8306,  0.7472,  1.2570,  0.8383,  0.9156,  0.7616,  1.3619,  0.6881,
         0.6988,  0.7608,  0.7880,  0.7567,  0.7876,  1.4877,  0.6900,  0.8539,
         1.1706,  0.9179,  0.7379,  0.8825,  1.1703,  0.9063,  0.7401,  1.0379,
         1.1926,  0.8336,  0.6629,  0.6643,  0.6992,  0.8099,  0.6879,  0.9730,
         0.9367,  1.0163,  1.0374,  0.8107,  0.9062,  0.9816,  1.1656,  0.9249,
         1.2109,  0.9090,  1.1101,  0.8936,  0.7858,  1.1144,  0.8596,  0.8903,
         0.9518,  0.8552,  0.7513,  0.7976,  0.8194,  0.8837,  0.7997,  0.6954,
         0.6690,  0.7378,  0.7468,  0.7576,  0.6951,  0.8250,  0.8977,  0.6688,
         0.6639,  0.9928,  0.8429,  1.1284,  1.0521,  0.7439,  0.9317,  0.6917,
         0.8795,  0.9413,  0.7378,  0.7399,  0.8352,  0.8959,  0.8758,  1.0856,
         0.8609,  0.7260,  0.7222,  0.7748,  0.8148,  1.4161,  0.6887,  0.7689,
         0.8483,  0.7424,  0.6823,  1.0155,  0.7239,  0.8011,  0.7450,  0.7660,
         0.7917,  0.6628,  0.7751,  0.8083,  0.8496,  0.7934,  0.7060,  0.8887,
         0.8418,  0.9334,  0.6810,  1.3181,  1.2709,  0.8334,  0.7822,  0.7535,
         0.6662,  0.7127,  1.0636,  0.6668,  0.6754,  1.1672,  0.7253,  0.8533,
         0.7488,  1.2726,  0.8634,  0.8297,  0.7963,  0.7835,  0.8330,  1.0406,
         0.7616,  0.7736,  0.9340,  0.8462,  0.9366,  0.8245,  0.7756,  0.6641,
         1.0627,  0.7246,  1.0176,  1.0381,  0.6888,  0.6805,  0.9890,  0.8038,
         0.8851,  0.9383,  0.8014,  0.9704,  0.8641,  1.6003,  0.9128,  0.6773,
         0.7365,  0.8092,  0.6926,  0.7055,  0.6785,  0.7272,  0.8602,  0.6621,
         0.8386,  0.8357,  0.7510,  0.9606,  0.8125,  0.7782,  1.2544,  0.8005,
         0.9537,  1.1557,  0.7633,  1.0503,  0.8041,  0.6710,  0.8088,  0.7449,
         0.7117,  0.7286,  0.6748,  0.7536,  0.7004,  0.8958,  0.9569,  0.7842,
         0.7697,  0.7497,  0.7816,  0.6813,  1.0019,  0.8383,  0.7440,  1.0146,
         0.7229,  0.8912,  0.7070,  0.7137,  0.8763,  0.7845,  0.7826,  0.7638,
         0.6646,  0.9286,  0.8602,  0.7439,  0.9301,  0.6906,  0.6799,  1.3795,
         1.1092,  0.9507,  1.1814,  0.9710,  1.3141,  0.7052,  0.7022,  0.8026,
         0.6799,  0.8102,  0.7058,  1.0078,  0.6739,  0.8824,  0.8526,  0.8072,
         1.0769,  1.0057,  0.9292,  0.7043,  0.6643,  0.9852,  0.8384,  0.8521,
         1.2072,  0.7402,  1.1734,  0.8469,  1.1104,  0.9083,  0.7845,  0.9410,
         1.0003,  0.9694,  0.6881,  0.7685,  0.8711,  0.6622,  0.7609,  0.7294,
         1.1621,  0.6650,  1.0034,  0.8375,  0.7130,  1.0190,  1.0770,  0.8289,
         0.7192,  0.9922,  1.3049,  0.7043,  0.7348,  0.8399,  0.7997,  1.0307,
         0.6963,  0.9635,  0.8430,  0.8140,  0.8052,  1.1462,  1.0460,  0.7078,
         0.8852,  1.1781,  0.7507,  0.9229,  1.0102,  0.8093,  0.6833,  0.7840,
         0.6913,  0.6680,  0.8003,  0.9552,  0.7100,  0.7380,  0.8898,  0.7822,
         0.9544,  0.9562,  1.1132,  0.7185,  0.7840,  0.9611,  0.8261,  0.9417,
         0.7672,  0.9588,  0.7751,  0.8030,  0.7011,  0.8224,  0.6708,  0.7905,
         0.7138,  0.6850,  0.7764,  0.7893,  0.9088,  0.7492,  0.9035,  0.6703,
         0.8220,  0.7961,  1.0112,  0.7247,  0.7519,  1.0771,  0.7939,  0.8013,
         0.8820,  0.8592,  0.8054,  0.9196,  0.6797,  0.8275,  0.7356,  0.7272,
         0.8852,  0.7112,  0.9334,  0.7608,  0.9527,  1.2641,  0.7472,  0.6895,
         0.7024,  0.6968,  0.9756,  0.9955,  0.7408,  0.6656,  0.9873,  0.6919,
         0.9986,  0.8156,  0.9255,  0.7968,  0.8991,  0.8131,  0.8465,  0.8876,
         1.3495,  0.6820,  0.7686,  0.9417,  0.7935,  1.2329,  0.7192,  1.0626,
         0.8937,  1.1266,  0.6650,  0.8351,  0.6727,  0.7384,  0.7982,  0.8995,
         0.8436,  0.7431,  0.6907,  0.7970,  1.0532,  0.6729,  0.7600,  0.6982,
         0.6865,  0.6719,  0.9274,  0.8046,  0.7154,  0.7196,  0.8361,  1.0619,
         0.9081,  0.8326,  0.6725,  0.8523,  0.8750,  1.3133,  0.6974,  1.1159,
         0.8063,  0.7836,  1.0728,  1.1803,  0.8706,  0.7649,  0.6654,  0.8832,
         0.8752,  0.9995,  0.6777,  0.7354,  0.8628,  1.0918,  0.8164,  0.7587,
         0.8110,  0.8574,  0.6910,  1.0219,  0.6938,  0.8518,  0.8451,  0.7667,
         0.9590,  0.7868,  0.7677,  0.8024,  1.0579,  0.7207,  0.8581,  0.9850,
         1.1651,  0.7205,  0.8051,  0.9073,  0.7676,  0.8277,  0.8462,  0.7228,
         0.9169,  1.1975,  1.0712,  0.9491,  0.6887,  0.7753,  0.7644,  0.7751,
         0.8439,  1.1090,  0.8788,  0.8355,  0.7500,  1.1754,  0.7186,  0.8355,
         1.1642,  1.4079,  0.7833,  0.8617,  0.9767,  0.8005,  0.9072,  0.8893,
         0.8851,  0.7008,  0.6631,  0.8303,  0.7441,  0.9291,  0.7286,  1.1301,
         0.9887,  0.9510,  1.1034,  0.7604,  0.8789,  0.9373,  0.8125,  1.3134,
         0.9603,  1.0146,  0.9922,  0.7323,  1.2923,  0.7850,  0.8353,  0.7610,
         0.7214,  1.0538,  0.6993,  0.7366,  0.7679,  0.7705,  0.6673,  0.7563],
       device='cuda:0'), gt_classes: tensor([10, 10, 14, 15, 15, 15, 15, 15, 15, 15, 15, 15, 15, 15, 15, 15, 15, 15,
        15, 15, 15, 15, 15, 15, 15, 15, 15, 15, 15, 15, 15, 15, 15, 15, 15, 15,
        15, 15, 15, 15, 15, 15, 15, 15, 15, 15, 15, 15, 15, 15, 15, 15, 15, 15,
        15, 15, 15, 15, 15, 15, 15, 15, 15, 15, 15, 15, 15, 15, 15, 15, 15, 15,
        15, 15, 15, 15, 15, 15, 15, 15, 15, 15, 15, 15, 15, 15, 15, 15, 15, 15,
        15, 15, 15, 15, 15, 15, 15, 15, 15, 15, 15, 15, 15, 15, 15, 15, 15, 15,
        15, 15, 15, 15, 15, 15, 15, 15, 15, 15, 15, 15, 15, 15, 15, 15, 15, 15,
        15, 15, 15, 15, 15, 15, 15, 15, 15, 15, 15, 15, 15, 15, 15, 15, 15, 15,
        15, 15, 15, 15, 15, 15, 15, 15, 15, 15, 15, 15, 15, 15, 15, 15, 15, 15,
        15, 15, 15, 15, 15, 15, 15, 15, 15, 15, 15, 15, 15, 15, 15, 15, 15, 15,
        15, 15, 15, 15, 15, 15, 15, 15, 15, 15, 15, 15, 15, 15, 15, 15, 15, 15,
        15, 15, 15, 15, 15, 15, 15, 15, 15, 15, 15, 15, 15, 15, 15, 15, 15, 15,
        15, 15, 15, 15, 15, 15, 15, 15, 15, 15, 15, 15, 15, 15, 15, 15, 15, 15,
        15, 15, 15, 15, 15, 15, 15, 15, 15, 15, 15, 15, 15, 15, 15, 15, 15, 15,
        15, 15, 15, 15, 15, 15, 15, 15, 15, 15, 15, 15, 15, 15, 15, 15, 15, 15,
        15, 15, 15, 15, 15, 15, 15, 15, 15, 15, 15, 15, 15, 15, 15, 15, 15, 15,
        15, 15, 15, 15, 15, 15, 15, 15, 15, 15, 15, 15, 15, 15, 15, 15, 15, 15,
        15, 15, 15, 15, 15, 15, 15, 15, 15, 15, 15, 15, 15, 15, 15, 15, 15, 15,
        15, 15, 15, 15, 15, 15, 15, 15, 15, 15, 15, 15, 15, 15, 15, 15, 15, 15,
        15, 15, 15, 15, 15, 15, 15, 15, 15, 15, 15, 15, 15, 15, 15, 15, 15, 15,
        15, 15, 15, 15, 15, 15, 15, 15, 15, 15, 15, 15, 15, 15, 15, 15, 15, 15,
        15, 15, 15, 15, 15, 15, 15, 15, 15, 15, 15, 15, 15, 15, 15, 15, 15, 15,
        15, 15, 15, 15, 15, 15, 15, 15, 15, 15, 15, 15, 15, 15, 15, 15, 15, 15,
        15, 15, 15, 15, 15, 15, 15, 15, 15, 15, 15, 15, 15, 15, 15, 15, 15, 15,
        15, 15, 15, 15, 15, 15, 15, 15, 15, 15, 15, 15, 15, 15, 15, 15, 15, 15,
        15, 15, 15, 15, 15, 15, 15, 15, 15, 15, 15, 15, 15, 15, 15, 15, 15, 15,
        15, 15, 15, 15, 15, 15, 15, 15, 15, 15, 15, 15, 15, 15, 15, 15, 15, 15,
        15, 15, 15, 15, 15, 15, 15, 15, 15, 15, 15, 15, 15, 15, 15, 15, 15, 15,
        15, 15, 15, 15, 15, 15, 15, 15], device='cuda:0'), gt_boxes: Boxes(tensor([[592.0300, 147.5413, 606.6280, 201.0453],
        [575.8100, 152.4053, 596.8960, 201.0453],
        [389.2800, 274.0053, 587.1640, 468.5653],
        ...,
        [389.2800, 274.0053, 587.1640, 468.5653],
        [389.2800, 274.0053, 587.1640, 468.5653],
        [389.2800, 274.0053, 587.1640, 468.5653]], device='cuda:0'))]), Instances(num_instances=512, image_height=704, image_width=929, fields=[proposal_boxes: Boxes(tensor([[  0.0000,   0.0000, 802.8588, 704.0000],
        [  0.0000, 121.6782, 563.1010, 704.0000],
        [ 41.0455, 197.4934, 737.9489, 704.0000],
        ...,
        [243.8285, 121.9531, 304.8826, 210.6494],
        [744.3300, 635.0953, 805.2689, 704.0000],
        [220.7905,   0.0000, 659.8181, 305.3856]], device='cuda:0')), objectness_logits: tensor([ 1.2064,  1.0069,  0.8295,  0.9674,  0.9032,  0.9896,  0.7844, 23.0259,
         0.7704,  0.9303,  0.8373,  0.7543,  0.8425,  0.8413,  0.8919,  0.7341,
         0.8811,  0.9033,  1.1565,  0.7896,  1.0775,  0.9012,  0.7293,  0.7400,
         1.0160,  0.8586,  0.7841,  1.1004,  1.0490,  0.7295,  0.7654,  0.7390,
         0.9046,  0.7250,  0.8117,  1.0932,  1.0416,  0.7492,  0.8559,  0.8325,
         0.8668,  1.0516,  1.0112,  0.8121,  0.7887,  0.8942,  0.7224,  0.8818,
         0.7648,  1.0875,  0.7610,  0.8552,  0.8369,  0.7542,  0.7605,  0.7225,
         0.8618,  0.7541,  1.0828,  0.9511,  0.9070,  0.9665,  1.3113,  0.7948,
         0.8035,  0.7489,  0.9009,  0.9107,  1.1086,  0.7816,  0.8071,  0.7412,
         0.8007,  0.8566,  0.7630,  1.1607,  1.0237,  0.8636,  0.8300,  0.8521,
         0.7240,  0.7676,  0.9622,  0.7264,  0.7450,  0.8679,  0.7774,  1.0026,
         0.7369,  0.9068,  0.9278,  0.8645,  0.9007,  0.7778,  0.9897,  0.7919,
         0.7919,  1.0043,  0.9989,  0.7733,  0.8687,  1.0129,  1.0148,  0.9126,
         0.7236,  0.9396,  1.0146,  0.8579,  0.9651,  0.7460,  0.9707,  0.8399,
         0.7524,  0.7939,  1.4170,  1.1087,  0.7868,  1.0000,  0.9299,  0.8905,
         0.9985,  0.9136,  1.5111,  0.9825,  0.8357,  0.8013,  0.7312,  0.9894,
         0.7845,  0.8726,  0.9416,  0.7685,  0.7374,  0.7622,  0.9281,  0.7591,
         0.9478,  1.4930,  0.8057,  0.9283,  0.8031,  0.7651,  0.9055,  1.0162,
         0.8030,  0.7452,  0.9122,  0.9041,  0.7668,  0.7829,  0.8912,  0.9330,
         1.3492,  1.1492,  0.8092,  0.8599,  1.0894,  0.8672,  0.8339,  0.8130,
         0.9448,  0.7530,  0.7465,  0.8564,  1.2764,  1.0817,  0.8256,  0.7402,
         0.8837,  0.8041,  0.8818,  0.7475,  0.8668,  0.9843,  0.8462,  0.7419,
         0.9264,  0.9169,  0.7632,  1.1970,  0.8425,  0.7278,  1.0039,  1.2025,
         1.2117,  0.9311,  0.7226,  1.0829,  0.7733,  0.7473,  0.7559,  0.8432,
         0.8397,  0.8967,  0.8685,  0.7969,  0.9015,  0.9504,  0.8549,  0.8204,
         0.8924,  0.7498,  0.8289,  0.9207,  0.9723,  0.9800,  0.9655,  0.8464,
         1.3749,  0.9196,  0.8937,  0.7834,  0.7752,  0.7224,  0.8110,  0.8104,
         0.9950,  0.7985,  0.8128,  0.9270,  0.7737,  0.9521,  0.7577,  0.9205,
         1.0697,  0.7930,  0.8562,  0.8338,  0.7347,  1.0048,  0.7233,  0.8575,
         1.1941,  0.7537,  0.8328,  0.9720,  1.1533,  1.1994,  0.8308,  0.7303,
         1.1224,  0.7885,  0.9055,  0.7258,  1.2378,  0.8522,  0.8265,  0.8132,
         1.2208,  0.8586,  0.8475,  0.8116,  0.9335,  0.9617,  1.1092,  0.9454,
         0.8174,  0.8850,  0.9064,  0.7720,  0.9765,  0.8946,  0.7653,  0.8132,
         0.7389,  0.7439,  0.8316,  0.8577,  1.5071,  0.7753,  0.7297,  0.7352,
         1.0195,  0.8646,  1.1006,  1.0504,  0.7368,  0.8068,  0.7635,  0.8175,
         0.9607,  0.9390,  0.8619,  0.8245,  0.8467,  0.7876,  0.9711,  1.1103,
         0.7676,  0.9231,  1.3517,  0.7329,  0.7993,  0.8710,  0.8017,  0.8372,
         0.9851,  1.2500,  1.1774,  0.7708,  0.7468,  0.7621,  0.8381,  0.7904,
         1.1778,  0.7780,  1.0240,  0.8212,  1.3597,  1.1873,  1.0371,  0.7464,
         0.7330,  0.7372,  0.8236,  0.7641,  0.7826,  1.2433,  0.7829,  0.8087,
         0.9059,  0.8532,  1.0187,  0.9663,  1.2005,  0.9195,  0.8189,  0.7436,
         0.9523,  0.8024,  0.9246,  0.8174,  0.9162,  0.9751,  0.7765,  0.7989,
         0.7210,  0.8315,  0.7481,  0.8318,  0.7820,  0.7806,  0.7576,  0.8541,
         0.9232,  0.8566,  0.9361,  0.7871,  1.3240,  0.8958,  1.2225,  0.8348,
         0.9401,  0.7254,  0.9170,  0.9806,  0.7683,  0.8750,  0.8413,  1.1327,
         0.7696,  0.7775,  0.7464,  1.0604,  0.8131,  0.9212,  0.7738,  0.9962,
         0.7360,  0.8773,  0.7729,  0.9477,  0.9772,  0.8634,  0.7392,  0.9544,
         0.7204,  0.7580,  1.3671,  0.8211,  0.8395,  0.8695,  0.8054,  0.8572,
         0.7466,  0.9182,  1.2427,  0.8445,  1.2258,  0.7256,  0.7907,  0.8943,
         0.7526,  0.7981,  0.7673,  0.8191,  1.0411,  0.8397,  0.9698,  0.8487,
         0.8509,  1.0140,  1.1339,  0.7261,  0.7661,  0.7571,  1.2922,  0.7818,
         1.3592,  0.8455,  1.0461,  0.7378,  0.8267,  0.8125,  0.7851,  0.9629,
         0.7833,  0.8710,  0.7635,  1.2184,  0.9381,  0.7432,  0.7421,  1.1397,
         0.8507,  0.7291,  1.0241,  0.9989,  0.8856,  0.8146,  0.8466,  0.8777,
         0.7903,  0.8883,  0.7886,  0.7897,  0.9207,  0.8699,  0.9167,  0.8487,
         0.8888,  0.8136,  1.1470,  0.8119,  0.9875,  0.7308,  0.9350,  0.9596,
         1.1019,  0.7955,  0.8032,  1.0035,  0.7333,  0.7289,  0.7438,  0.8061,
         0.9625,  0.8696,  0.7778,  0.8271,  1.4105,  1.1024,  0.9404,  0.7789,
         0.7646,  0.7376,  0.8241,  0.7728,  0.8292,  0.8097,  0.9967,  0.7816,
         0.8287,  1.4155,  0.9138,  1.0439,  0.7935,  0.7321,  1.1636,  0.8598,
         0.8987,  1.1883,  1.2769,  0.7300,  0.8352,  0.9878,  0.8060,  0.7565,
         0.7416,  0.9305,  0.7422,  1.1492,  0.7305,  0.7533,  0.8075,  0.8792,
         1.2087,  0.7697,  0.8263,  1.0727,  0.9994,  0.7787,  0.8107,  0.7598,
         0.9158,  0.7839,  0.9283,  0.8804,  0.9172,  1.1883,  0.8088,  0.7242],
       device='cuda:0'), gt_classes: tensor([ 5,  5,  5,  5,  5,  5,  5,  5, 15, 15, 15, 15, 15, 15, 15, 15, 15, 15,
        15, 15, 15, 15, 15, 15, 15, 15, 15, 15, 15, 15, 15, 15, 15, 15, 15, 15,
        15, 15, 15, 15, 15, 15, 15, 15, 15, 15, 15, 15, 15, 15, 15, 15, 15, 15,
        15, 15, 15, 15, 15, 15, 15, 15, 15, 15, 15, 15, 15, 15, 15, 15, 15, 15,
        15, 15, 15, 15, 15, 15, 15, 15, 15, 15, 15, 15, 15, 15, 15, 15, 15, 15,
        15, 15, 15, 15, 15, 15, 15, 15, 15, 15, 15, 15, 15, 15, 15, 15, 15, 15,
        15, 15, 15, 15, 15, 15, 15, 15, 15, 15, 15, 15, 15, 15, 15, 15, 15, 15,
        15, 15, 15, 15, 15, 15, 15, 15, 15, 15, 15, 15, 15, 15, 15, 15, 15, 15,
        15, 15, 15, 15, 15, 15, 15, 15, 15, 15, 15, 15, 15, 15, 15, 15, 15, 15,
        15, 15, 15, 15, 15, 15, 15, 15, 15, 15, 15, 15, 15, 15, 15, 15, 15, 15,
        15, 15, 15, 15, 15, 15, 15, 15, 15, 15, 15, 15, 15, 15, 15, 15, 15, 15,
        15, 15, 15, 15, 15, 15, 15, 15, 15, 15, 15, 15, 15, 15, 15, 15, 15, 15,
        15, 15, 15, 15, 15, 15, 15, 15, 15, 15, 15, 15, 15, 15, 15, 15, 15, 15,
        15, 15, 15, 15, 15, 15, 15, 15, 15, 15, 15, 15, 15, 15, 15, 15, 15, 15,
        15, 15, 15, 15, 15, 15, 15, 15, 15, 15, 15, 15, 15, 15, 15, 15, 15, 15,
        15, 15, 15, 15, 15, 15, 15, 15, 15, 15, 15, 15, 15, 15, 15, 15, 15, 15,
        15, 15, 15, 15, 15, 15, 15, 15, 15, 15, 15, 15, 15, 15, 15, 15, 15, 15,
        15, 15, 15, 15, 15, 15, 15, 15, 15, 15, 15, 15, 15, 15, 15, 15, 15, 15,
        15, 15, 15, 15, 15, 15, 15, 15, 15, 15, 15, 15, 15, 15, 15, 15, 15, 15,
        15, 15, 15, 15, 15, 15, 15, 15, 15, 15, 15, 15, 15, 15, 15, 15, 15, 15,
        15, 15, 15, 15, 15, 15, 15, 15, 15, 15, 15, 15, 15, 15, 15, 15, 15, 15,
        15, 15, 15, 15, 15, 15, 15, 15, 15, 15, 15, 15, 15, 15, 15, 15, 15, 15,
        15, 15, 15, 15, 15, 15, 15, 15, 15, 15, 15, 15, 15, 15, 15, 15, 15, 15,
        15, 15, 15, 15, 15, 15, 15, 15, 15, 15, 15, 15, 15, 15, 15, 15, 15, 15,
        15, 15, 15, 15, 15, 15, 15, 15, 15, 15, 15, 15, 15, 15, 15, 15, 15, 15,
        15, 15, 15, 15, 15, 15, 15, 15, 15, 15, 15, 15, 15, 15, 15, 15, 15, 15,
        15, 15, 15, 15, 15, 15, 15, 15, 15, 15, 15, 15, 15, 15, 15, 15, 15, 15,
        15, 15, 15, 15, 15, 15, 15, 15, 15, 15, 15, 15, 15, 15, 15, 15, 15, 15,
        15, 15, 15, 15, 15, 15, 15, 15], device='cuda:0'), gt_boxes: Boxes(tensor([[ 18.5800,  50.1530, 929.0000, 687.2823],
        [ 18.5800,  50.1530, 929.0000, 687.2823],
        [ 18.5800,  50.1530, 929.0000, 687.2823],
        ...,
        [ 18.5800,  50.1530, 929.0000, 687.2823],
        [ 18.5800,  50.1530, 929.0000, 687.2823],
        [ 18.5800,  50.1530, 929.0000, 687.2823]], device='cuda:0'))]), Instances(num_instances=512, image_height=608, image_width=913, fields=[proposal_boxes: Boxes(tensor([[680.0959, 175.2706, 728.6249, 244.2762],
        [886.5307, 160.7021, 913.0000, 294.7021],
        [872.8280, 173.4535, 913.0000, 284.8288],
        ...,
        [600.4194, 122.7785, 648.3313, 210.0058],
        [457.2166, 589.5624, 521.7267, 608.0000],
        [823.6501, 199.4055, 880.5527, 405.5930]], device='cuda:0')), objectness_logits: tensor([ 0.8137,  0.7628, 23.0259, 23.0259,  1.1551,  0.9752,  0.9551,  1.0462,
         1.0091,  0.8985,  0.8631, 23.0259,  0.7968, 23.0259,  0.7705,  0.7223,
        23.0259, 23.0259, 23.0259, 23.0259, 23.0259, 23.0259,  0.7405,  0.8182,
         1.0620,  0.7967, 23.0259,  0.9394,  0.8101,  0.7202, 23.0259,  0.9327,
         0.7840,  0.7814,  1.0069,  1.1970,  0.9793,  1.1004,  0.9757,  0.9029,
         0.9104,  0.7207,  0.8637,  1.0919,  0.7359,  0.9125,  0.8851,  0.8086,
         1.0754,  0.8320,  0.9571,  0.9186,  0.8258,  1.4369,  1.0539,  0.8372,
         0.9209,  1.2369,  0.9311,  0.8057,  0.8284,  0.7414,  1.0913,  0.8176,
         0.9767,  0.8433,  0.7202,  0.8424,  1.0032,  0.9784,  0.9250,  1.4716,
         0.7828,  0.9337,  0.9317,  0.9827,  0.8273,  0.8369,  0.8676,  0.8895,
         0.8898,  0.9060,  1.2219,  0.7922,  0.7467,  0.8254,  0.9387,  1.1582,
         0.8711,  0.9061,  0.9534,  0.8584,  0.7291,  0.8943,  1.2530,  0.7309,
         0.9385,  0.9066,  0.7470,  1.3399,  0.8653,  0.7963,  0.7359,  1.0515,
         0.9214,  1.0081,  1.2637,  0.8764,  0.7720,  0.8965,  1.1418,  0.8254,
         0.7339,  0.7975,  0.8774,  0.8305,  0.9100,  1.0546,  1.1813,  0.8896,
         1.1232,  0.9116,  0.9286,  0.9021,  1.6743,  0.8462,  1.2243,  0.7391,
         1.2688,  0.9691,  0.8425,  0.7381,  0.8579,  0.8338,  0.7949,  1.3107,
         0.7813,  1.3903,  0.8054,  0.7793,  0.7606,  0.7424,  1.2954,  0.9376,
         0.9251,  0.7258,  0.8396,  0.8326,  0.9242,  0.7215,  0.9610,  0.7365,
         0.8979,  0.7199,  0.9102,  1.0489,  0.7701,  0.7285,  0.7606,  0.7494,
         0.9751,  0.9368,  0.9488,  0.8746,  0.7440,  1.1200,  0.7248,  0.9030,
         0.9079,  0.7880,  0.8997,  0.8176,  1.2078,  1.4170,  1.0634,  1.0120,
         0.9948,  0.9534,  1.0627,  0.8255,  0.8790,  1.1314,  0.8350,  1.1469,
         0.9106,  0.9697,  0.7291,  1.0598,  0.8083,  0.7696,  0.9624,  0.7372,
         0.7771,  0.7494,  1.1728,  0.7425,  0.9542,  0.7773,  0.7508,  0.8761,
         0.7477,  0.7537,  0.7868,  0.9193,  0.7903,  1.0150,  0.7223,  1.0403,
         1.0646,  1.3725,  0.8262,  0.8402,  1.0134,  0.8212,  1.1633,  1.0405,
         1.1869,  0.8651,  0.8083,  0.7943,  1.0376,  0.7315,  1.1619,  0.8655,
         0.7962,  0.8858,  1.0067,  0.9887,  0.7824,  0.9597,  1.2453,  0.7282,
         0.7935,  1.2943,  0.7858,  0.7694,  1.3034,  0.8411,  0.9813,  1.0915,
         0.8836,  0.9080,  0.9781,  0.7898,  0.9551,  0.8671,  0.9561,  0.8934,
         0.7804,  0.9235,  1.1979,  0.9194,  0.8948,  1.1609,  0.8405,  0.7535,
         0.7397,  0.7534,  0.8834,  1.1215,  0.7734,  0.8537,  1.0973,  0.8224,
         0.7295,  0.8723,  0.8055,  0.8815,  0.9066,  0.7389,  0.7766,  0.8072,
         0.7618,  0.8959,  0.9293,  1.0466,  0.9187,  0.7269,  0.7860,  0.9481,
         0.7310,  0.9975,  0.7778,  1.0835,  0.7410,  0.9110,  0.8637,  0.9431,
         1.0326,  0.8031,  0.7884,  0.9459,  1.1493,  0.8589,  0.7346,  0.8408,
         1.1805,  0.7821,  1.0779,  1.0059,  1.0449,  0.9331,  0.8605,  0.7611,
         0.8739,  0.9278,  0.8108,  0.9384,  0.7768,  0.8468,  0.7561,  1.0335,
         0.8467,  1.1543,  0.7640,  1.0642,  0.9852,  1.1350,  0.7389,  0.7690,
         0.8161,  0.7989,  0.8402,  0.8434,  1.0266,  1.1166,  0.9372,  0.8719,
         0.8595,  0.9306,  0.8210,  0.8077,  1.1148,  0.8468,  0.7813,  1.6071,
         0.8351,  0.7786,  0.8701,  0.8853,  0.8376,  0.8319,  0.7377,  0.9069,
         0.8275,  0.8857,  0.7270,  0.9645,  1.0574,  0.9201,  0.7303,  0.7393,
         1.1457,  0.8007,  0.7452,  0.7969,  0.7481,  0.9168,  0.8373,  0.8275,
         1.0607,  0.7281,  0.8446,  0.9309,  0.9049,  0.8454,  0.7868,  1.1144,
         0.9037,  0.9085,  0.8712,  0.8395,  0.8024,  1.3648,  0.9011,  1.2870,
         0.7504,  0.9324,  1.1680,  0.7333,  0.8452,  0.7367,  0.9371,  0.8683,
         1.2544,  0.8423,  0.9341,  0.8255,  0.8244,  0.8863,  1.1048,  1.0150,
         0.8021,  0.9198,  0.9178,  0.7277,  1.0037,  0.8574,  0.7558,  0.8479,
         0.9292,  0.9809,  0.9575,  1.4840,  0.9565,  0.7788,  1.0850,  0.8277,
         0.8113,  0.8884,  0.7516,  0.8560,  0.8168,  0.9131,  0.9940,  0.9892,
         0.9603,  0.8347,  0.7932,  0.8216,  0.8486,  0.8852,  0.7985,  0.7795,
         0.8945,  1.3417,  1.0133,  0.8730,  1.2009,  0.7996,  0.8827,  1.0473,
         0.7827,  0.9871,  0.8175,  0.9193,  0.8440,  0.8989,  0.8116,  1.1624,
         1.0855,  0.9042,  1.1390,  0.7226,  0.7886,  0.8051,  0.7598,  0.9184,
         0.8769,  0.8452,  0.8697,  0.7635,  1.1609,  0.8296,  0.8403,  0.8569,
         1.1914,  0.7291,  0.9489,  1.0860,  0.8668,  0.7450,  0.8758,  0.8699,
         0.9765,  0.8440,  0.7866,  0.9186,  0.9001,  0.7873,  0.7221,  0.8178,
         1.1829,  0.8182,  0.9018,  0.9035,  0.8113,  0.8451,  0.9680,  0.8116,
         1.1613,  0.9575,  0.7293,  0.8681,  0.8026,  0.8345,  0.9041,  0.8612,
         1.0194,  0.7258,  0.8394,  0.8580,  0.7321,  0.7464,  0.7922,  0.8102,
         0.7601,  1.1335,  0.9357,  0.8102,  0.8783,  0.9311,  1.1579,  0.8101,
         0.8753,  0.9306,  0.8553,  0.7415,  0.7705,  0.9218,  0.8585,  0.7563],
       device='cuda:0'), gt_classes: tensor([10, 10, 10,  4,  4,  4,  4,  4,  4,  4,  4, 10,  4, 10,  4,  4,  4,  4,
         4,  4, 10, 10,  4, 10, 10,  4, 10,  4, 10,  4, 10,  4, 15, 15, 15, 15,
        15, 15, 15, 15, 15, 15, 15, 15, 15, 15, 15, 15, 15, 15, 15, 15, 15, 15,
        15, 15, 15, 15, 15, 15, 15, 15, 15, 15, 15, 15, 15, 15, 15, 15, 15, 15,
        15, 15, 15, 15, 15, 15, 15, 15, 15, 15, 15, 15, 15, 15, 15, 15, 15, 15,
        15, 15, 15, 15, 15, 15, 15, 15, 15, 15, 15, 15, 15, 15, 15, 15, 15, 15,
        15, 15, 15, 15, 15, 15, 15, 15, 15, 15, 15, 15, 15, 15, 15, 15, 15, 15,
        15, 15, 15, 15, 15, 15, 15, 15, 15, 15, 15, 15, 15, 15, 15, 15, 15, 15,
        15, 15, 15, 15, 15, 15, 15, 15, 15, 15, 15, 15, 15, 15, 15, 15, 15, 15,
        15, 15, 15, 15, 15, 15, 15, 15, 15, 15, 15, 15, 15, 15, 15, 15, 15, 15,
        15, 15, 15, 15, 15, 15, 15, 15, 15, 15, 15, 15, 15, 15, 15, 15, 15, 15,
        15, 15, 15, 15, 15, 15, 15, 15, 15, 15, 15, 15, 15, 15, 15, 15, 15, 15,
        15, 15, 15, 15, 15, 15, 15, 15, 15, 15, 15, 15, 15, 15, 15, 15, 15, 15,
        15, 15, 15, 15, 15, 15, 15, 15, 15, 15, 15, 15, 15, 15, 15, 15, 15, 15,
        15, 15, 15, 15, 15, 15, 15, 15, 15, 15, 15, 15, 15, 15, 15, 15, 15, 15,
        15, 15, 15, 15, 15, 15, 15, 15, 15, 15, 15, 15, 15, 15, 15, 15, 15, 15,
        15, 15, 15, 15, 15, 15, 15, 15, 15, 15, 15, 15, 15, 15, 15, 15, 15, 15,
        15, 15, 15, 15, 15, 15, 15, 15, 15, 15, 15, 15, 15, 15, 15, 15, 15, 15,
        15, 15, 15, 15, 15, 15, 15, 15, 15, 15, 15, 15, 15, 15, 15, 15, 15, 15,
        15, 15, 15, 15, 15, 15, 15, 15, 15, 15, 15, 15, 15, 15, 15, 15, 15, 15,
        15, 15, 15, 15, 15, 15, 15, 15, 15, 15, 15, 15, 15, 15, 15, 15, 15, 15,
        15, 15, 15, 15, 15, 15, 15, 15, 15, 15, 15, 15, 15, 15, 15, 15, 15, 15,
        15, 15, 15, 15, 15, 15, 15, 15, 15, 15, 15, 15, 15, 15, 15, 15, 15, 15,
        15, 15, 15, 15, 15, 15, 15, 15, 15, 15, 15, 15, 15, 15, 15, 15, 15, 15,
        15, 15, 15, 15, 15, 15, 15, 15, 15, 15, 15, 15, 15, 15, 15, 15, 15, 15,
        15, 15, 15, 15, 15, 15, 15, 15, 15, 15, 15, 15, 15, 15, 15, 15, 15, 15,
        15, 15, 15, 15, 15, 15, 15, 15, 15, 15, 15, 15, 15, 15, 15, 15, 15, 15,
        15, 15, 15, 15, 15, 15, 15, 15, 15, 15, 15, 15, 15, 15, 15, 15, 15, 15,
        15, 15, 15, 15, 15, 15, 15, 15], device='cuda:0'), gt_boxes: Boxes(tensor([[668.3160, 180.7568, 732.2260, 250.1381],
        [872.8280, 173.4535, 913.0000, 284.8288],
        [872.8280, 173.4535, 913.0000, 284.8288],
        ...,
        [608.0580, 171.6276, 693.8800, 220.9249],
        [ 31.0420, 199.0150, 774.2240, 549.5735],
        [819.8740, 195.3634, 913.0000, 266.5706]], device='cuda:0'))]), Instances(num_instances=512, image_height=629, image_width=1333, fields=[proposal_boxes: Boxes(tensor([[ 520.3077,  183.5758, 1105.4349,  438.9608],
        [ 564.9392,  190.4802, 1327.5332,  457.4700],
        [ 736.4965,  109.2876, 1311.9000,  395.4760],
        ...,
        [ 727.2080,    0.0000,  766.3988,   17.5941],
        [ 518.8704,  598.8867,  719.1470,  629.0000],
        [ 392.5975,  586.6219,  505.0074,  629.0000]], device='cuda:0')), objectness_logits: tensor([ 0.7252,  0.9331,  0.6988,  0.7206,  0.8835,  0.8616,  0.8315, 23.0259,
         0.8173,  0.8945, 23.0259, 23.0259,  0.9229,  0.8911,  0.9710,  0.7677,
         1.0268,  1.0399,  0.9007,  0.7943,  0.8116,  0.8288,  1.0751,  0.8089,
         0.6999,  0.8140,  0.8221,  0.8089,  0.9970,  0.7600,  0.8044,  1.0163,
         0.9011,  0.7647,  0.7327,  0.9185,  0.8266,  1.2772,  0.8450,  0.8416,
         0.6889,  0.6884,  0.9787,  0.8436,  0.8472,  0.8309,  1.1096,  0.9140,
         0.7521,  0.7176,  0.8020,  0.6939,  1.1675,  0.8293,  0.6999,  0.7911,
         0.7758,  0.7399,  0.7045,  0.8053,  0.7647,  0.8297,  0.8729,  0.6908,
         0.7674,  0.8451,  0.8434,  0.7188,  0.9504,  0.6887,  0.9724,  0.7011,
         0.9118,  0.8142,  0.8839,  0.9583,  0.7211,  0.6969,  0.7037,  0.8382,
         0.7636,  0.7196,  0.8284,  0.7781,  1.0479,  0.9056,  0.7568,  1.2972,
         0.9071,  0.7323,  0.7695,  0.7178,  0.7557,  0.6888,  0.9481,  0.8585,
         0.8053,  0.7653,  0.6976,  0.7142,  0.7254,  0.7412,  0.7539,  0.8320,
         0.7266,  0.9206,  0.7531,  0.8487,  0.7632,  0.8259,  0.9407,  0.9572,
         0.6984,  1.0202,  0.7645,  0.7307,  0.7227,  0.7967,  0.8473,  0.8892,
         0.8014,  0.8668,  0.7665,  0.7086,  0.7282,  0.8575,  0.7233,  0.9300,
         0.7263,  0.9438,  0.7553,  0.7322,  0.7126,  0.7146,  0.8206,  1.0195,
         0.7446,  0.7714,  0.8084,  0.9768,  0.8688,  0.9065,  1.0025,  0.7502,
         0.8250,  0.8113,  0.7244,  0.7994,  0.9142,  1.2040,  0.8950,  0.7290,
         0.8935,  0.8293,  0.9144,  0.7361,  0.7247,  0.8980,  0.7153,  0.7442,
         0.9812,  0.7460,  0.7013,  0.7073,  0.6972,  0.7123,  0.7642,  0.7447,
         1.0779,  0.8133,  0.8298,  0.7758,  0.8836,  0.9039,  0.7686,  1.0714,
         0.7417,  0.8649,  0.7125,  0.8962,  1.0512,  0.7259,  0.8565,  0.8854,
         0.9744,  0.8720,  0.7342,  0.8968,  0.7029,  0.8138,  0.8478,  0.6887,
         0.8216,  0.6836,  0.8643,  0.9913,  0.8613,  0.6911,  0.9026,  0.9656,
         0.7771,  0.8748,  0.6854,  0.8942,  0.8524,  0.7382,  0.9258,  0.8440,
         0.9387,  0.7951,  0.8247,  0.7366,  0.8180,  0.6879,  0.9654,  0.7135,
         0.8667,  0.7643,  0.8050,  0.9033,  0.8566,  0.7799,  0.8391,  0.7034,
         0.7556,  0.9645,  0.7621,  0.9765,  0.8825,  0.7114,  0.7698,  0.8597,
         0.7678,  0.7970,  0.7660,  1.0624,  0.7295,  0.8041,  0.7761,  0.7113,
         0.8282,  0.8173,  0.7122,  0.8827,  0.7294,  1.0757,  0.6970,  0.8315,
         0.8394,  1.0797,  0.8624,  0.7077,  0.8055,  0.8175,  0.9663,  0.7504,
         0.8589,  0.7195,  0.8992,  1.0092,  0.9378,  0.7332,  0.8120,  0.7480,
         0.7087,  0.6986,  0.7080,  0.7003,  0.7094,  0.9220,  0.7774,  0.8738,
         0.7828,  0.7200,  0.8196,  0.7124,  0.9798,  0.8135,  1.0860,  0.8679,
         0.6904,  0.7421,  0.8826,  0.9721,  0.9988,  1.0571,  0.9603,  0.7705,
         0.7441,  0.9558,  0.7643,  0.6915,  0.8948,  0.7699,  0.6842,  0.8538,
         0.7963,  0.7679,  0.7473,  0.8416,  1.2349,  0.7761,  0.9116,  0.7300,
         0.8258,  0.8514,  0.7303,  0.7169,  0.7410,  0.7013,  0.8074,  1.3079,
         0.6912,  0.9774,  0.7635,  0.8077,  0.7548,  0.8489,  1.0671,  0.6834,
         0.9037,  0.7595,  0.9094,  0.8094,  0.8211,  0.8852,  0.6960,  0.8360,
         0.8384,  0.8102,  0.6935,  0.9962,  0.7403,  0.9313,  0.8264,  0.8612,
         1.0202,  0.9003,  0.8874,  0.7865,  1.1005,  0.9590,  0.8144,  1.1597,
         0.8355,  0.9365,  0.8518,  0.7206,  0.8159,  0.8270,  1.1773,  0.8522,
         0.7072,  0.7653,  0.7203,  0.7841,  0.8078,  0.7216,  0.7122,  0.9625,
         0.8989,  0.6926,  0.8955,  0.7757,  0.7037,  0.8145,  0.7194,  0.7387,
         0.7158,  0.7007,  0.8123,  0.9549,  0.8256,  0.7277,  0.7768,  0.7001,
         0.6846,  0.7642,  0.8619,  0.7661,  0.8559,  1.0567,  0.8475,  0.7987,
         0.7714,  0.8873,  0.7405,  0.8886,  0.7107,  0.6835,  0.8435,  0.7141,
         0.7016,  0.8220,  0.8527,  0.9103,  0.7143,  0.9643,  0.7559,  0.6924,
         0.7031,  0.7033,  0.6842,  0.7878,  0.7033,  0.8169,  0.7743,  0.9197,
         1.2135,  1.0963,  0.7235,  0.8117,  0.9782,  1.0088,  0.7598,  1.0191,
         0.8061,  0.7197,  0.6967,  0.7168,  0.7050,  0.8474,  0.8255,  0.8789,
         0.7922,  0.7105,  0.8223,  0.8295,  0.7820,  0.8793,  0.7727,  1.0137,
         1.0286,  0.7075,  0.7491,  0.8807,  0.8675,  0.7122,  0.7139,  0.8602,
         0.7312,  0.6919,  0.7152,  0.7058,  1.0805,  1.2657,  0.8210,  0.9851,
         0.8360,  0.8147,  0.6982,  0.8275,  0.8107,  0.7572,  0.7872,  0.7772,
         0.8026,  0.8617,  0.7903,  0.7146,  0.6904,  0.7167,  0.9574,  0.8978,
         0.7286,  0.8619,  0.7860,  0.7884,  0.6998,  0.8540,  1.0536,  0.8530,
         0.8157,  0.8735,  0.8540,  0.7540,  0.8126,  0.8258,  0.7030,  0.8412,
         0.8265,  0.7376,  0.9062,  0.7145,  0.7499,  0.7622,  0.7057,  0.7232,
         0.7034,  0.8820,  0.7882,  0.6966,  0.7513,  0.8318,  0.8211,  0.7807,
         0.9589,  0.6858,  0.8214,  0.7387,  1.0020,  0.7834,  0.9357,  0.7369,
         0.7950,  0.8272,  0.8464,  0.7199,  1.0433,  0.6897,  0.8141,  0.7468],
       device='cuda:0'), gt_classes: tensor([ 0,  0,  0,  0,  0,  0,  0,  0,  0,  0,  0,  4,  0,  0,  0, 15, 15, 15,
        15, 15, 15, 15, 15, 15, 15, 15, 15, 15, 15, 15, 15, 15, 15, 15, 15, 15,
        15, 15, 15, 15, 15, 15, 15, 15, 15, 15, 15, 15, 15, 15, 15, 15, 15, 15,
        15, 15, 15, 15, 15, 15, 15, 15, 15, 15, 15, 15, 15, 15, 15, 15, 15, 15,
        15, 15, 15, 15, 15, 15, 15, 15, 15, 15, 15, 15, 15, 15, 15, 15, 15, 15,
        15, 15, 15, 15, 15, 15, 15, 15, 15, 15, 15, 15, 15, 15, 15, 15, 15, 15,
        15, 15, 15, 15, 15, 15, 15, 15, 15, 15, 15, 15, 15, 15, 15, 15, 15, 15,
        15, 15, 15, 15, 15, 15, 15, 15, 15, 15, 15, 15, 15, 15, 15, 15, 15, 15,
        15, 15, 15, 15, 15, 15, 15, 15, 15, 15, 15, 15, 15, 15, 15, 15, 15, 15,
        15, 15, 15, 15, 15, 15, 15, 15, 15, 15, 15, 15, 15, 15, 15, 15, 15, 15,
        15, 15, 15, 15, 15, 15, 15, 15, 15, 15, 15, 15, 15, 15, 15, 15, 15, 15,
        15, 15, 15, 15, 15, 15, 15, 15, 15, 15, 15, 15, 15, 15, 15, 15, 15, 15,
        15, 15, 15, 15, 15, 15, 15, 15, 15, 15, 15, 15, 15, 15, 15, 15, 15, 15,
        15, 15, 15, 15, 15, 15, 15, 15, 15, 15, 15, 15, 15, 15, 15, 15, 15, 15,
        15, 15, 15, 15, 15, 15, 15, 15, 15, 15, 15, 15, 15, 15, 15, 15, 15, 15,
        15, 15, 15, 15, 15, 15, 15, 15, 15, 15, 15, 15, 15, 15, 15, 15, 15, 15,
        15, 15, 15, 15, 15, 15, 15, 15, 15, 15, 15, 15, 15, 15, 15, 15, 15, 15,
        15, 15, 15, 15, 15, 15, 15, 15, 15, 15, 15, 15, 15, 15, 15, 15, 15, 15,
        15, 15, 15, 15, 15, 15, 15, 15, 15, 15, 15, 15, 15, 15, 15, 15, 15, 15,
        15, 15, 15, 15, 15, 15, 15, 15, 15, 15, 15, 15, 15, 15, 15, 15, 15, 15,
        15, 15, 15, 15, 15, 15, 15, 15, 15, 15, 15, 15, 15, 15, 15, 15, 15, 15,
        15, 15, 15, 15, 15, 15, 15, 15, 15, 15, 15, 15, 15, 15, 15, 15, 15, 15,
        15, 15, 15, 15, 15, 15, 15, 15, 15, 15, 15, 15, 15, 15, 15, 15, 15, 15,
        15, 15, 15, 15, 15, 15, 15, 15, 15, 15, 15, 15, 15, 15, 15, 15, 15, 15,
        15, 15, 15, 15, 15, 15, 15, 15, 15, 15, 15, 15, 15, 15, 15, 15, 15, 15,
        15, 15, 15, 15, 15, 15, 15, 15, 15, 15, 15, 15, 15, 15, 15, 15, 15, 15,
        15, 15, 15, 15, 15, 15, 15, 15, 15, 15, 15, 15, 15, 15, 15, 15, 15, 15,
        15, 15, 15, 15, 15, 15, 15, 15, 15, 15, 15, 15, 15, 15, 15, 15, 15, 15,
        15, 15, 15, 15, 15, 15, 15, 15], device='cuda:0'), gt_boxes: Boxes(tensor([[ 543.8640,  154.5847, 1226.3600,  415.7797],
        [ 543.8640,  154.5847, 1226.3600,  415.7797],
        [ 543.8640,  154.5847, 1226.3600,  415.7797],
        ...,
        [ 543.8640,  154.5847, 1226.3600,  415.7797],
        [ 543.8640,  154.5847, 1226.3600,  415.7797],
        [ 543.8640,  154.5847, 1226.3600,  415.7797]], device='cuda:0'))]), Instances(num_instances=512, image_height=800, image_width=1061, fields=[proposal_boxes: Boxes(tensor([[  57.5281,   50.7340,  612.5020,  473.0876],
        [  16.3779,  232.5406,  591.3539,  659.6494],
        [  67.8523,   23.4920,  520.9939,  658.3567],
        ...,
        [ 570.7510,   75.1246,  608.8344,  169.2818],
        [ 483.8171,   66.8079,  537.7263,  155.9476],
        [ 656.7764,  347.9914, 1061.0000,  721.6127]], device='cuda:0')), objectness_logits: tensor([ 0.8170,  0.9972,  0.7825,  0.7612,  0.7094,  0.8479,  0.8178,  0.8776,
         0.7187,  0.7889, 23.0259,  0.7632,  1.0503,  0.7356,  0.7268,  0.8863,
         0.7610,  0.7179,  0.8448,  0.7907,  0.7079,  0.8913,  0.8073,  0.7814,
         0.7455,  0.9289,  1.1014,  0.7129,  0.8466,  0.7984,  0.7238,  0.8481,
         1.0570,  0.7380,  0.8138,  0.7457,  0.7889,  0.9541,  0.9434,  1.2319,
         0.7611,  0.7644,  0.7418,  0.7315,  0.7120,  0.7894,  0.7294,  0.7415,
         0.7451,  0.8765,  0.7889,  0.7263,  0.7659,  0.7544,  0.8415,  0.8075,
         0.7507,  0.9593,  0.9945,  0.7759,  0.7827,  0.9060,  1.2428,  1.1053,
         0.9797,  0.8294,  0.9374,  0.8303,  0.8300,  0.8693,  0.7198,  0.7894,
         0.7233,  0.7338,  0.7289,  0.9720,  0.9127,  0.7112,  0.7815,  0.8071,
         1.0920,  0.8431,  0.7398,  0.7385,  0.8860,  0.7089,  0.8114,  0.7457,
         0.8850,  0.7507,  0.7845,  0.7139,  0.8266,  0.7536,  0.7141,  0.9357,
         0.9012,  0.9467,  0.9381,  0.8338,  0.8899,  0.7375,  0.7853,  0.7328,
         0.8397,  0.7906,  0.9826,  0.7198,  0.7350,  0.7061,  0.7849,  1.0079,
         0.7563,  0.7127,  0.7240,  0.7631,  0.8457,  0.7060,  0.8089,  0.7504,
         0.9287,  0.9630,  0.8262,  0.9400,  0.8190,  0.9498,  0.7184,  0.7821,
         0.7152,  0.7521,  0.7515,  0.7599,  0.7983,  0.8910,  0.7378,  0.8066,
         0.7362,  0.9408,  0.9197,  0.7237,  0.8107,  0.7805,  0.7208,  0.9749,
         0.7374,  0.7719,  1.1615,  0.7139,  0.7200,  0.8620,  0.9077,  0.8194,
         0.8148,  0.8079,  1.0178,  0.8451,  0.9397,  0.8763,  0.9742,  1.0528,
         0.7206,  0.7167,  1.0770,  1.1108,  0.7384,  0.9274,  0.8412,  0.7416,
         0.7338,  0.9017,  0.7991,  0.7632,  0.8512,  0.8618,  0.7842,  0.7537,
         1.1840,  0.8850,  0.9681,  0.9094,  1.2712,  0.7218,  0.7073,  0.7408,
         1.4554,  0.7106,  0.9625,  0.8487,  0.7446,  0.9333,  1.1593,  1.1089,
         0.9746,  0.7912,  0.8653,  0.7176,  0.8578,  0.8766,  0.7148,  0.9577,
         0.9055,  0.8442,  0.9697,  0.9791,  0.8625,  0.8197,  0.8481,  0.7811,
         0.7384,  0.9869,  0.7138,  1.0419,  0.9054,  0.7548,  0.7359,  0.9280,
         0.7344,  0.7795,  0.8303,  0.7965,  0.8094,  0.8126,  1.0073,  0.8148,
         1.0090,  0.8299,  0.9930,  0.8779,  1.0373,  0.7251,  1.0286,  0.8465,
         0.7822,  0.7532,  0.7751,  1.0600,  0.8495,  0.9947,  0.9023,  0.8069,
         0.8729,  1.1810,  0.8239,  0.9825,  1.0090,  0.7613,  0.9671,  0.8109,
         0.8750,  1.0108,  0.9045,  0.7888,  0.7067,  0.9114,  0.7902,  0.7973,
         1.1056,  1.0373,  0.8784,  0.8035,  1.1951,  1.0676,  0.8537,  0.7661,
         1.1736,  0.7304,  0.7798,  0.9026,  0.9976,  0.8589,  0.8083,  0.7546,
         0.8202,  1.3170,  0.9276,  0.8676,  0.9244,  0.8317,  0.7994,  1.2309,
         0.9747,  0.8976,  0.7312,  0.7816,  1.0094,  1.0201,  0.7560,  0.9745,
         0.9716,  0.9602,  0.7333,  1.1077,  0.7754,  0.9569,  0.7764,  0.8366,
         0.7522,  0.8077,  0.9084,  0.7413,  0.9465,  0.7304,  0.7086,  0.8651,
         0.9141,  0.7420,  0.8946,  1.0706,  1.0252,  0.8677,  0.9453,  0.9261,
         0.9308,  1.0751,  0.8133,  0.9124,  0.9485,  0.8571,  0.7182,  0.7717,
         0.9381,  0.9327,  0.8407,  0.9671,  0.8871,  0.8844,  1.0770,  0.8519,
         0.8004,  1.0162,  1.1063,  0.8349,  0.7831,  0.9782,  0.7926,  0.7457,
         0.7678,  0.8355,  0.7199,  1.1974,  0.7446,  0.9970,  0.9495,  1.2835,
         0.7150,  0.7969,  1.0930,  0.7865,  0.7940,  0.7369,  0.8706,  1.4176,
         0.8952,  1.4423,  0.9780,  0.7342,  0.7059,  0.7929,  1.0316,  0.8353,
         1.1226,  0.8560,  0.7694,  0.8113,  0.8109,  0.7061,  0.7508,  1.1856,
         1.0670,  0.7930,  0.8042,  0.7321,  0.9288,  0.9249,  0.7382,  0.8514,
         0.7838,  1.0616,  0.7573,  0.7592,  1.1692,  0.8025,  0.7255,  0.7262,
         0.7800,  0.9557,  0.8243,  0.7561,  0.7432,  1.0094,  1.3789,  0.8555,
         0.7251,  0.7877,  0.8785,  0.9117,  0.7557,  0.9444,  0.8294,  0.7866,
         0.7851,  0.7392,  0.7141,  0.7247,  0.8189,  0.8392,  0.8364,  1.1802,
         0.9161,  0.9604,  1.2046,  0.8774,  0.7613,  0.8914,  0.8602,  0.7156,
         1.0360,  0.8484,  0.9230,  0.7093,  0.8210,  0.7777,  1.0934,  0.8185,
         0.7779,  0.9071,  0.8540,  0.7274,  0.8436,  0.9413,  0.9136,  0.9049,
         0.7870,  0.8876,  0.7639,  0.7071,  1.0750,  0.7723,  0.7748,  0.8222,
         1.1360,  0.9288,  0.7318,  0.7878,  1.0162,  0.7602,  0.7478,  0.9665,
         0.7529,  0.8323,  0.8938,  0.9404,  0.7469,  0.8500,  0.7421,  1.3482,
         1.2063,  0.7857,  1.1191,  1.0056,  1.0511,  0.8618,  0.8564,  0.7338,
         0.8828,  0.7938,  0.8074,  0.7241,  0.8095,  0.7080,  0.8831,  0.8166,
         1.3659,  1.0284,  0.9172,  0.7375,  0.7127,  0.8028,  0.7782,  0.7893,
         0.7486,  0.8115,  0.8627,  0.9746,  0.8200,  0.7616,  0.8193,  1.0740,
         0.7408,  0.7463,  1.2671,  0.7619,  0.7293,  1.2452,  0.7917,  0.7342,
         0.7757,  0.7658,  0.7093,  0.7991,  0.7556,  0.8678,  0.7063,  0.8449,
         0.7526,  0.8378,  0.7160,  0.8555,  0.8152,  0.7892,  0.8803,  0.8535],
       device='cuda:0'), gt_classes: tensor([ 5,  5,  5,  5,  5,  5,  5,  5,  5,  5,  5, 15, 15, 15, 15, 15, 15, 15,
        15, 15, 15, 15, 15, 15, 15, 15, 15, 15, 15, 15, 15, 15, 15, 15, 15, 15,
        15, 15, 15, 15, 15, 15, 15, 15, 15, 15, 15, 15, 15, 15, 15, 15, 15, 15,
        15, 15, 15, 15, 15, 15, 15, 15, 15, 15, 15, 15, 15, 15, 15, 15, 15, 15,
        15, 15, 15, 15, 15, 15, 15, 15, 15, 15, 15, 15, 15, 15, 15, 15, 15, 15,
        15, 15, 15, 15, 15, 15, 15, 15, 15, 15, 15, 15, 15, 15, 15, 15, 15, 15,
        15, 15, 15, 15, 15, 15, 15, 15, 15, 15, 15, 15, 15, 15, 15, 15, 15, 15,
        15, 15, 15, 15, 15, 15, 15, 15, 15, 15, 15, 15, 15, 15, 15, 15, 15, 15,
        15, 15, 15, 15, 15, 15, 15, 15, 15, 15, 15, 15, 15, 15, 15, 15, 15, 15,
        15, 15, 15, 15, 15, 15, 15, 15, 15, 15, 15, 15, 15, 15, 15, 15, 15, 15,
        15, 15, 15, 15, 15, 15, 15, 15, 15, 15, 15, 15, 15, 15, 15, 15, 15, 15,
        15, 15, 15, 15, 15, 15, 15, 15, 15, 15, 15, 15, 15, 15, 15, 15, 15, 15,
        15, 15, 15, 15, 15, 15, 15, 15, 15, 15, 15, 15, 15, 15, 15, 15, 15, 15,
        15, 15, 15, 15, 15, 15, 15, 15, 15, 15, 15, 15, 15, 15, 15, 15, 15, 15,
        15, 15, 15, 15, 15, 15, 15, 15, 15, 15, 15, 15, 15, 15, 15, 15, 15, 15,
        15, 15, 15, 15, 15, 15, 15, 15, 15, 15, 15, 15, 15, 15, 15, 15, 15, 15,
        15, 15, 15, 15, 15, 15, 15, 15, 15, 15, 15, 15, 15, 15, 15, 15, 15, 15,
        15, 15, 15, 15, 15, 15, 15, 15, 15, 15, 15, 15, 15, 15, 15, 15, 15, 15,
        15, 15, 15, 15, 15, 15, 15, 15, 15, 15, 15, 15, 15, 15, 15, 15, 15, 15,
        15, 15, 15, 15, 15, 15, 15, 15, 15, 15, 15, 15, 15, 15, 15, 15, 15, 15,
        15, 15, 15, 15, 15, 15, 15, 15, 15, 15, 15, 15, 15, 15, 15, 15, 15, 15,
        15, 15, 15, 15, 15, 15, 15, 15, 15, 15, 15, 15, 15, 15, 15, 15, 15, 15,
        15, 15, 15, 15, 15, 15, 15, 15, 15, 15, 15, 15, 15, 15, 15, 15, 15, 15,
        15, 15, 15, 15, 15, 15, 15, 15, 15, 15, 15, 15, 15, 15, 15, 15, 15, 15,
        15, 15, 15, 15, 15, 15, 15, 15, 15, 15, 15, 15, 15, 15, 15, 15, 15, 15,
        15, 15, 15, 15, 15, 15, 15, 15, 15, 15, 15, 15, 15, 15, 15, 15, 15, 15,
        15, 15, 15, 15, 15, 15, 15, 15, 15, 15, 15, 15, 15, 15, 15, 15, 15, 15,
        15, 15, 15, 15, 15, 15, 15, 15, 15, 15, 15, 15, 15, 15, 15, 15, 15, 15,
        15, 15, 15, 15, 15, 15, 15, 15], device='cuda:0'), gt_boxes: Boxes(tensor([[ 38.1960,  95.4907, 700.2600, 655.7029],
        [ 38.1960,  95.4907, 700.2600, 655.7029],
        [ 38.1960,  95.4907, 700.2600, 655.7029],
        ...,
        [ 38.1960,  95.4907, 700.2600, 655.7029],
        [ 38.1960,  95.4907, 700.2600, 655.7029],
        [ 38.1960,  95.4907, 700.2600, 655.7029]], device='cuda:0'))]), Instances(num_instances=512, image_height=480, image_width=672, fields=[proposal_boxes: Boxes(tensor([[239.0892, 136.3255, 672.0000, 380.7798],
        [  0.0000, 134.4538, 672.0000, 354.9580],
        [  0.0000,  19.9750, 672.0000, 369.0551],
        ...,
        [398.8437, 142.1546, 480.0370, 359.6606],
        [299.8859,  33.8174, 395.2908, 116.5847],
        [  0.0000, 292.5301,  38.5952, 378.7448]], device='cuda:0')), objectness_logits: tensor([ 0.8541, 23.0259,  1.2887,  0.8843,  0.5503,  1.0321,  1.2139,  0.6545,
         0.7660,  0.8138,  0.6958,  0.5769,  0.6506,  0.5863,  0.6647,  0.5861,
         0.6606,  0.7073,  0.6253,  0.5962,  1.1340,  0.5429,  0.5889,  0.6543,
         0.8457,  0.5970,  0.6294,  0.7940,  0.6216,  0.5321,  1.3095,  0.7937,
         0.6481,  0.5442,  0.7795,  0.5649,  0.7246,  0.5973,  0.8160,  0.8732,
         0.5894,  0.7639,  1.0063,  0.7352,  0.6035,  0.7237,  0.6567,  0.8372,
         1.4089,  0.7549,  0.7601,  0.8036,  0.8911,  0.6971,  0.8659,  1.0698,
         0.5658,  0.7615,  0.5299,  0.8602,  0.5702,  0.5405,  0.6039,  0.7413,
         0.6216,  1.0721,  1.0094,  0.7674,  0.8261,  0.7115,  0.6459,  0.5863,
         0.7743,  0.6298,  0.9741,  0.7358,  0.6828,  0.9506,  0.8917,  1.0558,
         0.5323,  0.8989,  0.7219,  0.6144,  0.9399,  0.5399,  0.5747,  0.9875,
         0.6987,  0.6791,  1.1283,  0.7969,  0.5798,  0.9880,  0.8289,  1.0223,
         0.8023,  0.7192,  0.5772,  0.8965,  0.7310,  0.7322,  0.7568,  0.7231,
         1.0604,  0.7355,  0.8724,  0.7651,  0.5409,  0.5564,  0.9405,  0.7167,
         0.6565,  0.9391,  1.0997,  0.9364,  0.5994,  0.8609,  0.8473,  0.5834,
         0.7177,  0.5787,  1.0701,  0.6617,  0.5700,  0.7994,  0.5611,  0.8755,
         1.2591,  0.5553,  1.0663,  0.6551,  1.0664,  0.5631,  0.6186,  0.7143,
         0.7819,  0.6537,  0.7016,  0.6095,  0.7550,  0.8990,  0.8188,  0.7427,
         0.8693,  0.6658,  0.5972,  0.6317,  0.5359,  0.6813,  0.8196,  0.5313,
         0.5796,  0.9016,  0.7639,  0.5392,  0.6219,  0.6697,  1.1993,  1.0517,
         1.0546,  0.7606,  0.8242,  0.8139,  0.7524,  0.7443,  0.6631,  0.5419,
         0.8106,  0.8910,  0.7081,  0.9555,  0.5969,  0.6645,  0.5924,  0.6862,
         0.9807,  0.9557,  0.6800,  0.7124,  0.8035,  0.5507,  0.8680,  1.0009,
         0.6875,  0.5815,  0.8057,  0.6901,  0.7183,  0.9323,  0.8840,  0.8597,
         0.7122,  0.7785,  0.5950,  0.6219,  0.8897,  1.1027,  0.9101,  1.2201,
         0.5816,  0.8261,  0.7795,  0.6409,  0.8562,  0.5343,  0.7738,  0.5555,
         0.5401,  0.6685,  0.6646,  0.6550,  0.6508,  0.7698,  0.6342,  0.5627,
         0.6274,  0.6947,  0.6309,  0.9935,  0.6684,  0.6655,  0.7678,  0.8271,
         0.5525,  0.5543,  0.9163,  0.9053,  0.6646,  0.5986,  0.7996,  1.2666,
         1.1748,  0.6076,  0.9397,  0.8446,  0.5841,  0.8443,  0.8862,  0.5525,
         1.0658,  0.8501,  0.6358,  1.0703,  0.6477,  1.2256,  0.6084,  0.5635,
         0.9071,  0.6972,  0.6981,  0.5683,  0.9019,  0.8480,  0.8015,  0.6726,
         0.5512,  0.8985,  0.5682,  0.8108,  0.5777,  0.5586,  0.7902,  0.5563,
         0.8046,  0.6871,  0.5515,  0.7978,  0.7409,  0.7767,  0.6105,  0.7267,
         0.6117,  0.5347,  1.1332,  0.8817,  0.5543,  0.8952,  0.5302,  0.6722,
         1.0442,  0.6096,  0.6265,  0.7843,  0.5995,  0.8989,  0.6095,  0.5594,
         0.5976,  0.6475,  1.2620,  0.6829,  0.9060,  0.6327,  0.5263,  0.8281,
         1.0243,  0.6412,  0.6825,  0.6527,  0.8597,  1.0663,  0.9886,  0.6289,
         0.7830,  0.9535,  1.1208,  0.6281,  0.7699,  0.7112,  0.7913,  0.7813,
         0.6829,  0.7977,  0.6343,  0.5372,  0.7943,  0.5864,  0.6347,  0.9663,
         0.9531,  0.6633,  0.8866,  0.6805,  1.0120,  0.6292,  0.8086,  0.6441,
         0.7486,  0.6693,  0.7033,  0.6104,  0.6908,  0.8802,  0.5328,  0.5921,
         0.8358,  0.9139,  0.5894,  0.8542,  0.7990,  0.5295,  1.1838,  0.6440,
         0.7746,  0.6373,  0.5295,  0.5622,  0.5548,  0.7413,  0.8359,  0.5962,
         0.8574,  0.8172,  0.7293,  1.0663,  0.8878,  0.7671,  0.5506,  0.6695,
         0.7242,  0.6565,  0.5954,  1.3187,  0.8482,  0.6863,  0.5634,  0.9775,
         0.5693,  0.8678,  0.7608,  0.8162,  0.5613,  0.6792,  0.6865,  0.7574,
         0.5836,  0.8736,  0.7037,  0.5631,  0.7326,  0.9248,  0.5332,  0.5556,
         1.3638,  0.6171,  0.5633,  0.5573,  0.7758,  0.6855,  0.6699,  0.9426,
         1.0663,  0.5578,  0.7606,  0.6691,  1.0428,  0.7497,  1.0458,  0.5365,
         0.7484,  0.6412,  0.6175,  0.7212,  0.8762,  0.7476,  0.5444,  0.8822,
         0.6805,  0.7542,  0.5969,  0.8061,  0.8680,  0.7648,  1.0516,  0.6565,
         0.6497,  0.6931,  0.5334,  1.1135,  1.1168,  0.5296,  0.8061,  0.8400,
         0.5852,  0.5371,  0.5587,  0.8458,  0.7140,  1.1048,  0.5678,  0.6596,
         0.6264,  1.0246,  0.8854,  0.9323,  0.7480,  1.2250,  0.8130,  0.8469,
         0.6126,  1.0170,  0.8800,  0.7526,  0.7020,  1.1272,  0.7176,  0.5836,
         0.6059,  0.7035,  0.5764,  0.8913,  0.8715,  0.6924,  0.5287,  0.9512,
         0.5995,  1.0146,  0.5981,  0.5829,  0.6780,  0.7235,  1.0014,  0.9204,
         0.5870,  0.5830,  0.6404,  0.7586,  0.7828,  0.5905,  0.5254,  0.9769,
         0.6703,  0.7537,  0.7888,  0.7940,  0.5698,  0.5364,  0.7627,  1.5361,
         0.6048,  0.5802,  0.8033,  0.6508,  0.7518,  0.8470,  0.7137,  0.6488,
         0.9315,  0.5460,  0.6203,  0.7450,  0.5731,  0.8452,  0.7444,  0.6936,
         0.7444,  0.5915,  0.6598,  0.7470,  0.6795,  0.9414,  0.8005,  0.5674,
         0.7939,  0.7103,  0.8221,  0.5735,  0.7566,  0.7647,  0.7647,  0.8340],
       device='cuda:0'), gt_classes: tensor([ 0,  0,  0,  0,  0, 15, 15, 15, 15, 15, 15, 15, 15, 15, 15, 15, 15, 15,
        15, 15, 15, 15, 15, 15, 15, 15, 15, 15, 15, 15, 15, 15, 15, 15, 15, 15,
        15, 15, 15, 15, 15, 15, 15, 15, 15, 15, 15, 15, 15, 15, 15, 15, 15, 15,
        15, 15, 15, 15, 15, 15, 15, 15, 15, 15, 15, 15, 15, 15, 15, 15, 15, 15,
        15, 15, 15, 15, 15, 15, 15, 15, 15, 15, 15, 15, 15, 15, 15, 15, 15, 15,
        15, 15, 15, 15, 15, 15, 15, 15, 15, 15, 15, 15, 15, 15, 15, 15, 15, 15,
        15, 15, 15, 15, 15, 15, 15, 15, 15, 15, 15, 15, 15, 15, 15, 15, 15, 15,
        15, 15, 15, 15, 15, 15, 15, 15, 15, 15, 15, 15, 15, 15, 15, 15, 15, 15,
        15, 15, 15, 15, 15, 15, 15, 15, 15, 15, 15, 15, 15, 15, 15, 15, 15, 15,
        15, 15, 15, 15, 15, 15, 15, 15, 15, 15, 15, 15, 15, 15, 15, 15, 15, 15,
        15, 15, 15, 15, 15, 15, 15, 15, 15, 15, 15, 15, 15, 15, 15, 15, 15, 15,
        15, 15, 15, 15, 15, 15, 15, 15, 15, 15, 15, 15, 15, 15, 15, 15, 15, 15,
        15, 15, 15, 15, 15, 15, 15, 15, 15, 15, 15, 15, 15, 15, 15, 15, 15, 15,
        15, 15, 15, 15, 15, 15, 15, 15, 15, 15, 15, 15, 15, 15, 15, 15, 15, 15,
        15, 15, 15, 15, 15, 15, 15, 15, 15, 15, 15, 15, 15, 15, 15, 15, 15, 15,
        15, 15, 15, 15, 15, 15, 15, 15, 15, 15, 15, 15, 15, 15, 15, 15, 15, 15,
        15, 15, 15, 15, 15, 15, 15, 15, 15, 15, 15, 15, 15, 15, 15, 15, 15, 15,
        15, 15, 15, 15, 15, 15, 15, 15, 15, 15, 15, 15, 15, 15, 15, 15, 15, 15,
        15, 15, 15, 15, 15, 15, 15, 15, 15, 15, 15, 15, 15, 15, 15, 15, 15, 15,
        15, 15, 15, 15, 15, 15, 15, 15, 15, 15, 15, 15, 15, 15, 15, 15, 15, 15,
        15, 15, 15, 15, 15, 15, 15, 15, 15, 15, 15, 15, 15, 15, 15, 15, 15, 15,
        15, 15, 15, 15, 15, 15, 15, 15, 15, 15, 15, 15, 15, 15, 15, 15, 15, 15,
        15, 15, 15, 15, 15, 15, 15, 15, 15, 15, 15, 15, 15, 15, 15, 15, 15, 15,
        15, 15, 15, 15, 15, 15, 15, 15, 15, 15, 15, 15, 15, 15, 15, 15, 15, 15,
        15, 15, 15, 15, 15, 15, 15, 15, 15, 15, 15, 15, 15, 15, 15, 15, 15, 15,
        15, 15, 15, 15, 15, 15, 15, 15, 15, 15, 15, 15, 15, 15, 15, 15, 15, 15,
        15, 15, 15, 15, 15, 15, 15, 15, 15, 15, 15, 15, 15, 15, 15, 15, 15, 15,
        15, 15, 15, 15, 15, 15, 15, 15, 15, 15, 15, 15, 15, 15, 15, 15, 15, 15,
        15, 15, 15, 15, 15, 15, 15, 15], device='cuda:0'), gt_boxes: Boxes(tensor([[  0.0000, 134.4538, 672.0000, 354.9580],
        [  0.0000, 134.4538, 672.0000, 354.9580],
        [  0.0000, 134.4538, 672.0000, 354.9580],
        ...,
        [  0.0000, 134.4538, 672.0000, 354.9580],
        [  0.0000, 134.4538, 672.0000, 354.9580],
        [  0.0000, 134.4538, 672.0000, 354.9580]], device='cuda:0'))])]