-3.965181410312652588e-01
4.866922274231910706e-02
-2.147482186555862427e-01
-4.007488489151000977e-02
-5.580000281333923340e-01
-6.864521652460098267e-02
-6.745621562004089355e-02
1.805936694145202637e-01
-2.465918660163879395e-01
-1.180628895759582520e+00
6.090111285448074341e-02
1.389395594596862793e-01
-3.441365659236907959e-01
7.361587882041931152e-02
-1.617022417485713959e-02
-2.130402475595474243e-01
-3.768266737461090088e-01
4.774144589900970459e-01
2.643728852272033691e-01
-3.688997589051723480e-03
-2.820599973201751709e-01
-1.814635545015335083e-01
-6.093332543969154358e-02
1.947226673364639282e-01
-1.213186606764793396e-01
2.134022116661071777e-01
1.843155324459075928e-01
9.185506403446197510e-02
4.165492355823516846e-01
-3.731528520584106445e-01
-9.982444345951080322e-02
3.405562043190002441e-01
-8.798933029174804688e-02
-2.566144987940788269e-02
-6.318855881690979004e-01
9.132155776023864746e-02
2.637577652931213379e-01
-4.032544195652008057e-01
-2.492388933897018433e-01
2.421749979257583618e-01
-6.517077982425689697e-02
2.805952131748199463e-01
-3.780644536018371582e-01
6.920293569564819336e-01
-2.568546831607818604e-01
-2.030805796384811401e-01
2.219779938459396362e-01
-2.890553139150142670e-02
-7.602890953421592712e-03
2.332222089171409607e-02
1.409427821636199951e-01
1.966297775506973267e-01
-3.662867844104766846e-02
1.476796716451644897e-01
-1.463787397369742393e-03
3.000936210155487061e-01
1.900334097445011139e-02
-3.066329518333077431e-03
2.865556161850690842e-03
-5.420221686363220215e-01
3.814238607883453369e-01
1.499709933996200562e-01
2.230087667703628540e-01
1.859033405780792236e-01
-1.703798025846481323e-01
-1.573755592107772827e-01
-1.941440999507904053e-01
7.164721935987472534e-02
3.364785611629486084e-01
-1.845084130764007568e-01
-2.339737713336944580e-01
3.840611279010772705e-01
3.067589104175567627e-01
1.241966784000396729e-01
-4.590800106525421143e-01
-1.199273299425840378e-02
2.099166661500930786e-01
-1.196366362273693085e-02
-1.724111139774322510e-01
-4.028810933232307434e-02
-8.462522178888320923e-02
2.011954337358474731e-01
1.573983281850814819e-01
-3.448197841644287109e-01
2.969599962234497070e-01
2.674888260662555695e-02
-1.866210997104644775e-02
4.177070260047912598e-01
1.254524588584899902e-01
-1.094498783349990845e-01
-5.208509415388107300e-02
6.226415932178497314e-02
-3.302661180496215820e-01
-5.933133363723754883e-01
4.052355587482452393e-01
-5.441255867481231689e-02
-3.630777820944786072e-02
-3.022075891494750977e-01
2.202028930187225342e-01
-4.073495566844940186e-01
-2.865444719791412354e-01
8.088118582963943481e-02
3.788015618920326233e-02
1.736458763480186462e-02
-1.862266659736633301e-01
-3.578744530677795410e-01
-1.990444585680961609e-02
2.077563405036926270e-01
4.111222550272941589e-02
-7.877221703529357910e-02
-1.229416653513908386e-01
-2.169233560562133789e-02
1.105261147022247314e-01
1.683597862720489502e-01
1.194274425506591797e-01
-8.344098925590515137e-02
-1.125933304429054260e-01
2.549593746662139893e-01
4.446444287896156311e-02
-2.911690175533294678e-01
4.401766359806060791e-01
-1.108786687254905701e-01
6.072644516825675964e-02
-1.219699904322624207e-01
6.383778154850006104e-02
8.703999221324920654e-02
-1.223663450218737125e-03
9.956670925021171570e-03
-1.990866661071777344e-01
-1.273028850555419922e-01
6.689354777336120605e-02
-6.693357974290847778e-02
-5.799599885940551758e-01
2.163431197404861450e-01
6.096008047461509705e-02
-2.262905687093734741e-01
8.860178291797637939e-02
-6.763222813606262207e-02
3.691677749156951904e-01
-4.366422072052955627e-02
-1.658022105693817139e-01
3.053704798221588135e-01
1.175208911299705505e-01
-2.346048951148986816e-01
-3.600383400917053223e-01
-2.142717838287353516e-01
-1.178855523467063904e-01
-2.266042232513427734e-01
2.681500017642974854e-01
7.852216367609798908e-04
4.159452021121978760e-01
-2.298666685819625854e-01
4.764255508780479431e-02
-1.969507783651351929e-01
2.042367756366729736e-01
4.344483313616365194e-04
3.797288835048675537e-01
-4.982255399227142334e-02
4.215644299983978271e-02
-5.721888318657875061e-02
-2.568888291716575623e-02
-1.393807828426361084e-01
-1.503705531358718872e-01
-6.649485975503921509e-02
-2.672174572944641113e-01
1.907181590795516968e-01
-1.279598921537399292e-01
-2.418777719140052795e-02
-1.472618803381919861e-02
1.926313191652297974e-01
2.140411362051963806e-02
2.254836559295654297e-01
-2.986355721950531006e-01
7.044867277145385742e-01
5.925556644797325134e-03
-1.666967719793319702e-01
-2.539361119270324707e-01
-2.148018926382064819e-01
2.767402231693267822e-01
2.621310949325561523e-01
-1.592822223901748657e-01
3.865678906440734863e-01
-2.005684375762939453e-01
-5.133732780814170837e-02
-3.658658862113952637e-01
-3.938599824905395508e-01
-2.835556566715240479e-01
1.501961052417755127e-01
2.622081041336059570e-01
2.566622197628021240e-01
4.029917716979980469e-01
1.748977750539779663e-01
1.267898827791213989e-01
3.139302134513854980e-01
-2.492197901010513306e-01
1.333282291889190674e-01
2.866400182247161865e-01
-4.916933178901672363e-02
-3.132344484329223633e-01
-2.997919619083404541e-01
6.076877117156982422e-01
-3.190444782376289368e-02
2.707379162311553955e-01
3.145122528076171875e-01
2.049295455217361450e-01
-4.447806775569915771e-01
-4.124399721622467041e-01
2.528162300586700439e-01
1.488344520330429077e-01
-3.004023134708404541e-01
-5.919862389564514160e-01
1.852339366450905800e-03
-2.128400281071662903e-02
4.385666549205780029e-01
-4.128334820270538330e-01
8.576444536447525024e-02
1.490102410316467285e-01
-5.155667290091514587e-02
-2.242755591869354248e-01
-1.256044507026672363e-01
-1.012786198407411575e-02
1.325884014368057251e-01
1.451578885316848755e-01
2.508206665515899658e-01
6.644458323717117310e-02
-5.677946284413337708e-02
1.988266967236995697e-02
1.539838910102844238e-01
1.778276562690734863e-01
1.718621999025344849e-01
-5.552921444177627563e-02
3.727833330631256104e-01
-2.843317762017250061e-02
-3.543936610221862793e-01
4.352439939975738525e-01
4.085445031523704529e-02
-1.302602291107177734e-01
-8.753622323274612427e-02
3.978533297777175903e-02
2.111256271600723267e-01
-1.557245552539825439e-01
-3.760062158107757568e-01
3.467711433768272400e-02
-8.959556370973587036e-02
-2.106262445449829102e-01
-1.173411086201667786e-01
1.719127744436264038e-01
-7.741776853799819946e-02
-4.356966540217399597e-02
2.134847640991210938e-01
-1.839593350887298584e-01
1.765516549348831177e-01
-1.956604272127151489e-01
-3.039224147796630859e-01
-5.233222618699073792e-02
-1.712923347949981689e-01
2.240666374564170837e-02
-3.683154582977294922e-01
2.283648848533630371e-01
2.327855676412582397e-01
3.462389111518859863e-01
-2.896720170974731445e-01
-1.242533698678016663e-02
-1.078342199325561523e-01
-1.790422201156616211e-01
-1.356837749481201172e-01
4.962600171566009521e-01
2.140891999006271362e-01
3.488033711910247803e-01
4.502977728843688965e-01
-3.179004788398742676e-01
-3.670767545700073242e-01
2.466350197792053223e-01
-3.831944465637207031e-01
-2.526789009571075439e-01
3.378433585166931152e-01
-8.817059993743896484e-01
3.757455572485923767e-02
3.772343695163726807e-02
4.090622439980506897e-02
-3.362663388252258301e-01
-1.817064434289932251e-01
-4.999481737613677979e-01
-2.772441208362579346e-01
1.429642289876937866e-01
-1.297591030597686768e-01
-7.823998481035232544e-02
1.460264325141906738e-01
2.702507674694061279e-01
2.717567980289459229e-01
-1.389284580945968628e-01
-3.334177285432815552e-02
-1.899321228265762329e-01
-4.728333279490470886e-02
2.139022350311279297e-01
1.753722280263900757e-01
3.338655233383178711e-01
-5.357351303100585938e-01
-2.574726641178131104e-01
2.701666019856929779e-02
