-3.696150183677673340e-01
7.170912623405456543e-02
-1.582717448472976685e-01
-7.279387861490249634e-02
-5.131187438964843750e-01
-1.104369983077049255e-01
-1.761687546968460083e-02
1.360478848218917847e-01
-1.720526367425918579e-01
-1.309052586555480957e+00
1.349851340055465698e-01
8.664925396442413330e-02
-3.367731571197509766e-01
1.015216112136840820e-01
-1.311774924397468567e-02
-1.339560300111770630e-01
-3.373362720012664795e-01
3.681220412254333496e-01
2.315421402454376221e-01
-6.978512555360794067e-02
-2.069624960422515869e-01
-1.098394989967346191e-01
-6.248149275779724121e-02
1.393396407365798950e-01
-1.785460114479064941e-01
1.514174938201904297e-01
6.803485006093978882e-02
1.030443981289863586e-02
3.111728727817535400e-01
-2.210406959056854248e-01
-1.098616272211074829e-01
3.407957553863525391e-01
-1.294140070676803589e-01
-8.632625639438629150e-02
-8.056024909019470215e-01
1.625449955463409424e-01
1.963675022125244141e-01
-2.982725203037261963e-01
-2.148912250995635986e-01
3.072156310081481934e-01
2.752962708473205566e-02
1.704450100660324097e-01
-3.206717371940612793e-01
4.801204800605773926e-01
-2.209607511758804321e-01
-1.767095029354095459e-01
1.839702576398849487e-01
-2.952399849891662598e-02
-5.741001106798648834e-03
6.608124077320098877e-02
1.528781354427337646e-01
8.945223689079284668e-02
-6.146474927663803101e-02
7.009087502956390381e-02
-2.793675288558006287e-02
2.598365545272827148e-01
9.315501153469085693e-02
5.003874748945236206e-02
1.869462430477142334e-01
-3.945250213146209717e-01
4.691937267780303955e-01
1.601312607526779175e-01
2.345861047506332397e-01
1.852462589740753174e-01
-1.860883831977844238e-01
-3.085299730300903320e-01
-2.288071066141128540e-01
-2.738907933235168457e-03
3.278946280479431152e-01
-2.563057243824005127e-01
-1.624479889869689941e-01
3.627069890499114990e-01
2.341712564229965210e-01
1.943587660789489746e-01
-3.718324899673461914e-01
-6.717946380376815796e-03
1.228562593460083008e-01
1.326258629560470581e-01
-2.265074998140335083e-01
-5.796913057565689087e-02
-9.321687370538711548e-02
1.337161213159561157e-01
2.394256293773651123e-01
-2.941797375679016113e-01
3.855662345886230469e-01
1.760499924421310425e-02
-4.148712009191513062e-02
5.089062452316284180e-01
1.087252497673034668e-01
-6.302861869335174561e-02
4.923646338284015656e-03
1.523448377847671509e-01
-3.782831430435180664e-01
-5.692687630653381348e-01
3.552910685539245605e-01
-8.179122582077980042e-03
1.849124580621719360e-02
-1.959647685289382935e-01
1.690188646316528320e-01
-3.941870033740997314e-01
-2.805030047893524170e-01
6.553670763969421387e-02
-2.832365967333316803e-02
-6.417358666658401489e-02
-2.906550168991088867e-01
-3.078637421131134033e-01
2.033750154078006744e-02
1.607321202754974365e-01
-5.260249972343444824e-02
-1.057875342667102814e-02
-7.038737088441848755e-02
-1.204169988632202148e-01
1.284437477588653564e-01
8.790849149227142334e-02
1.509860008955001831e-01
3.332386910915374756e-02
-4.786375164985656738e-02
1.429718136787414551e-01
4.466012492775917053e-02
-2.388063818216323853e-01
3.771445155143737793e-01
-5.825349316000938416e-02
8.844950050115585327e-02
-8.249874413013458252e-02
5.921199545264244080e-02
5.885950475931167603e-02
8.610463887453079224e-02
9.239625185728073120e-02
-1.384018659591674805e-01
-8.037124574184417725e-02
1.047987416386604309e-01
-9.964777529239654541e-02
-5.012627243995666504e-01
1.808543801307678223e-01
4.299009218811988831e-02
-1.460175067186355591e-01
-2.506624907255172729e-02
-1.016409993171691895e-01
3.801290094852447510e-01
3.672175481915473938e-02
-1.516427546739578247e-01
4.127150177955627441e-01
1.553849875926971436e-01
-1.350429952144622803e-01
-3.553141355514526367e-01
-1.779197007417678833e-01
-7.531999796628952026e-02
-2.329656183719635010e-01
2.649362683296203613e-01
3.060424886643886566e-02
2.597713768482208252e-01
-1.968286335468292236e-01
8.014412969350814819e-02
-1.900861263275146484e-01
1.671192497014999390e-01
2.656251192092895508e-03
3.139487206935882568e-01
-8.076786994934082031e-02
1.515560001134872437e-01
-4.468874633312225342e-02
-5.158612504601478577e-02
-1.985871344804763794e-01
-2.576925158500671387e-01
-6.961409747600555420e-02
-1.655863821506500244e-01
2.025095969438552856e-01
-4.475913196802139282e-02
9.213037043809890747e-02
5.339428037405014038e-02
1.497385054826736450e-01
7.504086941480636597e-02
1.054741293191909790e-01
-2.599149942398071289e-01
5.367324948310852051e-01
-6.324625015258789062e-02
-8.200749754905700684e-02
-2.350424975156784058e-01
-1.581696271896362305e-01
2.973029911518096924e-01
2.863649725914001465e-01
-7.283250242471694946e-02
3.026008605957031250e-01
-1.217557564377784729e-01
-6.871687620878219604e-02
-2.708006203174591064e-01
-3.980674743652343750e-01
-2.437501251697540283e-01
2.760861814022064209e-01
2.520653903484344482e-01
3.310700058937072754e-01
3.159382641315460205e-01
1.634721308946609497e-01
1.605685651302337646e-01
2.137615084648132324e-01
-1.882224977016448975e-01
1.965299434959888458e-02
2.182477563619613647e-01
5.105024948716163635e-02
-2.873612642288208008e-01
-2.806692421436309814e-01
8.079849481582641602e-01
-1.117300018668174744e-01
3.262667953968048096e-01
2.545349895954132080e-01
1.831207573413848877e-01
-3.437744975090026855e-01
-4.064480066299438477e-01
1.921845078468322754e-01
1.204412579536437988e-01
-2.060762494802474976e-01
-5.650745034217834473e-01
-5.372162163257598877e-02
-5.683012306690216064e-02
3.891571462154388428e-01
-4.395167231559753418e-01
1.433483660221099854e-01
8.026430010795593262e-02
-2.569937892258167267e-02
-1.610837578773498535e-01
-1.995962560176849365e-01
5.684003233909606934e-02
1.463638097047805786e-01
5.778387188911437988e-02
1.846320033073425293e-01
9.241428971290588379e-02
2.150112763047218323e-02
1.087940186262130737e-01
1.111622527241706848e-01
1.297099888324737549e-01
1.562630534172058105e-01
-8.355874568223953247e-02
2.344402521848678589e-01
7.047018408775329590e-02
-4.321716427803039551e-01
3.344720005989074707e-01
1.577750146389007568e-01
-6.838874518871307373e-02
-5.230449885129928589e-02
5.359599739313125610e-02
2.017500847578048706e-01
-1.197349280118942261e-02
-3.164648711681365967e-01
-8.148748427629470825e-03
-5.080749839544296265e-02
-2.311629801988601685e-01
-1.895082443952560425e-01
1.862446367740631104e-01
-8.185850083827972412e-02
-1.090593785047531128e-01
1.387353688478469849e-01
-2.383504956960678101e-01
1.271833777427673340e-01
-1.957077383995056152e-01
-3.470632135868072510e-01
9.155999869108200073e-02
-4.553138464689254761e-02
-1.664125174283981323e-02
-3.634037673473358154e-01
2.448057383298873901e-01
2.488125115633010864e-01
2.608987390995025635e-01
-2.122460007667541504e-01
-3.053937852382659912e-02
-1.881987974047660828e-02
-1.830499917268753052e-01
-1.171664968132972717e-01
4.138149917125701904e-01
2.471653670072555542e-01
4.576075077056884766e-01
4.646637141704559326e-01
-1.961104869842529297e-01
-3.564601242542266846e-01
2.012931257486343384e-01
-3.106994926929473877e-01
-1.998152583837509155e-01
2.997875213623046875e-01
-1.061540484428405762e+00
7.601825147867202759e-02
1.604401320219039917e-01
3.592877648770809174e-03
-3.495350182056427002e-01
-2.809655070304870605e-01
-3.540803194046020508e-01
-2.694521248340606689e-01
2.495598979294300079e-02
-5.047899857163429260e-02
-2.117112427949905396e-01
1.728206574916839600e-01
2.107174694538116455e-01
1.656462848186492920e-01
-1.416490674018859863e-01
-1.196490079164505005e-01
-1.377186179161071777e-01
-2.847498282790184021e-03
2.222349941730499268e-01
2.128150165081024170e-01
3.384462296962738037e-01
-4.373482465744018555e-01
-1.492367535829544067e-01
2.025075256824493408e-01
