-4.266459941864013672e-01
1.413138061761856079e-01
-8.017840236425399780e-02
6.530020385980606079e-02
-5.984619855880737305e-01
-1.452561914920806885e-01
1.577000692486763000e-02
4.399015903472900391e-01
-2.399100065231323242e-01
-1.266197919845581055e+00
1.085806041955947876e-01
2.925326228141784668e-01
-2.371995896100997925e-01
7.062393240630626678e-03
-7.215879857540130615e-02
-2.925380170345306396e-01
-3.093659877777099609e-01
3.840159773826599121e-01
3.666960299015045166e-01
-8.060039579868316650e-02
-2.985399961471557617e-01
-2.334351986646652222e-01
1.337759941816329956e-01
8.864540606737136841e-02
-8.636009879410266876e-03
1.993199884891510010e-01
3.294000029563903809e-02
2.002619951963424683e-01
2.783498167991638184e-01
-2.458030879497528076e-01
-1.561359912157058716e-01
3.514152169227600098e-01
9.493960440158843994e-02
1.855300068855285645e-01
-6.521700620651245117e-01
3.338000178337097168e-02
1.986999809741973877e-01
-3.686400055885314941e-01
-1.133839935064315796e-01
2.499819993972778320e-01
-2.291200160980224609e-01
4.618939757347106934e-01
-5.338360071182250977e-01
6.072614192962646484e-01
-4.113132059574127197e-01
-2.204499989748001099e-01
1.714220046997070312e-01
1.371099986135959625e-02
-1.324160210788249969e-02
-1.619559973478317261e-01
2.463889867067337036e-01
1.347567588090896606e-01
4.899020120501518250e-02
3.646679595112800598e-02
-1.566963940858840942e-01
4.311180114746093750e-01
1.837480217218399048e-01
2.242400310933589935e-02
1.023000031709671021e-01
-4.425680041313171387e-01
4.302000105381011963e-01
3.300865888595581055e-01
8.865759521722793579e-02
2.677090167999267578e-01
-2.343879938125610352e-01
-2.873299717903137207e-01
-4.749040007591247559e-01
-5.974300578236579895e-02
2.106447964906692505e-01
-2.108056098222732544e-01
-7.559739053249359131e-02
5.266379714012145996e-01
5.553140044212341309e-01
1.558959931135177612e-01
-4.995539784431457520e-01
2.801967784762382507e-02
3.601459860801696777e-01
-1.720028072595596313e-01
-1.596539914608001709e-01
1.800039783120155334e-02
-1.407842040061950684e-01
1.559616029262542725e-01
-8.175360411405563354e-02
-2.026855945587158203e-01
4.423959851264953613e-01
3.327599912881851196e-02
1.333725899457931519e-01
3.835720121860504150e-01
1.866348087787628174e-01
-2.076383829116821289e-01
1.077686101198196411e-01
-2.322825230658054352e-02
-3.923540115356445312e-01
-5.037699937820434570e-01
4.041439890861511230e-01
-4.622120037674903870e-02
-2.697992371395230293e-03
-2.234766036272048950e-01
2.685771882534027100e-01
-5.030275583267211914e-01
-5.378240346908569336e-01
1.927600204944610596e-01
-9.806785732507705688e-02
-7.580003235489130020e-03
-2.857959866523742676e-01
-4.405960142612457275e-01
7.788199931383132935e-02
2.381583899259567261e-01
-4.750800132751464844e-02
5.037199333310127258e-02
-2.063767910003662109e-01
-2.664032280445098877e-01
8.085139840841293335e-02
1.935137808322906494e-01
2.525559961795806885e-01
-1.066475957632064819e-01
1.311459988355636597e-01
1.961373984813690186e-01
6.330219656229019165e-02
-1.987102031707763672e-01
4.076680243015289307e-01
-4.268139973282814026e-02
2.395196259021759033e-01
1.150000654160976410e-02
3.929560258984565735e-02
2.681600153446197510e-01
-8.179400116205215454e-02
-9.842002764344215393e-03
-2.331469953060150146e-01
-1.219159960746765137e-01
1.083999872207641602e-03
7.190001197159290314e-03
-7.415500283241271973e-01
1.463811993598937988e-01
7.536286022514104843e-03
-1.092780008912086487e-01
-1.180359944701194763e-01
-9.312000125646591187e-02
3.496900200843811035e-01
-2.861639857292175293e-02
-9.261999279260635376e-02
5.383540391921997070e-01
2.686999738216400146e-01
-2.143294066190719604e-01
-4.316832125186920166e-01
-1.762625873088836670e-01
-9.041379392147064209e-02
-1.921412050724029541e-01
3.960120081901550293e-01
9.860239923000335693e-02
3.647261559963226318e-01
-1.435360014438629150e-01
2.990439906716346741e-02
-1.616403907537460327e-01
2.301807850599288940e-01
-1.188169941306114197e-01
2.783319950103759766e-01
-6.762199848890304565e-02
1.150377988815307617e-01
5.016598850488662720e-02
2.836799621582031250e-02
-3.621604144573211670e-01
-2.163979709148406982e-01
-1.178855672478675842e-01
-3.835496008396148682e-01
3.123173415660858154e-01
9.054598957300186157e-02
7.296779751777648926e-02
-6.391201168298721313e-02
1.564794802106916904e-03
5.024401098489761353e-02
1.721026003360748291e-01
-2.724300026893615723e-01
8.781980276107788086e-01
1.197998179122805595e-03
-3.750520050525665283e-01
-1.465504020452499390e-01
-1.472541987895965576e-01
2.204836159944534302e-01
3.415760099887847900e-01
1.442719995975494385e-01
4.856259822845458984e-01
-2.853840030729770660e-02
-2.214069813489913940e-01
-3.898923993110656738e-01
-9.120599925518035889e-02
-2.977679967880249023e-01
1.206810846924781799e-01
1.152212172746658325e-01
4.541479945182800293e-01
3.916639983654022217e-01
3.569219708442687988e-01
1.251233071088790894e-01
2.221512049436569214e-01
-1.645367890596389771e-01
-1.363625973463058472e-01
1.930520087480545044e-01
4.495479911565780640e-02
-3.928680121898651123e-01
-2.589696049690246582e-01
4.915360510349273682e-01
-2.470860034227371216e-01
3.151944279670715332e-01
4.158939719200134277e-01
9.805260598659515381e-02
-4.470195770263671875e-01
-5.350180268287658691e-01
9.300459921360015869e-02
8.325799554586410522e-02
-3.897420167922973633e-01
-5.882565975189208984e-01
5.353479832410812378e-02
-9.532799571752548218e-02
4.117780327796936035e-01
-4.367174208164215088e-01
1.869339942932128906e-01
-2.073894068598747253e-02
-2.324400283396244049e-02
-4.830200225114822388e-02
-1.081219911575317383e-01
9.148424863815307617e-02
1.542556434869766235e-01
2.323879897594451904e-01
3.036216199398040771e-01
7.036519795656204224e-02
-7.927300035953521729e-02
8.026400208473205566e-02
1.586332023143768311e-01
2.609280049800872803e-01
3.105129897594451904e-01
-1.526859998703002930e-01
3.811340034008026123e-01
5.907880514860153198e-02
-2.093631923198699951e-01
2.675783932209014893e-01
2.522632181644439697e-01
-1.309179961681365967e-01
-2.152605950832366943e-01
1.068879961967468262e-01
2.946947813034057617e-01
-1.451462060213088989e-01
-4.261665940284729004e-01
7.203460484743118286e-02
-1.455419957637786865e-01
-3.558571934700012207e-01
-2.872309982776641846e-01
1.328652054071426392e-01
-6.754200160503387451e-02
-1.410000305622816086e-02
4.108325839042663574e-01
-2.025923728942871094e-01
1.173303946852684021e-01
-8.640339970588684082e-02
-4.642632007598876953e-01
-2.152100056409835815e-01
-1.286980211734771729e-01
-6.871598958969116211e-02
-3.627420067787170410e-01
2.507212162017822266e-01
3.178740143775939941e-01
2.293059825897216797e-01
-3.298799991607666016e-01
-5.256601050496101379e-02
-7.607197854667901993e-03
-1.258780062198638916e-01
-6.286339461803436279e-02
4.691800177097320557e-01
3.706619739532470703e-01
3.453160226345062256e-01
4.779219627380371094e-01
-2.382155954837799072e-01
-2.252520024776458740e-01
2.831509709358215332e-01
-4.987949728965759277e-01
-3.467780053615570068e-01
2.367920130491256714e-01
-3.952828049659729004e-01
-1.081697940826416016e-01
9.138439595699310303e-02
4.625060036778450012e-02
-3.732139766216278076e-01
-1.447083950042724609e-01
-3.385570943355560303e-01
-4.046460092067718506e-01
6.166078895330429077e-02
-1.360158026218414307e-01
-9.389200061559677124e-02
1.540499925613403320e-01
2.323379963636398315e-01
2.153456509113311768e-01
-2.105706036090850830e-01
-1.351127922534942627e-01
-2.202380001544952393e-01
-1.660399697721004486e-02
2.513879835605621338e-01
3.893899917602539062e-01
4.092279970645904541e-01
-5.662705898284912109e-01
-7.333759963512420654e-02
3.613399341702461243e-02
