-2.714408040046691895e-01
-6.093790289014577866e-03
-1.879972070455551147e-01
-1.193960383534431458e-02
-7.412909269332885742e-01
1.532199978828430176e-01
8.078930526971817017e-02
1.755104959011077881e-01
-5.236687064170837402e-01
-9.439730644226074219e-01
6.834479421377182007e-02
-6.684270501136779785e-02
-5.051723718643188477e-01
5.319309234619140625e-02
-1.241559833288192749e-01
-5.874482914805412292e-02
-3.387610316276550293e-01
4.173170030117034912e-01
2.164714783430099487e-01
-2.558699846267700195e-01
-1.061897128820419312e-01
-1.557919085025787354e-01
-1.653455048799514771e-01
1.679719090461730957e-01
6.313395686447620392e-03
1.444756686687469482e-01
2.208878099918365479e-01
1.233145594596862793e-01
1.877306997776031494e-01
-5.150610208511352539e-01
-2.185609787702560425e-01
3.401150107383728027e-01
-2.921589016914367676e-01
-1.895527988672256470e-01
-6.721429824829101562e-01
1.698203980922698975e-01
4.059959352016448975e-01
-3.561845123767852783e-01
-2.934586107730865479e-01
2.592260241508483887e-01
-1.005087047815322876e-01
-6.860200315713882446e-02
-5.684440135955810547e-01
5.962897539138793945e-01
-2.888255119323730469e-01
-2.690895199775695801e-01
1.128485426306724548e-01
-2.041221410036087036e-01
4.602430015802383423e-02
4.380760341882705688e-02
-1.597525030374526978e-01
2.741464078426361084e-01
-2.583639025688171387e-01
5.592720955610275269e-02
-1.730490289628505707e-02
1.510192453861236572e-01
2.500509619712829590e-01
1.031689904630184174e-02
1.194144040346145630e-01
-2.891491949558258057e-01
5.554804801940917969e-01
2.169483006000518799e-01
2.618059813976287842e-01
1.429549325257539749e-02
8.654194884002208710e-03
-1.642926931381225586e-01
-1.757436990737915039e-01
7.429199665784835815e-02
3.604765832424163818e-01
-1.481141746044158936e-01
-4.538456797599792480e-01
3.940091729164123535e-01
2.815536260604858398e-01
1.940301209688186646e-01
-5.282340049743652344e-01
-2.032479941844940186e-01
1.212940067052841187e-01
1.127258986234664917e-01
-6.441780179738998413e-02
-5.951629951596260071e-02
9.202729165554046631e-02
1.371853053569793701e-01
1.363523900508880615e-01
-4.289777874946594238e-01
1.567650139331817627e-01
-5.854250118136405945e-02
-1.907669007778167725e-01
3.780110776424407959e-01
-1.209879145026206970e-01
-1.996809989213943481e-01
1.183224096894264221e-01
2.748499810695648193e-01
-2.526803910732269287e-01
-4.817890226840972900e-01
3.270580172538757324e-01
9.831620752811431885e-02
6.268359720706939697e-02
-2.519055008888244629e-01
2.691938877105712891e-01
-4.778718054294586182e-01
-1.244693025946617126e-01
-7.197962701320648193e-02
1.028576046228408813e-01
5.291353538632392883e-02
-1.665609031915664673e-01
-1.788209974765777588e-01
6.329698860645294189e-02
1.984769999980926514e-01
-6.462540477514266968e-02
1.230408921837806702e-01
3.969479724764823914e-02
-1.279447078704833984e-01
3.136592209339141846e-01
2.725063860416412354e-01
-2.021352946758270264e-01
-7.110188156366348267e-02
-2.729811072349548340e-01
6.571975350379943848e-02
4.595300648361444473e-03
-1.175379008054733276e-01
4.825484752655029297e-01
-1.118900161236524582e-02
3.217089222744107246e-03
-2.994369864463806152e-01
3.898574039340019226e-02
1.324889957904815674e-01
1.076397076249122620e-01
8.081260323524475098e-02
-1.482603996992111206e-01
-5.390700884163379669e-03
-1.645798981189727783e-01
1.976177655160427094e-02
-1.626473069190979004e-01
8.905803784728050232e-03
2.486308813095092773e-01
-1.332774907350540161e-01
5.607501417398452759e-02
-2.615911364555358887e-01
1.504569947719573975e-01
-1.038572043180465698e-01
-1.389693021774291992e-01
4.124813973903656006e-01
4.084710404276847839e-02
-1.522801816463470459e-01
-1.393412947654724121e-01
-2.290302962064743042e-01
-1.490336954593658447e-01
-3.250680565834045410e-01
3.248340487480163574e-01
-1.293121874332427979e-01
3.924805223941802979e-01
-2.817954719066619873e-01
-1.861866004765033722e-02
-2.509159147739410400e-01
2.637107372283935547e-01
-9.380600601434707642e-02
3.383100926876068115e-01
8.178822696208953857e-02
-4.375089704990386963e-02
-1.506910026073455811e-01
1.118130907416343689e-01
-5.273119360208511353e-02
-3.387934863567352295e-01
2.504399511963129044e-03
-2.344059050083160400e-01
3.020345866680145264e-01
-1.117632985115051270e-01
1.113735884428024292e-01
-9.415842592716217041e-03
1.701039820909500122e-01
2.378478050231933594e-01
1.675262004137039185e-01
8.876349776983261108e-02
5.978919863700866699e-01
-5.555900186300277710e-02
-6.407419592142105103e-02
-2.642239928245544434e-01
-1.635154932737350464e-01
3.846520557999610901e-02
3.924489617347717285e-01
-4.431379735469818115e-01
3.094801902770996094e-01
-3.732535839080810547e-01
-2.372466027736663818e-01
-4.838950634002685547e-01
-2.678999900817871094e-01
-2.525818049907684326e-01
1.840540021657943726e-01
4.190371930599212646e-01
3.634940087795257568e-01
5.026739835739135742e-01
1.065830215811729431e-01
2.630232274532318115e-01
3.857562541961669922e-01
-3.313009738922119141e-01
1.372517347335815430e-01
3.014187812805175781e-01
-1.814801096916198730e-01
4.879320412874221802e-02
-1.382443904876708984e-01
8.238430023193359375e-01
-7.148461043834686279e-02
1.901731044054031372e-01
3.499498367309570312e-01
1.572645008563995361e-01
-1.218575090169906616e-01
-4.916740059852600098e-01
1.491871923208236694e-01
4.293309748172760010e-01
-2.930588126182556152e-01
-5.588492751121520996e-01
-1.469174921512603760e-01
-3.000817894935607910e-01
3.731237053871154785e-01
-5.220034122467041016e-01
1.165953055024147034e-01
2.722682356834411621e-01
-1.323270052671432495e-01
-2.053889930248260498e-01
-5.173689723014831543e-01
-2.506639659404754639e-01
1.436974257230758667e-01
2.946175076067447662e-02
1.290251016616821289e-01
-3.923947364091873169e-02
3.605852648615837097e-02
6.367339938879013062e-02
2.283045947551727295e-01
-8.796320110559463501e-02
3.359211981296539307e-01
-2.397129125893115997e-02
3.814090788364410400e-01
-2.381645515561103821e-02
-3.760383129119873047e-01
4.301539957523345947e-01
1.631046086549758911e-01
-8.974349498748779297e-02
4.827002808451652527e-02
1.463097929954528809e-01
2.700202763080596924e-01
-1.689809001982212067e-02
-3.875072896480560303e-01
-1.531520020216703415e-02
1.558590214699506760e-02
-1.909919977188110352e-01
-3.263149783015251160e-02
2.561210393905639648e-01
-1.265970766544342041e-01
-2.058597058057785034e-01
2.355877906084060669e-01
-3.795212209224700928e-01
2.812694907188415527e-01
-7.475344836711883545e-02
-2.575874924659729004e-01
-3.091991543769836426e-01
-1.359626948833465576e-01
1.173989921808242798e-01
-5.057898759841918945e-01
7.432957738637924194e-02
2.068007886409759521e-01
5.429964661598205566e-01
-2.217858135700225830e-01
-1.403526961803436279e-01
-1.256079412996768951e-02
-2.690770104527473450e-02
-1.697990894317626953e-01
4.733069837093353271e-01
1.697503924369812012e-01
2.760890126228332520e-01
6.903679966926574707e-01
-1.192808151245117188e-01
-3.369149267673492432e-01
2.226620167493820190e-01
-3.398005068302154541e-01
-9.054237604141235352e-02
6.013919711112976074e-01
-6.100631952285766602e-01
8.836190402507781982e-02
-1.938688904047012329e-01
-2.464446472004055977e-03
-2.974621057510375977e-01
-2.335710972547531128e-01
-5.257318615913391113e-01
-1.194217056035995483e-01
2.174092084169387817e-01
3.003590740263462067e-02
-1.904876977205276489e-01
4.627889767289161682e-02
2.993395924568176270e-01
3.622421920299530029e-01
-1.698302924633026123e-01
4.307260364294052124e-02
-8.227941393852233887e-02
2.812040224671363831e-02
1.533499956130981445e-01
2.887989878654479980e-01
6.323579549789428711e-01
-7.246102690696716309e-01
-2.889837920665740967e-01
2.070097923278808594e-01
