-3.041522502899169922e-01
1.294853687286376953e-01
3.232074528932571411e-02
6.764374673366546631e-02
-4.798775017261505127e-01
2.017656266689300537e-01
1.362462490797042847e-01
2.302394956350326538e-01
-5.897312164306640625e-01
-1.314662456512451172e+00
1.257297545671463013e-01
1.786170005798339844e-01
-2.679039835929870605e-01
2.721799910068511963e-02
-2.158990055322647095e-01
1.578749716281890869e-02
-5.041637420654296875e-01
2.996700108051300049e-01
2.800887525081634521e-01
-2.526151239871978760e-01
-7.607424259185791016e-02
-1.057932525873184204e-01
8.174222707748413086e-02
1.987315118312835693e-01
1.216324940323829651e-01
-5.161480605602264404e-02
2.206640094518661499e-01
1.198212504386901855e-01
-2.281599864363670349e-02
-4.366549849510192871e-01
-3.902212381362915039e-01
5.017212629318237305e-01
-9.653724730014801025e-02
-5.660125613212585449e-02
-7.164174914360046387e-01
7.979625463485717773e-02
6.427098810672760010e-02
-1.016162633895874023e-01
-2.542364895343780518e-01
4.831499755382537842e-01
-8.604249358177185059e-02
1.958828717470169067e-01
-5.317987203598022461e-01
5.019017457962036133e-01
-2.616750001907348633e-01
-2.863550186157226562e-01
8.805375546216964722e-02
-3.504284843802452087e-02
-6.543375551700592041e-03
-2.088232636451721191e-01
-8.092999458312988281e-02
2.398434877395629883e-01
-1.313142478466033936e-01
5.616838485002517700e-02
-3.378599882125854492e-02
2.157375030219554901e-02
3.511112332344055176e-01
8.302499353885650635e-02
1.770312339067459106e-01
-7.316251285374164581e-03
4.707162678241729736e-01
3.920337259769439697e-01
2.417236268520355225e-01
-3.161999583244323730e-02
-1.871245056390762329e-01
-2.558658719062805176e-01
-2.266537398099899292e-01
-1.115975156426429749e-01
1.424873620271682739e-01
-2.693279981613159180e-01
-2.305892407894134521e-01
4.638317525386810303e-01
4.441987276077270508e-01
7.994774729013442993e-02
-5.389162302017211914e-01
-1.599996238946914673e-01
2.404475212097167969e-01
-1.037313789129257202e-01
5.088499933481216431e-02
6.802725791931152344e-02
3.122137114405632019e-02
1.731581240892410278e-01
-1.492968648672103882e-01
-5.112575292587280273e-01
1.354725062847137451e-01
2.745686843991279602e-02
-1.646636277437210083e-01
3.141957521438598633e-01
-1.107596457004547119e-01
-2.007365077733993530e-01
2.307064831256866455e-01
3.248574733734130859e-01
-1.411036252975463867e-01
-3.083012700080871582e-01
2.851850092411041260e-01
7.792262732982635498e-02
2.136714905500411987e-01
-2.831182479858398438e-01
2.444425076246261597e-01
-5.974607467651367188e-01
-2.947403788566589355e-01
-5.741125345230102539e-02
1.936870068311691284e-01
8.783876150846481323e-02
-7.174099981784820557e-02
-8.425125479698181152e-02
3.489137291908264160e-01
3.396751284599304199e-01
-1.566637456417083740e-01
2.688840031623840332e-01
-4.292499646544456482e-02
-1.464805006980895996e-01
3.436492681503295898e-01
3.230634927749633789e-01
1.119512543082237244e-01
-1.361898779869079590e-01
-1.924612671136856079e-01
-6.517574936151504517e-02
-3.056175261735916138e-02
3.227376379072666168e-03
3.831099867820739746e-01
2.128868997097015381e-01
6.009712815284729004e-02
8.744250237941741943e-02
8.632774651050567627e-02
2.268062531948089600e-01
3.158375024795532227e-01
2.121774852275848389e-02
7.528374344110488892e-02
-6.612399965524673462e-02
-9.232637286186218262e-02
8.486999571323394775e-02
-2.284770011901855469e-01
-2.443632483482360840e-01
4.037200808525085449e-01
-1.459724903106689453e-01
-3.830525279045104980e-02
-2.457551807165145874e-01
-1.187250390648841858e-02
-9.654124081134796143e-02
-1.733187437057495117e-01
5.173550248146057129e-01
2.484000027179718018e-01
-1.818955093622207642e-01
-3.259474933147430420e-01
-1.748994886875152588e-01
-1.728462427854537964e-01
-2.613235116004943848e-01
3.606662750244140625e-01
-7.767388224601745605e-02
4.776974916458129883e-01
-1.985899955034255981e-01
9.599636495113372803e-02
-1.526567488908767700e-01
3.822175264358520508e-01
-1.194256246089935303e-01
-1.523502171039581299e-03
5.329125374555587769e-02
-1.316275075078010559e-02
-1.604574918746948242e-01
2.286424674093723297e-02
-1.356372535228729248e-01
-2.301875054836273193e-01
-7.076748646795749664e-03
-3.276182711124420166e-01
3.190490007400512695e-01
-1.347425207495689392e-02
2.284532487392425537e-01
5.190699920058250427e-02
1.310157477855682373e-01
1.042996197938919067e-01
-5.798074603080749512e-02
-1.658762544393539429e-01
7.725000381469726562e-01
-4.794875532388687134e-02
-1.706275045871734619e-01
-2.690725028514862061e-01
-6.969812512397766113e-02
-4.831248894333839417e-03
4.514474868774414062e-01
-1.493224799633026123e-01
2.859002649784088135e-01
-1.672284901142120361e-01
-2.976000010967254639e-01
-6.479912996292114258e-01
5.924995988607406616e-03
-2.137729823589324951e-01
2.291216403245925903e-01
1.232331246137619019e-01
3.278850018978118896e-01
6.548849940299987793e-01
2.987425327301025391e-01
2.313089966773986816e-01
1.577628105878829956e-01
-2.567422389984130859e-01
-5.461195856332778931e-02
1.686202585697174072e-01
-1.549297422170639038e-01
2.006549984216690063e-01
-1.069263815879821777e-01
6.650437116622924805e-01
-2.903937697410583496e-01
1.622295081615447998e-01
3.233324885368347168e-01
9.389600157737731934e-02
-2.370812185108661652e-02
-5.397474765777587891e-01
-1.871692538261413574e-01
3.519074916839599609e-01
-3.214524984359741211e-01
-3.813270032405853271e-01
-3.195149898529052734e-01
-3.276774883270263672e-01
4.295287430286407471e-01
-3.623430132865905762e-01
3.042250126600265503e-02
2.024041414260864258e-01
-1.435612440109252930e-01
-3.079625219106674194e-02
-1.483487486839294434e-01
-1.724473536014556885e-01
3.041282296180725098e-02
-3.245837613940238953e-02
3.088805079460144043e-01
-4.788600653409957886e-02
-4.897812381386756897e-03
4.645999893546104431e-02
3.632377386093139648e-01
1.028212457895278931e-01
4.119025170803070068e-01
-1.230924949049949646e-01
3.458401262760162354e-01
-1.505471169948577881e-01
-2.576626241207122803e-01
2.000369876623153687e-01
5.135937929153442383e-01
-7.295237481594085693e-02
-2.834529802203178406e-02
7.902374863624572754e-02
5.293186902999877930e-01
1.518834978342056274e-01
-3.547120094299316406e-01
3.253449872136116028e-02
-3.490274399518966675e-02
-5.308675169944763184e-01
-1.873899996280670166e-01
4.041587412357330322e-01
-3.846143484115600586e-01
-1.826437413692474365e-01
1.808737665414810181e-01
-2.999955117702484131e-01
1.168435066938400269e-01
1.117824390530586243e-02
-5.191149711608886719e-01
-2.701749801635742188e-01
-1.652958691120147705e-01
1.361199915409088135e-01
-5.290074944496154785e-01
1.341048479080200195e-01
4.585887193679809570e-01
4.957612752914428711e-01
-1.711762547492980957e-01
-4.443999007344245911e-02
1.184417456388473511e-01
-5.754125118255615234e-02
-9.728524833917617798e-02
2.820862531661987305e-01
2.184305042028427124e-01
2.884062528610229492e-01
5.005425214767456055e-01
-8.094675093889236450e-02
-4.349250197410583496e-01
4.097962677478790283e-01
-2.786650061607360840e-01
6.479827314615249634e-02
3.982024788856506348e-01
-7.154330015182495117e-01
-3.000125288963317871e-02
-1.732311397790908813e-01
1.065331920981407166e-01
-2.714734971523284912e-01
-1.645723879337310791e-01
-3.363519906997680664e-01
-1.494225114583969116e-01
2.647467553615570068e-01
1.709067523479461670e-01
-1.687922477722167969e-01
-8.053500950336456299e-02
1.998987346887588501e-01
3.749473690986633301e-01
-6.552375108003616333e-02
-5.999249964952468872e-02
-1.431579887866973877e-01
1.920767426490783691e-01
2.401437610387802124e-01
3.902962207794189453e-01
7.878049015998840332e-01
-6.731395125389099121e-01
-1.342342644929885864e-01
1.848392337560653687e-01
