-2.360863238573074341e-01
2.078428268432617188e-01
-1.427433360368013382e-02
-2.983316779136657715e-01
-5.453650355339050293e-01
8.496661670506000519e-03
1.753967069089412689e-02
5.065533518791198730e-02
-9.947067499160766602e-02
-1.297313332557678223e+00
-2.679333090782165527e-02
4.904149845242500305e-02
-3.283738493919372559e-01
1.684176772832870483e-01
2.126799970865249634e-01
4.462833330035209656e-02
-4.295599758625030518e-01
1.853516697883605957e-01
1.882053464651107788e-01
-2.589016556739807129e-01
-3.275550007820129395e-01
-2.893666923046112061e-02
-2.324199825525283813e-01
2.188800126314163208e-01
-8.109600841999053955e-02
3.017192147672176361e-02
2.045283317565917969e-01
-5.365167185664176941e-02
1.136259958148002625e-01
-1.534083336591720581e-01
-4.044599831104278564e-01
3.550200164318084717e-01
-1.869483441114425659e-01
-6.782332807779312134e-02
-6.749616265296936035e-01
4.239183366298675537e-01
4.839166998863220215e-02
-9.321667999029159546e-02
-4.782867133617401123e-01
5.391683578491210938e-01
2.260610014200210571e-01
1.527771800756454468e-01
-2.629300057888031006e-01
4.958984851837158203e-01
-8.891833573579788208e-02
-1.504133343696594238e-01
1.929056644439697266e-01
-1.879764944314956665e-01
-5.202950537204742432e-02
-3.657600283622741699e-02
-8.066999167203903198e-02
1.394986659288406372e-01
-1.474278271198272705e-01
3.186350166797637939e-01
2.587833404541015625e-01
4.865832999348640442e-02
-4.521499574184417725e-02
-1.389633417129516602e-01
1.350696682929992676e-01
-2.663123309612274170e-01
2.026466727256774902e-01
1.570076644420623779e-01
4.515466690063476562e-01
-7.179499417543411255e-02
-2.254553288221359253e-01
-3.217271566390991211e-01
-1.104549989104270935e-01
-1.524000335484743118e-02
4.358533322811126709e-01
-1.318089962005615234e-01
-1.946968287229537964e-01
5.509867072105407715e-01
7.347001135349273682e-02
-9.089333564043045044e-02
-4.902766644954681396e-01
-7.947000861167907715e-02
7.140833884477615356e-02
1.650143265724182129e-01
-1.926700025796890259e-01
5.204200372099876404e-02
-1.087238267064094543e-01
1.654016673564910889e-01
2.075590044260025024e-01
-4.534116685390472412e-01
2.648716866970062256e-01
-2.571583725512027740e-02
3.299600258469581604e-02
4.097300469875335693e-01
-1.954015344381332397e-01
-1.128226593136787415e-01
1.399550735950469971e-01
2.456666678190231323e-01
-5.190349742770195007e-02
-5.290033221244812012e-01
2.427849769592285156e-01
1.461799889802932739e-01
2.777066528797149658e-01
-2.171164900064468384e-01
9.741332381963729858e-02
-3.196723163127899170e-01
-1.229788362979888916e-01
-3.600044175982475281e-02
2.037683278322219849e-01
-1.313462406396865845e-01
-3.037433624267578125e-01
1.979499310255050659e-02
2.170066684484481812e-01
2.878716588020324707e-02
-2.618666887283325195e-01
-6.103666499257087708e-02
-4.998265579342842102e-02
1.040550097823143005e-01
1.571318060159683228e-01
-3.286049142479896545e-02
4.047723114490509033e-01
-9.724166989326477051e-02
-2.384033352136611938e-01
2.125468254089355469e-01
5.367233231663703918e-02
-1.952785104513168335e-01
3.763266503810882568e-01
1.211850047111511230e-01
1.041291654109954834e-01
-6.562665849924087524e-02
4.860432818531990051e-02
7.407999038696289062e-02
3.279590308666229248e-01
2.570516765117645264e-01
-7.282834500074386597e-02
-1.625483185052871704e-01
-8.990182727575302124e-02
-6.764074321836233139e-03
-2.561483383178710938e-01
-8.625832945108413696e-02
4.041133224964141846e-01
-1.228749826550483704e-01
2.221566587686538696e-01
-1.751452237367630005e-01
1.510416716337203979e-01
-9.980165958404541016e-02
-1.497349888086318970e-01
4.948216676712036133e-01
-1.713499613106250763e-02
-1.870784908533096313e-01
-4.045540094375610352e-01
-1.175081655383110046e-01
-1.412018388509750366e-01
-1.795133203268051147e-01
2.243949919939041138e-01
9.789333492517471313e-02
3.981750011444091797e-01
-2.816849946975708008e-01
1.543223261833190918e-01
-1.768943518400192261e-01
4.239916801452636719e-01
-1.326166186481714249e-02
6.550332158803939819e-02
-5.235433951020240784e-02
1.746461540460586548e-01
4.320332407951354980e-02
-1.015050038695335388e-01
1.725233532488346100e-02
-1.699016690254211426e-01
3.665766865015029907e-02
-1.963433250784873962e-02
2.665183246135711670e-01
-1.466493457555770874e-01
4.062550142407417297e-02
2.523584067821502686e-01
1.638116687536239624e-01
1.868673413991928101e-01
-1.151149943470954895e-01
-1.217349991202354431e-01
4.988000094890594482e-01
-1.152500044554471970e-02
-9.099990129470825195e-04
-4.410333335399627686e-01
-5.509883165359497070e-02
3.439616262912750244e-01
1.767566353082656860e-01
-8.784165978431701660e-02
3.046233355998992920e-01
-1.351266801357269287e-01
-3.194999322295188904e-02
-4.455217123031616211e-01
-2.811050117015838623e-01
-2.964703142642974854e-01
2.939325273036956787e-01
1.382786780595779419e-01
3.766483068466186523e-01
5.082233548164367676e-01
1.996766775846481323e-01
2.119613289833068848e-01
-6.447908282279968262e-02
-2.704536616802215576e-01
6.900688260793685913e-02
1.463216543197631836e-01
-2.114256471395492554e-01
-1.005616560578346252e-01
-8.122616261243820190e-02
8.737166523933410645e-01
8.269995450973510742e-03
1.414609998464584351e-01
1.288183331489562988e-01
8.441849797964096069e-02
-8.000383526086807251e-02
-4.113516807556152344e-01
7.535149902105331421e-02
4.363833740353584290e-02
-8.609165996313095093e-02
-4.587365090847015381e-01
-2.183556556701660156e-01
-2.326990244910120964e-03
4.834799766540527344e-01
-3.466534912586212158e-01
8.923666924238204956e-02
3.135299682617187500e-01
-2.251183539628982544e-01
-2.563716471195220947e-01
1.350016742944717407e-01
-1.107016578316688538e-01
2.006678134202957153e-01
-1.063263341784477234e-01
2.805189788341522217e-01
-8.483532816171646118e-02
-5.732475221157073975e-02
9.937000274658203125e-02
4.803283140063285828e-02
1.285766810178756714e-01
1.689800024032592773e-01
1.236753687262535095e-01
3.028451502323150635e-01
-9.416852146387100220e-02
-4.243313372135162354e-01
3.420583307743072510e-01
3.627296984195709229e-01
4.168049618601799011e-02
-9.152100235223770142e-02
1.623726636171340942e-01
3.507288694381713867e-01
2.499583512544631958e-01
-2.730281651020050049e-01
5.023499485105276108e-03
-9.567999839782714844e-02
-4.460617005825042725e-01
-1.512341797351837158e-01
4.403450191020965576e-01
-1.547916680574417114e-01
-5.091500282287597656e-02
-4.937333986163139343e-02
-2.986793518066406250e-01
-1.641766726970672607e-02
-1.167251691222190857e-01
-5.108966231346130371e-01
1.895200014114379883e-01
3.358466550707817078e-02
-1.585000008344650269e-01
-3.091050088405609131e-01
1.752597838640213013e-01
4.575116634368896484e-01
3.167866468429565430e-01
-7.528999447822570801e-02
1.947823315858840942e-01
1.088739931583404541e-01
-1.786846667528152466e-01
-1.801765114068984985e-01
3.152483403682708740e-01
2.823781371116638184e-01
5.883933901786804199e-01
2.440133243799209595e-01
-1.753433346748352051e-01
-4.712719917297363281e-01
1.910016685724258423e-01
-1.424541622400283813e-01
5.043436586856842041e-02
4.065683782100677490e-01
-1.401923298835754395e+00
5.985466018319129944e-02
1.856770068407058716e-01
1.791759133338928223e-01
-2.806983292102813721e-01
-3.112368285655975342e-01
-4.461340010166168213e-01
-1.621240079402923584e-01
1.602569967508316040e-01
7.384583353996276855e-02
-4.693333208560943604e-01
1.799099892377853394e-01
9.126999229192733765e-02
3.888266980648040771e-01
-6.824233382940292358e-02
-2.787276804447174072e-01
-1.656613349914550781e-01
1.415566634386777878e-02
4.178516864776611328e-01
3.844483196735382080e-01
4.345033168792724609e-01
-3.918448388576507568e-01
-2.224116772413253784e-01
2.030703425407409668e-01
