-2.159499377012252808e-01
2.207589298486709595e-01
-3.347316682338714600e-01
-1.505652964115142822e-01
-4.948036074638366699e-01
3.473486006259918213e-02
-1.027617081999778748e-01
4.010525345802307129e-01
-3.560776114463806152e-01
-1.089323639869689941e+00
2.110898643732070923e-01
2.973539829254150391e-01
-3.584895133972167969e-01
-1.807350851595401764e-02
-8.898784965276718140e-02
-1.944779306650161743e-01
-3.053646385669708252e-01
1.943422704935073853e-01
2.196997851133346558e-01
-1.972244977951049805e-01
-2.728694975376129150e-01
-7.849514484405517578e-02
-6.058206036686897278e-02
2.324311584234237671e-01
1.033692732453346252e-01
1.079091504216194153e-01
2.266066968441009521e-01
1.744635552167892456e-01
2.418118715286254883e-01
-2.596133053302764893e-01
-2.075262069702148438e-01
3.845134079456329346e-01
-1.875094324350357056e-01
7.142164558172225952e-02
-5.429463982582092285e-01
4.499565344303846359e-03
2.380428314208984375e-01
-3.558414280414581299e-01
-8.483000844717025757e-02
2.639410793781280518e-01
-1.809324473142623901e-01
1.924945116043090820e-01
-4.435271918773651123e-01
6.292530894279479980e-01
-1.948273032903671265e-01
-3.197681903839111328e-01
3.508941531181335449e-01
-1.564438641071319580e-01
-4.987787455320358276e-02
-3.734591975808143616e-02
-1.062539294362068176e-01
2.260348498821258545e-01
-1.528043020516633987e-02
1.046774759888648987e-01
-1.508717075921595097e-03
2.206638008356094360e-01
3.191278576850891113e-01
-1.513812094926834106e-01
8.253350108861923218e-02
-4.265941679477691650e-01
2.443139106035232544e-01
2.601004540920257568e-01
9.566728025674819946e-02
2.402850612998008728e-02
-1.394889503717422485e-01
7.685478776693344116e-02
-1.797643005847930908e-01
4.164900258183479309e-02
2.411050051450729370e-01
-2.938871681690216064e-01
-6.906957179307937622e-02
4.106552302837371826e-01
4.213261008262634277e-01
1.466227024793624878e-01
-4.400621056556701660e-01
-9.532534331083297729e-02
2.073778659105300903e-01
-6.312421709299087524e-02
-1.405285745859146118e-01
1.653828844428062439e-02
-2.068157307803630829e-02
1.695866435766220093e-01
-1.135668680071830750e-01
-2.733158767223358154e-01
-2.652137307450175285e-03
-8.098715543746948242e-02
-1.454528421163558960e-02
3.473468422889709473e-01
1.504772603511810303e-01
-1.103459224104881287e-01
1.508940160274505615e-01
1.333023607730865479e-01
-2.011397033929824829e-01
-5.040157437324523926e-01
4.116649925708770752e-01
6.224859971553087234e-03
-5.000718869268894196e-03
-2.119695842266082764e-01
1.308021396398544312e-01
-5.035225749015808105e-01
-2.921652197837829590e-01
-7.540285587310791016e-02
3.521081432700157166e-02
-2.608285285532474518e-02
-9.482563287019729614e-02
-2.463242113590240479e-01
9.445357322692871094e-02
1.984853595495223999e-01
-1.996979117393493652e-02
-6.030357256531715393e-02
-7.437571138143539429e-02
9.367900341749191284e-02
3.496325016021728516e-02
5.708957090973854065e-02
3.220708342269062996e-03
-2.380441874265670776e-01
-4.186593368649482727e-02
2.693409919738769531e-01
6.990715046413242817e-04
-2.758081257343292236e-01
3.669110834598541260e-01
-3.421235829591751099e-02
1.437267959117889404e-01
-2.594314217567443848e-01
-1.386328600347042084e-02
2.134995609521865845e-01
-6.570070236921310425e-02
-6.431828439235687256e-02
-5.190499871969223022e-02
1.490071136504411697e-02
1.777350530028343201e-02
-8.730857819318771362e-02
-3.959432542324066162e-01
6.523671746253967285e-02
1.182461529970169067e-01
-3.119282126426696777e-01
3.872185945510864258e-02
-1.585594713687896729e-01
1.474667936563491821e-01
-6.874428689479827881e-02
3.187214210629463196e-02
4.165574908256530762e-01
3.090298473834991455e-01
-2.453965842723846436e-01
-3.408202826976776123e-01
-1.861263066530227661e-01
-2.306252866983413696e-01
-3.322739899158477783e-01
1.521107107400894165e-01
7.413063943386077881e-02
3.168713450431823730e-01
-1.267457157373428345e-01
2.584214322268962860e-02
-1.364664286375045776e-01
1.782161891460418701e-01
-6.689599901437759399e-02
2.957028746604919434e-01
9.787785261869430542e-02
7.657986879348754883e-02
-1.947228610515594482e-01
-2.936935424804687500e-02
-9.197527915239334106e-02
-8.486392349004745483e-02
4.677889868617057800e-02
-3.681969046592712402e-01
1.613230705261230469e-01
-7.582557201385498047e-02
6.932068616151809692e-03
-1.142464280128479004e-01
-2.718058042228221893e-02
1.822154521942138672e-01
1.144663617014884949e-01
-1.426642984151840210e-01
5.341991186141967773e-01
-8.755784481763839722e-02
-2.163714170455932617e-01
-5.027519911527633667e-02
-3.788763657212257385e-02
2.575400099158287048e-02
3.998642563819885254e-01
-2.742837965488433838e-01
3.471527993679046631e-01
-1.599240005016326904e-01
-1.461082845926284790e-01
-3.497582972049713135e-01
-1.876638680696487427e-01
-4.155292510986328125e-01
2.350869923830032349e-01
1.849017143249511719e-01
1.888512820005416870e-01
5.552264451980590820e-01
2.302807867527008057e-01
-5.307977646589279175e-02
3.409014642238616943e-01
-1.965275108814239502e-01
-2.827538549900054932e-02
2.885107100009918213e-01
-1.509623080492019653e-01
-1.613354980945587158e-01
-3.440091311931610107e-01
6.853429079055786133e-01
-2.585428580641746521e-02
2.246786504983901978e-01
2.280354946851730347e-01
1.966007053852081299e-01
-2.692652642726898193e-01
-5.152235627174377441e-01
-5.490536615252494812e-02
2.165789306163787842e-01
-3.511521518230438232e-01
-5.074782967567443848e-01
2.407428249716758728e-02
-1.595784723758697510e-01
4.028986990451812744e-01
-2.520665228366851807e-01
1.258221417665481567e-01
1.173861175775527954e-01
-1.608493179082870483e-02
-1.673307269811630249e-01
-2.785492539405822754e-01
-1.318558156490325928e-01
-2.590217255055904388e-02
1.531557142734527588e-01
3.342110812664031982e-01
7.888495922088623047e-03
-1.752543635666370392e-02
4.022128134965896606e-02
1.086271554231643677e-01
3.925271704792976379e-02
2.911972999572753906e-01
-7.894950360059738159e-02
2.147265821695327759e-01
1.482106558978557587e-02
-2.711389958858489990e-01
4.139735400676727295e-01
1.710741370916366577e-01
-1.348505765199661255e-01
-9.566634893417358398e-02
1.955135613679885864e-01
3.159767091274261475e-01
2.653245069086551666e-02
-3.923411667346954346e-01
-3.353028371930122375e-02
5.923786014318466187e-02
-2.188148498535156250e-01
-7.279641926288604736e-02
8.547228574752807617e-02
-8.378142118453979492e-02
-2.101449854671955109e-02
1.557613462209701538e-01
-2.315099351108074188e-02
1.541674286127090454e-01
-5.455139651894569397e-02
-1.966672837734222412e-01
-1.874785572290420532e-01
-2.435355931520462036e-01
9.178428351879119873e-02
-4.883420467376708984e-01
1.144523248076438904e-01
1.315186470746994019e-01
3.304472267627716064e-01
-3.231901824474334717e-01
7.652713358402252197e-02
1.046058610081672668e-01
-1.428142338991165161e-01
-6.604621559381484985e-02
4.767001271247863770e-01
-4.756739735603332520e-02
1.561388671398162842e-01
5.039735436439514160e-01
-1.953321546316146851e-01
-2.780948281288146973e-01
2.779431939125061035e-01
-3.386785686016082764e-01
-1.372822523117065430e-01
3.726549446582794189e-01
-6.873308420181274414e-01
4.026157408952713013e-02
-8.296429179608821869e-03
1.488090753555297852e-01
-2.113320827484130859e-01
-2.873427001759409904e-03
-3.332705795764923096e-01
-3.199331462383270264e-01
2.500574886798858643e-01
2.663157694041728973e-02
-1.198435798287391663e-01
9.893698990345001221e-02
2.474819272756576538e-01
2.852486968040466309e-01
-2.310968786478042603e-01
4.895272478461265564e-02
-1.902942955493927002e-01
-1.012494340538978577e-01
1.519235670566558838e-01
2.405985891819000244e-01
5.133014321327209473e-01
-6.143053770065307617e-01
-1.597257405519485474e-01
1.763020190992392600e-05
