-1.749061793088912964e-01
1.629003286361694336e-01
-2.941004931926727295e-01
-2.203665971755981445e-01
-4.535100460052490234e-01
2.304491959512233734e-02
-1.198902428150177002e-01
3.491644859313964844e-01
-3.798366785049438477e-01
-1.208598375320434570e+00
1.702157706022262573e-01
3.173541128635406494e-01
-3.056490719318389893e-01
-7.524725794792175293e-02
-2.178008854389190674e-02
-1.085916757583618164e-01
-3.711321055889129639e-01
5.239883065223693848e-02
2.230305820703506470e-01
-2.753921449184417725e-01
-2.574783563613891602e-01
-3.081800043582916260e-02
-3.838582709431648254e-02
2.018799036741256714e-01
-2.664667367935180664e-02
-7.912835478782653809e-02
2.055888772010803223e-01
1.439474970102310181e-01
1.946428269147872925e-01
-1.997367590665817261e-01
-3.361099958419799805e-01
3.995226323604583740e-01
-2.609009742736816406e-01
5.808001384139060974e-03
-6.533732414245605469e-01
1.495585739612579346e-01
7.884091883897781372e-02
-2.548741698265075684e-01
-1.118791699409484863e-01
2.649062573909759521e-01
-5.975333973765373230e-02
2.428272813558578491e-01
-4.056941568851470947e-01
5.027200579643249512e-01
-9.620133787393569946e-02
-2.330408245325088501e-01
3.132683336734771729e-01
-1.976940780878067017e-01
-1.068006828427314758e-01
-4.818257316946983337e-02
-8.791416138410568237e-02
1.082710027694702148e-01
-9.368425607681274414e-02
1.738420724868774414e-01
3.006633184850215912e-02
1.483583301305770874e-01
2.456975132226943970e-01
-1.811435073614120483e-01
1.107239127159118652e-01
-3.899693191051483154e-01
2.130749821662902832e-01
2.561835944652557373e-01
2.042209655046463013e-01
-5.831049382686614990e-02
-2.188151627779006958e-01
-3.836749866604804993e-02
-1.371475011110305786e-01
-8.333408832550048828e-02
2.304383367300033569e-01
-2.729938328266143799e-01
-5.169508978724479675e-02
4.820791482925415039e-01
3.986645936965942383e-01
8.884982019662857056e-02
-3.714966773986816406e-01
-1.128315106034278870e-01
1.727324873208999634e-01
-9.363914839923381805e-03
-1.500499993562698364e-01
5.357784032821655273e-02
-1.319977492094039917e-01
1.401074975728988647e-01
-1.153619959950447083e-01
-3.667180240154266357e-01
4.267966747283935547e-02
-3.546958789229393005e-02
3.930783271789550781e-02
4.018774926662445068e-01
1.338268667459487915e-01
-8.032774180173873901e-02
2.343554049730300903e-01
2.137420177459716797e-01
-1.851894110441207886e-01
-3.910032808780670166e-01
4.505958557128906250e-01
5.795733258128166199e-02
1.283074766397476196e-01
-1.450049430131912231e-01
9.817767143249511719e-02
-5.632144808769226074e-01
-1.990102380514144897e-01
-8.669918030500411987e-02
1.784255541861057281e-02
3.316916897892951965e-02
-1.652641743421554565e-01
-4.119083657860755920e-02
1.051102504134178162e-01
9.611474722623825073e-02
-8.710834383964538574e-02
-8.821666240692138672e-02
-6.073582544922828674e-02
1.167943254113197327e-01
2.487012743949890137e-02
2.449899911880493164e-02
1.644383221864700317e-01
-1.525457352399826050e-01
-4.357167705893516541e-02
2.131725996732711792e-01
2.528483420610427856e-02
-1.882917433977127075e-01
4.098508358001708984e-01
5.865983664989471436e-02
1.573026627302169800e-01
-1.700641512870788574e-01
-1.461099833250045776e-02
1.814154982566833496e-01
1.251930892467498779e-01
2.576669678092002869e-03
1.045541465282440186e-02
-1.498358417302370071e-02
3.069975972175598145e-02
-1.689550280570983887e-01
-3.720291554927825928e-01
-9.681883454322814941e-02
1.879474967718124390e-01
-3.422649800777435303e-01
5.610741302371025085e-02
-1.035616025328636169e-01
1.371133327484130859e-01
-5.324432626366615295e-02
-1.463833171874284744e-02
3.947636187076568604e-01
2.839316427707672119e-01
-1.762314587831497192e-01
-4.378659725189208984e-01
-6.825575977563858032e-02
-2.917951047420501709e-01
-2.891721427440643311e-01
2.156908363103866577e-01
6.180982664227485657e-02
3.108064830303192139e-01
-9.770083427429199219e-02
1.831799894571304321e-01
-1.153038442134857178e-01
2.310258299112319946e-01
-6.392366439104080200e-02
-2.289333194494247437e-02
1.399033218622207642e-01
1.115580871701240540e-01
-1.247542500495910645e-01
-1.979166641831398010e-02
-4.959133267402648926e-02
-3.203500434756278992e-02
1.197779551148414612e-01
-3.401978313922882080e-01
2.504922151565551758e-01
-3.386349976062774658e-02
1.488293260335922241e-01
-6.471166759729385376e-02
-2.151333540678024292e-02
1.629894971847534180e-01
1.063466537743806839e-02
-1.944783329963684082e-01
4.812464416027069092e-01
-1.405858248472213745e-01
-1.658508330583572388e-01
-1.417708992958068848e-01
-8.920858055353164673e-02
4.424649849534034729e-02
4.454258382320404053e-01
-2.080794125795364380e-01
2.621541321277618408e-01
-5.941632762551307678e-02
-1.327562481164932251e-01
-4.115984737873077393e-01
-1.714569926261901855e-01
-3.373133242130279541e-01
3.125920295715332031e-01
3.739517554640769958e-02
2.753006517887115479e-01
6.135742068290710449e-01
1.992441564798355103e-01
-1.854367852210998535e-01
1.945521831512451172e-01
-1.452119052410125732e-01
2.584099210798740387e-02
1.205282434821128845e-01
-1.978963166475296021e-01
-1.398389190435409546e-01
-1.975825875997543335e-01
7.306842207908630371e-01
-4.301249980926513672e-02
2.351146787405014038e-01
1.848016530275344849e-01
7.349541783332824707e-02
-1.727575808763504028e-01
-4.686858654022216797e-01
-1.363967508077621460e-01
1.700156927108764648e-01
-2.860024869441986084e-01
-3.626036345958709717e-01
-1.392521858215332031e-01
-2.066408395767211914e-01
4.511891603469848633e-01
-2.447067499160766602e-01
1.287000030279159546e-01
9.823313355445861816e-02
-2.217416884377598763e-03
-1.954308301210403442e-01
-8.665750175714492798e-02
-5.156171694397926331e-02
3.508575260639190674e-03
2.088583260774612427e-02
3.070900142192840576e-01
2.702816575765609741e-02
-7.683020830154418945e-02
1.349883247166872025e-02
3.920300677418708801e-02
-3.353416547179222107e-02
2.907704114913940430e-01
6.849583238363265991e-02
1.408502608537673950e-01
-6.838759034872055054e-02
-1.885569840669631958e-01
3.464687764644622803e-01
2.136493325233459473e-01
-6.048059090971946716e-02
-1.512957513332366943e-01
2.751275002956390381e-01
4.236470162868499756e-01
3.098428547382354736e-01
-2.975065708160400391e-01
9.768666699528694153e-03
7.923332042992115021e-03
-4.019526541233062744e-01
-1.387837380170822144e-01
1.852980852127075195e-01
-1.510424911975860596e-01
-5.814917013049125671e-02
1.025438308715820312e-01
-2.615966089069843292e-02
1.111391708254814148e-01
-1.049174070358276367e-01
-3.077038228511810303e-01
2.510099858045578003e-02
-1.585659384727478027e-01
5.064332857728004456e-02
-4.500754773616790771e-01
1.259598582983016968e-01
2.950844168663024902e-01
3.013171851634979248e-01
-2.545133531093597412e-01
8.083482831716537476e-02
1.347730010747909546e-01
-1.729625910520553589e-01
-6.685408949851989746e-02
4.180958569049835205e-01
-5.759061500430107117e-02
1.170623376965522766e-01
3.996082842350006104e-01
-9.533119201660156250e-02
-3.635185062885284424e-01
1.662821620702743530e-01
-2.735279202461242676e-01
-3.556795045733451843e-02
2.818724215030670166e-01
-9.722497463226318359e-01
-5.325751844793558121e-03
-2.814168808981776237e-03
1.059974655508995056e-01
-1.878622323274612427e-01
-1.145392432808876038e-01
-3.022433221340179443e-01
-2.634836733341217041e-01
3.108224272727966309e-01
8.067220449447631836e-02
-2.287199944257736206e-01
9.877833724021911621e-02
1.656310707330703735e-01
2.582494318485260010e-01
-2.115457504987716675e-01
-1.059279143810272217e-01
-1.317133307456970215e-01
2.555998740717768669e-03
1.117598339915275574e-01
3.221285045146942139e-01
5.904799699783325195e-01
-6.294839978218078613e-01
-1.258358508348464966e-01
8.490133285522460938e-02
