-3.666169941425323486e-01
-1.085025072097778320e-02
-2.548429965972900391e-01
-7.330974936485290527e-02
-4.608800113201141357e-01
1.494347453117370605e-01
-1.190895065665245056e-01
7.403900474309921265e-02
-4.261674880981445312e-01
-1.188284993171691895e+00
2.842797636985778809e-01
2.493257522583007812e-01
-2.177832424640655518e-01
-8.908475190401077271e-02
-1.108900010585784912e-01
-9.723558276891708374e-02
-5.019775032997131348e-01
3.887025117874145508e-01
2.309924960136413574e-01
-1.668100059032440186e-01
-2.097600102424621582e-01
-6.952900439500808716e-02
-3.819998353719711304e-03
2.405442595481872559e-01
-3.137150108814239502e-01
9.627790749073028564e-02
2.043049931526184082e-01
3.938390314579010010e-02
3.158245086669921875e-01
-4.012949764728546143e-01
-2.894025146961212158e-01
5.624200105667114258e-01
-2.156955003738403320e-01
-1.954732537269592285e-01
-8.759800195693969727e-01
2.277175188064575195e-01
2.532174885272979736e-01
-3.673950135707855225e-01
-2.000450044870376587e-01
1.140712499618530273e-01
1.358149945735931396e-01
2.429032325744628906e-01
-2.961500287055969238e-01
6.095292568206787109e-01
-7.986900210380554199e-02
-2.232124954462051392e-01
1.412774771451950073e-01
-4.178075492382049561e-02
2.516124770045280457e-02
8.506599813699722290e-02
3.761500120162963867e-02
1.249860003590583801e-01
-2.814972698688507080e-01
2.408100068569183350e-01
3.843849897384643555e-02
1.002956181764602661e-01
-9.859994053840637207e-03
-7.011248916387557983e-02
8.236700296401977539e-02
-4.549434781074523926e-01
4.951800107955932617e-01
6.955075263977050781e-02
5.106074810028076172e-01
-1.025374885648488998e-02
-1.682427525520324707e-01
-1.699232459068298340e-01
3.611575067043304443e-02
-7.399250566959381104e-02
3.136200010776519775e-01
-3.672974705696105957e-01
-2.948767542839050293e-01
3.131115138530731201e-01
3.690624833106994629e-01
-8.497502654790878296e-03
-4.950299859046936035e-01
-1.361649930477142334e-01
-6.003500521183013916e-02
1.529484987258911133e-01
-1.065424978733062744e-01
7.622003555297851562e-03
4.973224550485610962e-02
1.812500059604644775e-01
9.595049917697906494e-02
-4.780875146389007568e-01
2.967399954795837402e-01
8.281874656677246094e-02
-4.522275179624557495e-02
5.387425422668457031e-01
2.242977023124694824e-01
1.320574898272752762e-02
1.278657466173171997e-01
2.161446809768676758e-01
-2.825577259063720703e-01
-4.639149904251098633e-01
5.736799836158752441e-01
2.447750419378280640e-02
8.469250053167343140e-02
-2.086887955665588379e-01
2.131074965000152588e-01
-6.380220055580139160e-01
-8.433900773525238037e-02
-1.180250048637390137e-01
1.188176721334457397e-01
6.968750059604644775e-02
-2.197874933481216431e-01
-6.607998907566070557e-02
-7.525500655174255371e-02
5.160799995064735413e-02
8.332498371601104736e-03
-3.992249816656112671e-02
1.752575039863586426e-01
-3.049374371767044067e-02
2.768617570400238037e-01
2.420297563076019287e-01
3.287999331951141357e-02
4.014250636100769043e-02
-2.557850182056427002e-01
1.671668887138366699e-01
-3.170324862003326416e-02
-2.400592565536499023e-01
4.019700288772583008e-01
3.379150480031967163e-02
-8.198275417089462280e-02
-3.314874768257141113e-01
2.326499670743942261e-03
-2.285850234329700470e-02
1.314225047826766968e-01
-3.694248944520950317e-02
2.946624532341957092e-02
3.890750184655189514e-02
2.595422565937042236e-01
-3.216574788093566895e-01
-4.633774757385253906e-01
-1.973250508308410645e-02
4.737503826618194580e-03
-3.577975034713745117e-01
2.016775161027908325e-01
3.574464842677116394e-02
3.324449956417083740e-01
-2.994899451732635498e-02
-1.634974926710128784e-01
1.491775214672088623e-01
1.686775088310241699e-01
-2.233342528343200684e-01
-4.598874747753143311e-01
-2.301507592201232910e-01
-8.202924579381942749e-02
-3.878099918365478516e-01
2.103349864482879639e-01
-5.413549393415451050e-02
5.033674836158752441e-01
-3.353450000286102295e-01
1.848349869251251221e-01
-2.264004945755004883e-01
1.615742444992065430e-01
8.611749857664108276e-02
1.233175098896026611e-01
3.849500417709350586e-02
-1.121252477169036865e-01
-1.111524924635887146e-01
-7.334999740123748779e-03
-1.617412567138671875e-01
-5.431000888347625732e-02
9.245724976062774658e-02
-1.895169913768768311e-01
1.818841844797134399e-01
-1.441655009984970093e-01
9.181025624275207520e-02
4.655724018812179565e-02
2.712299823760986328e-01
-1.689299941062927246e-02
6.594750285148620605e-02
-2.924575209617614746e-01
6.700025200843811035e-01
-1.591574996709823608e-01
-5.444750189781188965e-02
-3.002357482910156250e-01
-2.382302582263946533e-01
9.273495525121688843e-03
5.006774663925170898e-01
-3.868699967861175537e-01
2.005977481603622437e-01
-3.670749962329864502e-01
7.813625782728195190e-02
-5.220977663993835449e-01
-4.672999978065490723e-01
-2.342124730348587036e-01
1.574328690767288208e-01
2.064455002546310425e-01
2.476499974727630615e-01
4.830265045166015625e-01
1.246600002050399780e-01
-6.606187671422958374e-02
3.670513629913330078e-01
-1.617935001850128174e-01
2.398793250322341919e-01
2.739849984645843506e-01
-1.098789945244789124e-01
-5.119249969720840454e-02
-2.013042420148849487e-01
7.627274990081787109e-01
-2.144600003957748413e-01
1.073980033397674561e-01
2.329775094985961914e-01
1.650512516498565674e-01
-4.700617790222167969e-01
-3.707875013351440430e-01
1.694232672452926636e-01
2.243925034999847412e-01
-1.203177496790885925e-01
-4.907557070255279541e-01
-2.371490001678466797e-01
-1.435799896717071533e-01
5.934025049209594727e-01
-4.274167418479919434e-01
-3.577250242233276367e-02
4.240750521421432495e-02
1.088374927639961243e-01
-2.680725157260894775e-01
-4.760749638080596924e-02
-8.087024092674255371e-02
6.740207970142364502e-02
1.677498221397399902e-03
1.150325089693069458e-01
1.884707063436508179e-02
-1.412512362003326416e-02
-9.643199294805526733e-02
3.466000035405158997e-02
9.500004351139068604e-03
2.130312621593475342e-01
1.549225021153688431e-02
2.137527614831924438e-01
-1.637465059757232666e-01
-3.859369754791259766e-01
6.094825267791748047e-01
4.654750227928161621e-02
-5.868675559759140015e-02
3.217750042676925659e-02
1.842274963855743408e-01
3.813084959983825684e-01
3.046100139617919922e-01
-2.307357490062713623e-01
5.212075263261795044e-02
-7.032250612974166870e-02
-2.688300013542175293e-01
-8.986374735832214355e-02
2.285339981317520142e-01
-2.675850093364715576e-01
-1.968374997377395630e-01
2.736150026321411133e-01
-2.137254774570465088e-01
2.179955095052719116e-01
-1.950317472219467163e-01
-2.513764798641204834e-01
1.037449985742568970e-01
-2.467825114727020264e-01
3.353524804115295410e-01
-6.491899490356445312e-01
3.054871559143066406e-01
5.251975059509277344e-01
4.447299838066101074e-01
-9.019450098276138306e-02
-1.337099969387054443e-01
-1.246339976787567139e-01
-1.908949911594390869e-01
-1.353932470083236694e-01
5.040749907493591309e-01
-9.401424229145050049e-02
2.240300178527832031e-01
4.631549715995788574e-01
-1.403024941682815552e-01
-5.904774665832519531e-01
1.271424889564514160e-01
-2.354812622070312500e-01
-1.858334541320800781e-01
3.900749981403350830e-01
-1.236527442932128906e+00
6.471775472164154053e-02
-6.553774327039718628e-02
-1.529128700494766235e-01
-3.872550129890441895e-01
-1.457342505455017090e-01
-5.175769925117492676e-01
-1.455925107002258301e-01
2.200485169887542725e-01
-9.148974716663360596e-02
-1.292575001716613770e-01
2.647499740123748779e-02
3.732675015926361084e-01
3.370827734470367432e-01
-1.870307475328445435e-01
-8.284100145101547241e-02
9.682999551296234131e-02
1.278885006904602051e-01
-4.543999582529067993e-02
1.987274885177612305e-01
5.000399947166442871e-01
-6.724932789802551270e-01
-4.037100076675415039e-01
-3.658200800418853760e-02
