-4.158760011196136475e-01
2.443593293428421021e-01
-5.332500338554382324e-01
-1.606966741383075714e-02
-5.002099871635437012e-01
3.617196381092071533e-01
-5.266400054097175598e-02
8.941334486007690430e-02
-5.182399749755859375e-01
-1.125646710395812988e+00
2.542829811573028564e-01
3.590566813945770264e-01
-1.662309914827346802e-01
-3.928066790103912354e-01
-2.871299982070922852e-01
-1.830000132322311401e-01
-3.321399986743927002e-01
4.887633323669433594e-01
1.756763458251953125e-01
-2.308666706085205078e-01
-1.061600074172019958e-01
-2.177066542208194733e-02
-1.169199943542480469e-01
4.682999849319458008e-02
-2.775000035762786865e-01
1.142221987247467041e-01
2.548766434192657471e-01
3.543266952037811279e-01
2.167493253946304321e-01
-7.118232846260070801e-01
-3.909499943256378174e-01
6.200933456420898438e-01
-2.061039954423904419e-01
-1.147769987583160400e-01
-8.420066833496093750e-01
1.633566617965698242e-01
5.517233014106750488e-01
-6.265166401863098145e-01
-2.869900129735469818e-02
-1.625400036573410034e-01
-1.670966744422912598e-01
-2.368567325174808502e-02
-6.352600455284118652e-01
8.507333397865295410e-01
-1.427453309297561646e-01
-3.844532966613769531e-01
2.819158136844635010e-01
-2.802000008523464203e-02
1.781583279371261597e-01
8.211132884025573730e-02
-5.153999850153923035e-02
3.463099896907806396e-01
-2.383233308792114258e-01
2.985843420028686523e-01
9.367898851633071899e-02
2.511880099773406982e-01
2.858566939830780029e-01
-2.299713343381881714e-01
3.416600823402404785e-02
-3.875080049037933350e-01
6.241433620452880859e-01
8.996433019638061523e-02
3.354499638080596924e-01
1.165766716003417969e-01
-1.632133275270462036e-01
7.938233017921447754e-02
1.892333477735519409e-01
-1.228666771203279495e-02
3.119833469390869141e-01
-3.530366420745849609e-01
-3.697366714477539062e-01
4.280566871166229248e-01
4.896500110626220703e-01
6.184666231274604797e-02
-6.783099770545959473e-01
-2.808099985122680664e-01
-6.562334299087524414e-02
3.513943254947662354e-01
1.215436682105064392e-01
3.682999685406684875e-02
6.142665818333625793e-02
3.501433432102203369e-01
2.287786602973937988e-01
-5.178499817848205566e-01
1.699333339929580688e-01
-2.542499639093875885e-02
-7.485366612672805786e-02
6.733500361442565918e-01
1.552602797746658325e-01
1.406499892473220825e-01
4.836016595363616943e-01
3.022395670413970947e-01
-2.825870215892791748e-01
-3.650633394718170166e-01
6.338533759117126465e-01
3.150999844074249268e-01
-1.838166713714599609e-01
-3.630833327770233154e-01
4.193466603755950928e-01
-7.860900759696960449e-01
1.863233186304569244e-02
-3.523933589458465576e-01
9.796789288520812988e-02
9.310165792703628540e-02
-2.245166748762130737e-01
-9.720333665609359741e-02
4.763334989547729492e-03
1.173526644706726074e-01
1.123463287949562073e-01
1.479826718568801880e-01
3.657700121402740479e-01
-1.179833244532346725e-02
8.445132523775100708e-02
2.324533462524414062e-01
-2.483900040388107300e-01
-1.686166524887084961e-01
-2.279850095510482788e-01
2.032066732645034790e-01
-9.831666946411132812e-02
-2.287399917840957642e-01
3.711933195590972900e-01
-8.874332904815673828e-02
-1.916463375091552734e-01
-6.031966209411621094e-01
1.213859915733337402e-01
-1.349466592073440552e-01
2.669000066816806793e-02
-2.202499955892562866e-01
-3.736332058906555176e-03
-5.914000049233436584e-02
-7.197033613920211792e-02
-4.682066440582275391e-01
-3.811533451080322266e-01
-8.698333054780960083e-02
1.087333261966705322e-02
-5.491833090782165527e-01
2.942746579647064209e-01
-4.183804150670766830e-03
3.241299986839294434e-01
-1.077066659927368164e-01
5.807666853070259094e-02
3.414300382137298584e-01
2.742143273353576660e-01
-2.098243385553359985e-01
-3.277999758720397949e-01
-2.107533365488052368e-01
-2.708599865436553955e-01
-6.105366349220275879e-01
1.292366534471511841e-01
-4.597330931574106216e-03
6.622000336647033691e-01
-4.531233310699462891e-01
1.488300133496522903e-02
-2.887733280658721924e-01
2.758890092372894287e-01
-1.488950103521347046e-01
3.481633663177490234e-01
2.020050734281539917e-01
-3.256966769695281982e-01
-3.684133291244506836e-01
-6.333291530609130859e-04
-3.829766511917114258e-01
-1.546000409871339798e-02
1.754699945449829102e-01
-1.966466456651687622e-01
3.334389030933380127e-01
-1.403346657752990723e-01
-2.685432694852352142e-02
-2.034566849470138550e-01
1.584166586399078369e-01
-2.765666507184505463e-02
2.328500002622604370e-01
-5.087999626994132996e-02
6.969566345214843750e-01
-1.710200160741806030e-01
-3.381433486938476562e-01
-1.773809939622879028e-01
-3.260366618633270264e-01
-1.678043454885482788e-01
5.681233406066894531e-01
-6.078799962997436523e-01
3.810033500194549561e-01
-4.986299574375152588e-01
-2.195916622877120972e-01
-7.157566547393798828e-01
-1.002200022339820862e-01
-2.672866582870483398e-01
-1.243180013261735439e-03
4.970140159130096436e-01
2.879933416843414307e-01
7.103233337402343750e-01
3.010599911212921143e-01
3.389016911387443542e-02
5.359991192817687988e-01
-1.214919984340667725e-01
2.692667543888092041e-01
4.064366817474365234e-01
-9.956366568803787231e-02
1.447400078177452087e-02
-2.735533416271209717e-01
6.596999764442443848e-01
-2.333186715841293335e-01
-1.233676671981811523e-01
3.828000128269195557e-01
2.471706718206405640e-01
-3.198390305042266846e-01
-3.958799839019775391e-01
1.145800054073333740e-01
5.254233479499816895e-01
-1.982723325490951538e-01
-5.814499855041503906e-01
8.022800087928771973e-02
-4.633300006389617920e-01
6.635633111000061035e-01
-7.105500102043151855e-01
-1.552666258066892624e-02
2.736000120639801025e-01
2.639333344995975494e-02
-2.862800061702728271e-01
-3.966733515262603760e-01
2.523005008697509766e-03
6.059867143630981445e-02
8.169666677713394165e-02
2.653946578502655029e-01
1.303833276033401489e-01
-2.791049145162105560e-02
-2.639933228492736816e-01
9.893032908439636230e-02
-9.050666540861129761e-02
3.798316717147827148e-01
-9.160000085830688477e-02
3.358270227909088135e-01
-1.652400046586990356e-01
-2.712593376636505127e-01
6.046066880226135254e-01
-1.674299985170364380e-01
-1.944596767425537109e-01
1.239876747131347656e-01
4.254399836063385010e-01
2.414079904556274414e-01
3.341001272201538086e-02
-3.618499934673309326e-01
2.138333320617675781e-01
8.934999257326126099e-02
-1.549000144004821777e-01
2.738666534423828125e-02
1.315323263406753540e-01
-2.486519962549209595e-01
-1.519166678190231323e-01
2.731893360614776611e-01
5.126675125211477280e-03
3.624933585524559021e-02
-1.511666178703308105e-02
-1.631603240966796875e-01
-1.960406750440597534e-01
-4.253366887569427490e-01
6.273333430290222168e-01
-7.700865864753723145e-01
1.313195675611495972e-01
4.796700179576873779e-01
6.801767349243164062e-01
-8.790334314107894897e-02
-2.261233329772949219e-01
-3.358453214168548584e-01
-1.091533377766609192e-01
-2.249466627836227417e-01
5.559700131416320801e-01
-2.499643415212631226e-01
4.260003566741943359e-03
7.644100189208984375e-01
-8.910000324249267578e-02
-3.258166611194610596e-01
1.931233257055282593e-01
-2.425500005483627319e-01
-2.676012814044952393e-01
6.317533254623413086e-01
-8.958966732025146484e-01
-1.570966280996799469e-02
-3.176099956035614014e-01
-6.615716964006423950e-02
-4.757166802883148193e-01
1.078833639621734619e-02
-7.809733748435974121e-01
-3.147000074386596680e-01
5.475966930389404297e-01
-1.272299885749816895e-01
1.045556366443634033e-01
-4.336333274841308594e-02
3.117833435535430908e-01
4.869699776172637939e-01
-2.665750086307525635e-01
-1.410613358020782471e-01
1.110123395919799805e-01
1.252446621656417847e-01
-2.546733319759368896e-01
9.402332454919815063e-02
7.390632629394531250e-01
-9.803433418273925781e-01
-4.527200162410736084e-01
-2.448026686906814575e-01
