-2.132839858531951904e-01
1.646014302968978882e-01
-3.289957046508789062e-01
-1.674715578556060791e-01
-5.066171288490295410e-01
2.960655689239501953e-01
-1.985112875699996948e-01
2.240557223558425903e-01
-5.519580245018005371e-01
-1.269727110862731934e+00
2.552346885204315186e-01
4.363425672054290771e-01
-3.195112645626068115e-01
-5.962857231497764587e-02
-2.503728568553924561e-01
-2.758965492248535156e-01
-4.424528777599334717e-01
2.217209041118621826e-01
2.440601438283920288e-01
-1.300857216119766235e-01
-1.346219927072525024e-01
-1.036742329597473145e-02
-1.769885234534740448e-02
-3.729299455881118774e-02
1.210528537631034851e-01
-4.445248097181320190e-02
3.437341153621673584e-01
1.656685769557952881e-01
2.086212933063507080e-01
-5.198265314102172852e-01
-1.788618564605712891e-01
6.162694096565246582e-01
-1.939139813184738159e-01
-1.813885718584060669e-01
-6.053556799888610840e-01
-1.195114254951477051e-01
2.684685587882995605e-01
-3.644185662269592285e-01
-1.743614226579666138e-01
3.610914051532745361e-01
-2.340351492166519165e-01
1.160434335470199585e-01
-5.353342890739440918e-01
6.273185014724731445e-01
-1.605965793132781982e-01
-3.151751160621643066e-01
2.534094452857971191e-01
6.908700615167617798e-02
1.277278512716293335e-01
6.077485904097557068e-02
1.646429300308227539e-03
1.921142786741256714e-01
-8.466430939733982086e-03
3.838143125176429749e-02
-1.536905765533447266e-01
2.051172703504562378e-01
4.623685777187347412e-01
-1.409899890422821045e-01
1.474295854568481445e-01
-2.758319973945617676e-01
5.798671841621398926e-01
1.960381418466567993e-01
1.584471315145492554e-01
1.441678702831268311e-01
-1.795484125614166260e-01
2.221225388348102570e-02
1.189714670181274414e-02
2.472125180065631866e-02
1.387788504362106323e-01
-4.377956986427307129e-01
-1.680828481912612915e-01
5.198771357536315918e-01
3.831057250499725342e-01
2.680845856666564941e-01
-6.482900381088256836e-01
-3.411124050617218018e-01
2.846085727214813232e-01
-3.504400327801704407e-02
6.274043023586273193e-02
1.554585844278335571e-01
1.859428361058235168e-02
1.401522904634475708e-01
3.448228165507316589e-02
-6.427511572837829590e-01
-1.360999885946512222e-02
3.981500118970870972e-02
-1.151487082242965698e-01
5.309365987777709961e-01
8.551155030727386475e-02
7.133143488317728043e-03
3.191707432270050049e-01
2.409640848636627197e-01
-2.855541706085205078e-01
-3.147342801094055176e-01
2.699255347251892090e-01
2.213214337825775146e-01
-3.021999821066856384e-02
-3.737599849700927734e-01
2.608672976493835449e-01
-5.225580334663391113e-01
-1.759277135133743286e-01
-3.154499828815460205e-01
-5.694190040230751038e-02
1.018781512975692749e-01
-2.257136395201086998e-03
-1.077927127480506897e-01
2.064985781908035278e-01
3.855867087841033936e-01
-1.192400325089693069e-02
3.390220105648040771e-01
-7.704027742147445679e-02
-2.446223050355911255e-01
1.891137212514877319e-01
9.937140159308910370e-03
-2.019541412591934204e-01
-2.152756750583648682e-01
-3.117185533046722412e-01
9.493000060319900513e-02
-4.669142886996269226e-02
-1.368685662746429443e-01
3.899251520633697510e-01
-6.546614319086074829e-02
-3.330556675791740417e-02
-2.808000147342681885e-01
-6.690599769353866577e-02
1.641828715801239014e-01
3.541857004165649414e-02
2.457028627395629883e-02
7.883786410093307495e-02
-2.417171001434326172e-02
-4.290157556533813477e-02
-4.879128336906433105e-01
-3.256425559520721436e-01
-1.617241352796554565e-01
1.718834340572357178e-01
-3.790014088153839111e-01
-1.864829286932945251e-02
-1.844684928655624390e-01
-3.102442994713783264e-02
-1.761288493871688843e-01
9.605435654520988464e-03
3.799851536750793457e-01
3.377414345741271973e-01
-1.645577251911163330e-01
-3.148294091224670410e-01
-2.197188138961791992e-01
-2.025128751993179321e-01
-4.560952782630920410e-01
2.615114450454711914e-01
-4.173670336604118347e-02
3.260329663753509521e-01
-7.926557958126068115e-02
1.185871660709381104e-02
-2.988035678863525391e-01
1.257035732269287109e-01
-1.714121252298355103e-01
2.432502806186676025e-01
1.538200080394744873e-01
-7.594285160303115845e-02
-3.970826566219329834e-01
-1.371598541736602783e-01
-2.051185667514801025e-01
-2.813042700290679932e-01
2.994937635958194733e-02
-3.604176938533782959e-01
3.400019705295562744e-01
-3.918257355690002441e-02
5.266600474715232849e-02
-1.401048451662063599e-01
2.312808781862258911e-01
3.512999787926673889e-02
1.618495732545852661e-01
-9.660986810922622681e-02
6.091371178627014160e-01
1.566142886877059937e-01
-1.179271414875984192e-01
-6.958857178688049316e-02
-5.452511087059974670e-02
-9.313028305768966675e-02
5.027813911437988281e-01
-4.319586157798767090e-01
3.434737026691436768e-01
-1.470459997653961182e-01
-2.672392725944519043e-01
-6.332434415817260742e-01
-1.261000186204910278e-01
-3.161413967609405518e-01
2.995023429393768311e-01
3.179688453674316406e-01
3.750600218772888184e-01
6.499628424644470215e-01
3.921524584293365479e-01
3.948292508721351624e-02
2.767896354198455811e-01
-2.867888510227203369e-01
-5.235853791236877441e-02
1.519722938537597656e-01
2.835485711693763733e-02
-4.377143830060958862e-02
-2.855424284934997559e-01
7.105057835578918457e-01
-1.370185613632202148e-01
1.670417040586471558e-01
3.906685709953308105e-01
2.417274415493011475e-01
-1.036412864923477173e-01
-4.317819774150848389e-01
5.488999933004379272e-02
3.756086826324462891e-01
-3.888912796974182129e-01
-6.257271766662597656e-01
-1.507094353437423706e-01
-1.667185723781585693e-01
6.054324507713317871e-01
-5.421400070190429688e-01
3.929100185632705688e-02
2.946930527687072754e-01
-6.788355857133865356e-02
-1.346999853849411011e-01
-3.230771422386169434e-01
-2.012629806995391846e-01
-2.863028645515441895e-02
4.306957125663757324e-02
4.479228556156158447e-01
3.146427869796752930e-02
-1.122592575848102570e-02
1.847528517246246338e-01
2.395915687084197998e-01
-3.187284991145133972e-02
3.688383698463439941e-01
-2.252785861492156982e-01
2.693918645381927490e-01
-1.606337130069732666e-01
-3.576587140560150146e-01
3.680071532726287842e-01
1.896942593157291412e-02
-5.916527286171913147e-02
6.091900542378425598e-02
9.774343669414520264e-02
3.400848209857940674e-01
-7.209714036434888840e-03
-3.463561534881591797e-01
5.920113995671272278e-02
1.943554431200027466e-01
-2.307577282190322876e-01
-8.605371415615081787e-02
1.418952792882919312e-01
-3.614239990711212158e-01
-7.045786082744598389e-02
1.879188716411590576e-01
8.457428961992263794e-02
3.522171452641487122e-02
-6.221685558557510376e-02
-2.031351476907730103e-01
-2.535905539989471436e-01
-2.632185816764831543e-01
3.759985566139221191e-01
-5.739461183547973633e-01
1.225492432713508606e-01
1.118057295680046082e-01
5.402299761772155762e-01
-3.730700016021728516e-01
-2.222167104482650757e-01
-4.949700087308883667e-02
-8.182414621114730835e-02
-9.819320589303970337e-02
5.589828491210937500e-01
-6.850255304016172886e-04
-4.696999862790107727e-02
5.904628038406372070e-01
-9.067714214324951172e-02
-4.193057119846343994e-01
4.971221387386322021e-01
-2.816022932529449463e-01
-2.293654158711433411e-02
3.901157379150390625e-01
-7.499674558639526367e-01
-5.737328529357910156e-02
-2.080542743206024170e-01
1.026555076241493225e-01
-3.393257260322570801e-01
-1.731507033109664917e-01
-3.928651809692382812e-01
-3.642928600311279297e-01
4.315414130687713623e-01
2.008726894855499268e-01
-2.291529439389705658e-02
-9.563282877206802368e-02
2.697857022285461426e-01
3.316257297992706299e-01
-1.545223444700241089e-01
-4.201199486851692200e-02
-5.461128428578376770e-02
8.341057598590850830e-02
9.907714277505874634e-02
1.084742918610572815e-01
7.036299705505371094e-01
-7.651242613792419434e-01
-1.852985769510269165e-01
4.796054586768150330e-02
