-2.782844901084899902e-01
-6.771299242973327637e-02
-3.101400136947631836e-01
2.794502303004264832e-03
-5.149124860763549805e-01
2.793599963188171387e-01
1.230575144290924072e-02
2.669699862599372864e-02
-5.372185111045837402e-01
-1.156244993209838867e+00
3.933975100517272949e-01
5.441993474960327148e-03
-3.310472369194030762e-01
-1.248152479529380798e-01
-2.397724986076354980e-01
5.510453134775161743e-03
-2.733775079250335693e-01
4.241665601730346680e-01
1.150349974632263184e-01
-2.576875090599060059e-01
-7.734000682830810547e-02
8.718503639101982117e-03
-1.804054975509643555e-01
3.528574854135513306e-02
-2.477925121784210205e-01
1.233916580677032471e-01
1.448719948530197144e-02
7.664039731025695801e-04
1.622370034456253052e-01
-5.067849755287170410e-01
-1.547682434320449829e-01
5.388525128364562988e-01
-3.558675050735473633e-01
-3.846344947814941406e-01
-1.149502515792846680e+00
3.148024976253509521e-01
5.510699748992919922e-01
-4.076175093650817871e-01
-1.468992084264755249e-01
2.513874322175979614e-02
2.680850028991699219e-02
-2.891117334365844727e-01
-3.935409784317016602e-01
3.634725213050842285e-01
-1.387500017881393433e-01
-2.863839864730834961e-01
1.565868705511093140e-01
-5.969999730587005615e-02
2.020382583141326904e-01
3.543284833431243896e-01
-1.517250016331672668e-02
8.137750625610351562e-02
-4.536475241184234619e-01
2.319825440645217896e-02
-1.727932542562484741e-01
2.475041300058364868e-01
3.381775319576263428e-01
2.009149640798568726e-02
3.577620089054107666e-01
-2.383385002613067627e-01
8.417424559593200684e-01
3.932850435376167297e-02
3.151749968528747559e-01
2.001562565565109253e-01
-7.206024229526519775e-02
-3.249032497406005859e-01
1.064825057983398438e-02
-1.722615510225296021e-01
3.233125209808349609e-01
-3.773425221443176270e-01
-4.094399809837341309e-01
2.147839963436126709e-01
2.661649882793426514e-01
2.471825033426284790e-01
-4.357700049877166748e-01
-3.337372541427612305e-01
-1.891925036907196045e-01
5.920032262802124023e-01
-1.565022468566894531e-01
-1.286550015211105347e-01
1.671479940414428711e-01
1.393224895000457764e-01
5.297139883041381836e-01
-4.457175135612487793e-01
3.626999855041503906e-01
-3.988873958587646484e-02
-2.331259846687316895e-01
7.493199706077575684e-01
1.486520469188690186e-02
1.079937517642974854e-01
3.050900101661682129e-01
3.554325103759765625e-01
-5.334702730178833008e-01
-4.643850326538085938e-01
3.037196695804595947e-01
1.814800053834915161e-01
4.429499432444572449e-02
-1.838030517101287842e-01
3.174312710762023926e-01
-6.975774765014648438e-01
1.105207502841949463e-01
-2.747474908828735352e-01
4.833242855966091156e-03
4.418375343084335327e-02
-2.801724970340728760e-01
-4.586499556899070740e-02
-1.978525072336196899e-01
7.212025672197341919e-02
-5.827745422720909119e-03
2.100670039653778076e-01
5.116264820098876953e-01
-2.332450151443481445e-01
3.020250201225280762e-01
1.688625216484069824e-01
-3.883697390556335449e-01
2.276950180530548096e-01
-2.405312508344650269e-01
-3.752237558364868164e-02
-1.447525024414062500e-01
-1.946875005960464478e-01
4.162990152835845947e-01
-6.149349361658096313e-02
-2.606872618198394775e-01
-4.275524914264678955e-01
1.365495026111602783e-01
-1.802759915590286255e-01
1.760950088500976562e-01
1.003299951553344727e-01
1.826498657464981079e-03
1.286724954843521118e-01
1.314747631549835205e-01
-4.445125162601470947e-01
-1.591354906558990479e-01
4.688925296068191528e-02
4.355002194643020630e-03
-2.782275080680847168e-01
-4.470399767160415649e-02
-6.851985305547714233e-02
3.964579999446868896e-01
5.600199848413467407e-02
-5.200299993157386780e-02
3.393875062465667725e-01
1.984857469797134399e-01
2.059247344732284546e-03
-1.395174860954284668e-01
-1.947604268789291382e-01
-1.239675059914588928e-01
-4.671967327594757080e-01
9.828999638557434082e-02
-1.901487410068511963e-01
2.261900007724761963e-01
-3.828547596931457520e-01
1.277397572994232178e-01
-2.844537496566772461e-01
1.042449995875358582e-01
6.349374353885650635e-02
2.222524881362915039e-01
1.812973350752145052e-04
3.346750140190124512e-02
-1.680625081062316895e-01
2.054327577352523804e-01
-2.914682626724243164e-01
-3.406624794006347656e-01
1.474557518959045410e-01
1.136504113674163818e-03
3.252599835395812988e-01
-4.072900116443634033e-02
1.597982645034790039e-01
-8.845524489879608154e-02
1.889215111732482910e-01
9.436249732971191406e-02
1.001375019550323486e-01
9.454749524593353271e-02
3.039575219154357910e-01
-2.615399956703186035e-01
1.035749986767768860e-01
-2.067419886589050293e-01
-1.843300014734268188e-01
-3.864875435829162598e-02
6.315925121307373047e-01
-4.753125011920928955e-01
1.927517503499984741e-01
-4.553174972534179688e-01
-1.272650063037872314e-01
-3.710082769393920898e-01
-4.733950197696685791e-01
-1.220725029706954956e-01
1.791169941425323486e-01
4.599179923534393311e-01
4.167124629020690918e-01
3.226239979267120361e-01
2.611756324768066406e-03
1.221314966678619385e-01
4.269768595695495605e-01
-8.477950096130371094e-02
1.860175579786300659e-01
2.657880187034606934e-01
4.645375534892082214e-02
5.555013194680213928e-04
-1.315475106239318848e-01
1.140337467193603516e+00
-2.479290217161178589e-01
1.565317511558532715e-01
3.484274744987487793e-01
1.949054896831512451e-01
-1.387592554092407227e-01
-3.126184940338134766e-01
2.696100175380706787e-01
5.056375265121459961e-01
-1.097817495465278625e-01
-5.634774565696716309e-01
-1.570500433444976807e-02
-5.151250362396240234e-01
4.236942529678344727e-01
-6.499500274658203125e-01
8.955174684524536133e-02
1.190680265426635742e-01
8.795624971389770508e-02
-2.408874928951263428e-01
-7.637100219726562500e-01
6.901000440120697021e-02
1.254250109195709229e-01
-1.316175013780593872e-01
-1.013939976692199707e-01
1.272305846214294434e-01
2.350721359252929688e-01
-1.784449070692062378e-02
9.100849926471710205e-02
-2.927075028419494629e-01
3.547073602676391602e-01
-9.722775220870971680e-02
4.122574999928474426e-02
4.096249490976333618e-02
-4.376320242881774902e-01
4.912775158882141113e-01
-5.425250530242919922e-02
-1.088537275791168213e-01
2.732532620429992676e-01
3.354324698448181152e-01
1.733250021934509277e-01
1.782807558774948120e-01
-1.969307661056518555e-01
3.723950311541557312e-02
4.298000782728195190e-02
-1.084595024585723877e-01
-7.080399990081787109e-02
1.299480050802230835e-01
-1.701709926128387451e-01
-4.759112298488616943e-01
1.629444956779479980e-01
-3.849750161170959473e-01
1.568775027990341187e-01
-5.285450071096420288e-02
-1.197337433695793152e-01
1.418969929218292236e-01
-8.823999762535095215e-02
4.879949688911437988e-01
-6.613824367523193359e-01
2.517346739768981934e-01
3.247424960136413574e-01
6.061899662017822266e-01
-3.059950470924377441e-02
-3.074017465114593506e-01
-1.819592565298080444e-01
-1.100802496075630188e-01
-1.528984904289245605e-01
5.255824923515319824e-01
-1.534932404756546021e-01
2.474600076675415039e-01
8.478649854660034180e-01
1.400225013494491577e-01
-3.229149878025054932e-01
1.102049946784973145e-01
-2.326665073633193970e-01
-2.795389294624328613e-01
5.992574691772460938e-01
-1.082520008087158203e+00
9.308899939060211182e-02
-1.682777404785156250e-01
-2.543736100196838379e-01
-4.370949864387512207e-01
-3.261412382125854492e-01
-5.740497708320617676e-01
-1.682000160217285156e-01
1.746475100517272949e-01
2.450750395655632019e-02
-2.018932700157165527e-01
6.042132154107093811e-02
3.126524984836578369e-01
7.811275124549865723e-02
-2.948653697967529297e-01
-1.075100079178810120e-01
2.086617499589920044e-01
2.166910022497177124e-01
-2.107699960470199585e-01
1.389499902725219727e-01
6.112225055694580078e-01
-8.319050073623657227e-01
-3.067924976348876953e-01
3.585254848003387451e-01
