-1.150228008627891541e-01
-8.592024445533752441e-02
-1.886680126190185547e-01
-1.627715080976486206e-01
-5.749250054359436035e-01
8.360500633716583252e-02
-1.130697503685951233e-01
3.258219957351684570e-01
-5.413074493408203125e-01
-1.254010081291198730e+00
2.146749943494796753e-02
7.678574323654174805e-02
-3.697032332420349121e-01
1.252979934215545654e-01
6.794475018978118896e-02
-5.125999823212623596e-02
-4.023399949073791504e-01
7.272249460220336914e-02
2.594025135040283203e-01
-1.427932530641555786e-01
-3.233217597007751465e-01
-5.033250153064727783e-02
2.386499941349029541e-02
1.885250061750411987e-01
-1.626501977443695068e-02
-1.301546096801757812e-01
3.175002634525299072e-01
1.542493700981140137e-03
2.722244858741760254e-01
-4.071699976921081543e-01
-3.160150051116943359e-01
2.871250212192535400e-01
-3.166275024414062500e-01
1.384575106203556061e-02
-7.199875116348266602e-01
2.732592523097991943e-01
3.532024845480918884e-02
-2.947874963283538818e-01
-3.391275107860565186e-01
2.696750164031982422e-01
-1.421175003051757812e-01
8.210710436105728149e-02
-4.274075031280517578e-01
5.013092756271362305e-01
-1.513600051403045654e-01
-2.074312567710876465e-01
4.150424599647521973e-01
-2.979201972484588623e-01
-3.590006381273269653e-04
-6.228400021791458130e-02
-9.858250617980957031e-02
1.216385066509246826e-01
-1.836889982223510742e-01
2.621150016784667969e-01
-1.252230107784271240e-01
3.511549830436706543e-01
2.178250253200531006e-02
-9.857726097106933594e-02
-4.792049527168273926e-02
-4.718760251998901367e-01
1.851862519979476929e-01
2.379249930381774902e-01
1.469599902629852295e-01
5.355750769376754761e-02
-1.526427567005157471e-01
-7.054099440574645996e-02
-2.514399886131286621e-01
-1.395749673247337341e-02
2.496425062417984009e-01
-4.506494849920272827e-03
-1.323892623186111450e-01
4.991260170936584473e-01
3.213475048542022705e-01
1.396724879741668701e-01
-4.601824879646301270e-01
-1.808557510375976562e-01
3.482400178909301758e-01
-2.086064815521240234e-01
-1.839424967765808105e-01
-4.238799959421157837e-02
-8.134525269269943237e-02
1.019774973392486572e-01
9.054800868034362793e-02
-5.211700201034545898e-01
-4.601850733160972595e-02
1.420187503099441528e-01
-7.041350007057189941e-02
3.241882622241973877e-01
-1.146479696035385132e-02
-1.483547389507293701e-01
4.792848974466323853e-02
6.148499995470046997e-02
-2.151802480220794678e-01
-4.609375000000000000e-01
2.576699852943420410e-01
6.321750581264495850e-02
1.973100006580352783e-01
-2.581462562084197998e-01
1.068600043654441833e-01
-5.034919977188110352e-01
-3.350600227713584900e-02
-1.089457497000694275e-01
1.058124899864196777e-01
1.234274953603744507e-01
-7.798250019550323486e-02
1.042224988341331482e-01
6.843248382210731506e-03
2.824247479438781738e-01
-1.175300031900405884e-01
-6.965500116348266602e-02
-1.349149942398071289e-01
2.084600031375885010e-01
8.225700259208679199e-02
-4.536299407482147217e-02
1.960549950599670410e-01
-1.050224974751472473e-01
-2.692474722862243652e-01
2.450917512178421021e-01
9.399503469467163086e-03
-1.901467442512512207e-01
5.212424993515014648e-01
-5.964250117540359497e-02
2.292577475309371948e-01
-2.114749327301979065e-02
3.687699511647224426e-02
5.999749526381492615e-02
1.324892640113830566e-01
1.075675040483474731e-01
-1.006375104188919067e-01
-1.301625184714794159e-02
1.021274924278259277e-02
-1.193725094199180603e-01
-2.727749943733215332e-01
-7.066499441862106323e-02
2.405474781990051270e-01
-2.597287297248840332e-01
1.453187465667724609e-01
-7.891909778118133545e-02
5.412749201059341431e-02
-1.497775018215179443e-01
-2.155275046825408936e-01
2.306142449378967285e-01
1.986519992351531982e-01
-1.585308313369750977e-01
-4.208555221557617188e-01
8.246924728155136108e-02
-4.507367610931396484e-01
-6.395500153303146362e-02
2.019099891185760498e-01
-1.256179958581924438e-01
2.078630030155181885e-01
-1.203349977731704712e-01
1.668950021266937256e-01
-1.098262518644332886e-01
2.688872516155242920e-01
-2.011249959468841553e-02
-1.640999913215637207e-01
4.409499466419219971e-02
1.340147405862808228e-01
2.792724408209323883e-02
1.984899938106536865e-01
-5.835299938917160034e-02
-6.748874485492706299e-02
1.218215003609657288e-01
-3.924469947814941406e-01
3.684999942779541016e-01
-1.619835048913955688e-01
2.674027681350708008e-01
-1.070250198245048523e-02
1.534900069236755371e-01
1.415169984102249146e-01
1.907799839973449707e-01
-2.090374976396560669e-01
5.136525034904479980e-01
-7.882998883724212646e-02
-1.309727430343627930e-01
-2.212249785661697388e-01
6.632253527641296387e-03
1.207825019955635071e-01
4.029075205326080322e-01
-1.984724849462509155e-01
3.245925009250640869e-01
-1.237874999642372131e-01
-2.038389891386032104e-01
-4.596245288848876953e-01
-2.641274929046630859e-01
-3.822499811649322510e-01
2.481632530689239502e-01
-5.867995321750640869e-03
3.274275064468383789e-01
6.486250162124633789e-01
7.924750447273254395e-02
-3.944100067019462585e-02
1.502738744020462036e-01
-1.852687448263168335e-01
1.027143299579620361e-01
2.836975269019603729e-02
-3.589524924755096436e-01
-2.310799956321716309e-01
-1.992772519588470459e-02
9.081050157546997070e-01
7.006999850273132324e-02
2.223297506570816040e-01
3.243950009346008301e-01
8.150625228881835938e-02
-1.545342504978179932e-01
-3.413774967193603516e-01
1.531682461500167847e-01
1.793932616710662842e-01
-4.470499753952026367e-01
-3.435767292976379395e-01
-1.028274968266487122e-01
-2.187537550926208496e-01
3.747199773788452148e-01
-2.490560114383697510e-01
6.877249479293823242e-02
3.191725015640258789e-01
-1.880200058221817017e-01
-2.836824953556060791e-01
-6.761499494314193726e-02
-1.954987645149230957e-03
7.968282699584960938e-02
-3.842502832412719727e-03
2.766125202178955078e-01
8.633325248956680298e-02
-1.727636903524398804e-01
4.629300162196159363e-02
8.035749197006225586e-03
-1.360427588224411011e-01
2.930149734020233154e-01
2.164367437362670898e-01
3.558377325534820557e-01
-2.294697463512420654e-01
-1.160119920969009399e-01
3.442637920379638672e-01
1.230599880218505859e-01
-3.003976121544837952e-02
-2.032649964094161987e-01
2.109824866056442261e-01
4.628390073776245117e-01
1.512665152549743652e-01
-2.277457565069198608e-01
6.062299758195877075e-02
-1.123325005173683167e-01
-5.186300277709960938e-01
3.906624764204025269e-02
2.452679872512817383e-01
-2.382249981164932251e-01
-3.131425008177757263e-02
6.589750200510025024e-02
-1.236654967069625854e-01
2.093710005283355713e-01
-1.128117442131042480e-01
-1.959275007247924805e-01
1.039455011487007141e-01
-4.372525215148925781e-02
6.166000664234161377e-02
-3.079862594604492188e-01
6.275417655706405640e-02
1.143825054168701172e-01
5.412725210189819336e-01
-3.173775076866149902e-01
1.711570024490356445e-01
1.459259986877441406e-01
-9.616275131702423096e-02
4.547744989395141602e-03
3.551625013351440430e-01
-9.166747331619262695e-03
-5.147249251604080200e-02
4.674599766731262207e-01
-1.881010532379150391e-01
-3.819455206394195557e-01
2.777365148067474365e-01
-4.131837487220764160e-01
-1.249709576368331909e-01
2.750000059604644775e-01
-1.061802506446838379e+00
-1.552000045776367188e-01
-2.537475228309631348e-01
9.008637815713882446e-02
-8.820176124572753906e-02
-1.998927444219589233e-01
-4.634797275066375732e-01
-2.247900068759918213e-01
2.545284926891326904e-01
5.127634853124618530e-02
-2.130475044250488281e-01
1.111420020461082458e-01
4.451500624418258667e-02
1.666859984397888184e-01
-1.732320040464401245e-01
-9.370174258947372437e-02
-2.938175201416015625e-01
-1.027899980545043945e-02
1.930224895477294922e-01
1.078379973769187927e-01
6.748574972152709961e-01
-7.097032070159912109e-01
-8.807501196861267090e-02
1.405880004167556763e-01
