-1.262536048889160156e-01
6.602503359317779541e-03
-4.667250066995620728e-02
1.330695003271102905e-01
-5.811349749565124512e-01
2.172349989414215088e-01
-1.491300016641616821e-02
3.932749927043914795e-01
-8.436074256896972656e-01
-1.149970054626464844e+00
-3.355300426483154297e-02
1.304991543292999268e-03
-3.766682446002960205e-01
2.091750055551528931e-01
-1.057350039482116699e-01
-2.042849957942962646e-01
-4.090474843978881836e-01
4.104900062084197998e-01
3.327900171279907227e-01
7.659250497817993164e-02
-2.841099798679351807e-01
-1.507549881935119629e-01
-1.483315229415893555e-01
2.842400074005126953e-01
4.212199747562408447e-01
2.430428862571716309e-01
4.418064951896667480e-01
1.045499742031097412e-02
3.574772477149963379e-01
-7.646050453186035156e-01
-7.307998836040496826e-02
3.825374841690063477e-01
-1.557747423648834229e-01
-1.256050020456314087e-01
-4.556874632835388184e-01
1.415295004844665527e-01
2.598772644996643066e-01
-3.795225024223327637e-01
-4.193264842033386230e-01
3.908799886703491211e-01
-3.859950006008148193e-01
-8.573575317859649658e-02
-5.439175367355346680e-01
8.167524933815002441e-01
-2.640625238418579102e-01
-2.111349999904632568e-01
5.597100257873535156e-01
-5.764262750744819641e-02
-2.806749194860458374e-03
-1.269400119781494141e-02
-1.665812432765960693e-01
4.131200015544891357e-01
-2.221325039863586426e-01
2.193075120449066162e-01
-2.397385090589523315e-01
4.781274795532226562e-01
4.147949814796447754e-01
1.414148509502410889e-02
-1.704939901828765869e-01
-4.210180044174194336e-01
3.851700127124786377e-01
2.477024793624877930e-01
-6.667000055313110352e-02
3.559300303459167480e-01
-2.136500179767608643e-02
8.167125284671783447e-02
-2.732749879360198975e-01
7.029749453067779541e-02
2.061749994754791260e-01
8.170001208782196045e-02
-4.077949821949005127e-01
1.869800090789794922e-01
2.993324995040893555e-01
1.514624953269958496e-01
-5.707300305366516113e-01
-2.136724889278411865e-01
5.608200430870056152e-01
-3.177942335605621338e-01
-2.950249612331390381e-02
-1.658024936914443970e-01
1.189550012350082397e-01
3.427149951457977295e-01
3.087370097637176514e-01
-6.012549996376037598e-01
-2.499350011348724365e-01
5.936250090599060059e-03
-3.673122525215148926e-01
8.369224518537521362e-02
-1.529522985219955444e-01
-3.470650017261505127e-01
-1.220330223441123962e-01
-3.277750313282012939e-02
-2.549277544021606445e-01
-5.749300122261047363e-01
-1.234249770641326904e-02
-2.584699541330337524e-02
7.804149389266967773e-02
-5.897524952888488770e-01
3.247525095939636230e-01
-5.867874622344970703e-01
-1.590792536735534668e-01
-1.367290019989013672e-01
3.312849998474121094e-01
2.275274991989135742e-01
1.734302639961242676e-01
-2.143774926662445068e-01
3.129749000072479248e-02
4.187492132186889648e-01
1.125600039958953857e-01
7.172525674104690552e-02
-7.582250237464904785e-02
1.141082346439361572e-01
2.899129986763000488e-01
4.650500416755676270e-02
-2.277625054121017456e-01
-3.399825096130371094e-01
-4.237025082111358643e-01
2.068249881267547607e-01
-1.847974956035614014e-01
-2.866299748420715332e-01
6.801449656486511230e-01
-8.956499397754669189e-02
5.614875257015228271e-02
1.228000074625015259e-01
2.520385086536407471e-01
2.392845004796981812e-01
9.222507476806640625e-03
8.225749433040618896e-02
-2.825075089931488037e-01
3.706999123096466064e-03
-4.212174937129020691e-02
3.042248636484146118e-02
-5.669499933719635010e-02
2.816951088607311249e-02
3.829724788665771484e-01
-2.402774989604949951e-01
8.160150051116943359e-02
-8.589035272598266602e-02
-1.483875215053558350e-01
-1.156175062060356140e-01
-2.209299951791763306e-01
2.793070077896118164e-01
1.227840036153793335e-01
-2.856149971485137939e-01
-1.293260157108306885e-01
-2.524924874305725098e-01
-3.769174814224243164e-01
-7.019250094890594482e-02
1.256324946880340576e-01
-2.388754785060882568e-01
2.559280097484588623e-01
-1.781462430953979492e-01
-3.329993691295385361e-03
-2.515650168061256409e-02
3.239949941635131836e-01
9.734124690294265747e-02
2.694624960422515869e-01
1.582999899983406067e-02
1.735875010490417480e-01
-1.283724904060363770e-01
3.494679927825927734e-01
1.193432435393333435e-01
-1.246200054883956909e-01
8.449749648571014404e-02
-5.508375167846679688e-01
3.374890089035034180e-01
-2.860610187053680420e-01
8.091249316930770874e-02
-1.692924946546554565e-01
4.349425435066223145e-02
4.391749948263168335e-02
3.153624832630157471e-01
-6.802495568990707397e-03
6.339974999427795410e-01
1.541975140571594238e-01
-2.754675038158893585e-02
-2.525599896907806396e-01
5.927000194787979126e-02
8.564750850200653076e-02
3.661350011825561523e-01
-2.978874742984771729e-01
4.318065047264099121e-01
-4.041000008583068848e-01
-2.172555029392242432e-01
-6.539250016212463379e-01
-1.907125115394592285e-01
-2.822167277336120605e-01
-4.229925200343132019e-02
2.810605168342590332e-01
1.789299994707107544e-01
5.971325635910034180e-01
6.975010037422180176e-04
1.891149878501892090e-01
1.849893778562545776e-01
-3.879775106906890869e-01
1.973225772380828857e-01
2.834799885749816895e-01
-3.620809912681579590e-01
5.045250058174133301e-02
-1.101512089371681213e-01
7.060675024986267090e-01
1.099849939346313477e-01
1.612960100173950195e-01
5.244175195693969727e-01
1.774680018424987793e-01
-4.065974801778793335e-02
-3.997725248336791992e-01
2.150599956512451172e-01
5.150749683380126953e-01
-6.544724702835083008e-01
-6.213849782943725586e-01
1.788650006055831909e-01
-3.675699830055236816e-01
3.594075143337249756e-01
-2.105334997177124023e-01
-4.457250609993934631e-02
5.432425141334533691e-01
-2.062275111675262451e-01
-1.790850162506103516e-01
-3.773400187492370605e-01
-2.854650020599365234e-01
-6.533849984407424927e-02
2.667849697172641754e-02
2.977825105190277100e-01
1.859600096940994263e-02
4.504252225160598755e-02
-3.857899829745292664e-02
3.813709914684295654e-01
-5.920507013797760010e-03
4.799050092697143555e-01
-3.040649741888046265e-02
4.384377598762512207e-01
-2.512650191783905029e-01
-1.031382530927658081e-01
3.157974779605865479e-01
2.030925005674362183e-01
-3.399822413921356201e-01
-6.647668033838272095e-02
-1.141501218080520630e-02
4.098730087280273438e-01
-2.548239827156066895e-01
-4.596324861049652100e-01
1.465010046958923340e-01
-2.346000075340270996e-02
-2.820799946784973145e-01
3.040249273180961609e-02
2.562515139579772949e-01
-9.018500149250030518e-02
-2.262209951877593994e-01
1.944000124931335449e-01
-2.346300035715103149e-01
1.621949970722198486e-01
4.224749654531478882e-02
-2.527999877929687500e-02
-3.406049907207489014e-01
-1.688502430915832520e-01
2.244849950075149536e-01
-3.837670087814331055e-01
-2.014632150530815125e-02
-6.610499322414398193e-02
8.576149940490722656e-01
-5.116025209426879883e-01
1.848575025796890259e-01
-1.406907588243484497e-01
7.077424973249435425e-02
-1.575530022382736206e-01
4.394875168800354004e-01
-9.599000215530395508e-02
4.224251210689544678e-02
7.121074795722961426e-01
-3.498075306415557861e-01
-3.083149790763854980e-01
5.865424871444702148e-01
-4.730624854564666748e-01
-3.786595165729522705e-02
4.926425218582153320e-01
-3.341780006885528564e-01
-9.630249440670013428e-02
-5.058174729347229004e-01
1.459438800811767578e-01
-1.165370047092437744e-01
-5.087824910879135132e-02
-8.171675205230712891e-01
-1.197350025177001953e-01
4.078595042228698730e-01
3.210524842143058777e-02
3.512250259518623352e-02
-4.404849931597709656e-02
2.272785007953643799e-01
2.297554910182952881e-01
-1.356617510318756104e-01
2.477699965238571167e-01
-2.921225130558013916e-01
-2.043965011835098267e-01
2.548800110816955566e-01
-4.535250365734100342e-02
6.972349882125854492e-01
-1.087635040283203125e+00
-2.831500172615051270e-01
1.579054892063140869e-01
