-2.452535182237625122e-01
-1.316332817077636719e-02
-4.317883253097534180e-01
-1.067758277058601379e-01
-6.685383319854736328e-01
-5.277349054813385010e-02
-1.338576674461364746e-01
4.435350000858306885e-01
-5.652099847793579102e-01
-1.175155043601989746e+00
4.054816812276840210e-02
1.958850026130676270e-01
-4.527638256549835205e-01
4.111832752823829651e-02
-7.742033153772354126e-02
-3.008116483688354492e-01
-3.571649789810180664e-01
8.128833025693893433e-02
2.672733366489410400e-01
-5.518099665641784668e-02
-1.931573301553726196e-01
-2.195510119199752808e-01
3.036667220294475555e-02
7.408783584833145142e-02
-1.205266714096069336e-01
-3.558139875531196594e-02
3.048703372478485107e-01
3.260066807270050049e-01
4.855564832687377930e-01
-4.347309172153472900e-01
-1.787566542625427246e-01
2.154910117387771606e-01
-3.434136211872100830e-01
-4.404066875576972961e-02
-6.478133201599121094e-01
-1.343667041510343552e-02
2.240570038557052612e-01
-6.201533675193786621e-01
-1.268783360719680786e-01
7.352332770824432373e-02
-3.351466655731201172e-01
1.519044637680053711e-01
-6.956916451454162598e-01
7.144733071327209473e-01
-2.286459952592849731e-01
-3.516624867916107178e-01
4.133332967758178711e-01
-3.364163339138031006e-01
-5.735497921705245972e-03
-3.387432917952537537e-02
1.394975036382675171e-01
1.383399963378906250e-01
-5.682067200541496277e-02
2.023583203554153442e-01
-7.031767070293426514e-02
4.856683313846588135e-01
2.012383490800857544e-01
-1.247151717543601990e-01
-1.588120013475418091e-01
-6.151456832885742188e-01
3.905408084392547607e-01
2.413405030965805054e-01
-5.817333236336708069e-02
1.245741620659828186e-01
-1.546801775693893433e-01
1.675458401441574097e-01
-2.684983313083648682e-01
1.291708350181579590e-01
2.083250135183334351e-01
-1.178919896483421326e-01
-6.702500581741333008e-02
5.805623531341552734e-01
4.065050184726715088e-01
3.870483338832855225e-01
-3.535216748714447021e-01
-9.253893047571182251e-02
4.635550081729888916e-01
-2.292753309011459351e-01
-1.246666684746742249e-01
-8.426499366760253906e-02
-2.076066732406616211e-01
8.993166685104370117e-02
4.874338861554861069e-03
-4.282279908657073975e-01
-1.384296715259552002e-01
6.912750005722045898e-02
4.694829229265451431e-03
4.336805045604705811e-01
2.910884618759155273e-01
-8.381065726280212402e-02
4.390615597367286682e-02
8.813145011663436890e-02
-3.005602061748504639e-01
-4.392483234405517578e-01
4.339716732501983643e-01
7.112666964530944824e-02
9.598325006663799286e-03
-2.537806630134582520e-01
1.637226641178131104e-01
-6.057400107383728027e-01
-2.066296786069869995e-01
-8.099883049726486206e-02
-7.715322077274322510e-02
1.841299980878829956e-01
-1.498949974775314331e-01
-1.557316631078720093e-01
-2.373400144279003143e-02
3.994111716747283936e-01
1.449549943208694458e-01
-5.984666943550109863e-02
-2.207266688346862793e-01
1.024740040302276611e-01
-2.741649746894836426e-02
1.012633647769689560e-02
1.980001805350184441e-03
-2.084783315658569336e-01
-6.151498854160308838e-02
3.797849714756011963e-01
8.843117207288742065e-02
-2.856899797916412354e-01
5.575650334358215332e-01
-2.199751734733581543e-01
3.594171702861785889e-01
-2.294716686010360718e-01
-2.005366422235965729e-02
1.662509888410568237e-01
-1.100009977817535400e-01
-9.987500309944152832e-02
-2.385241538286209106e-01
-8.417335338890552521e-03
-8.119150251150131226e-02
-2.523883283138275146e-01
-4.562466442584991455e-01
1.158250048756599426e-01
-1.994833908975124359e-02
-5.195508599281311035e-01
1.160840019583702087e-01
-5.071356892585754395e-02
2.348933219909667969e-01
-1.812420040369033813e-01
-1.906416565179824829e-01
2.321883440017700195e-01
3.242129981517791748e-01
-2.372187823057174683e-01
-3.752196729183197021e-01
8.634498715400695801e-02
-5.693383812904357910e-01
-3.034283220767974854e-01
3.879099786281585693e-01
-8.878200501203536987e-02
2.323414832353591919e-01
1.904333569109439850e-02
9.325166791677474976e-02
-1.668671816587448120e-01
1.010453328490257263e-01
-1.515591591596603394e-01
1.710366606712341309e-01
2.050083279609680176e-01
7.005498558282852173e-02
-2.418903559446334839e-01
3.732165694236755371e-02
-1.712066680192947388e-01
-1.639824956655502319e-01
6.772052496671676636e-02
-5.694250464439392090e-01
3.929711282253265381e-01
-6.870233267545700073e-02
3.051930069923400879e-01
-2.415333390235900879e-01
1.140099987387657166e-01
1.727283447980880737e-01
4.294521510601043701e-01
-1.735333204269409180e-01
6.609300374984741211e-01
-1.521533131599426270e-01
-2.533701658248901367e-01
-2.358199842274188995e-02
-1.642449945211410522e-01
3.999133780598640442e-02
4.083283245563507080e-01
-3.665299713611602783e-01
3.331316709518432617e-01
-1.222516521811485291e-01
-3.598217964172363281e-01
-3.804896771907806396e-01
-2.674600183963775635e-01
-3.795599937438964844e-01
2.578980624675750732e-01
1.970690041780471802e-01
2.755149900913238525e-01
7.638900279998779297e-01
1.701166629791259766e-01
-1.311232596635818481e-01
3.770912587642669678e-01
-1.633503288030624390e-01
1.205650568008422852e-01
1.681046634912490845e-01
-1.819843202829360962e-01
-4.252150058746337891e-01
-3.689668178558349609e-01
6.858900189399719238e-01
-6.093499436974525452e-02
4.500778019428253174e-01
4.389499723911285400e-01
2.157520055770874023e-01
-4.188664853572845459e-01
-3.980250060558319092e-01
8.904834836721420288e-02
2.527626752853393555e-01
-6.290366649627685547e-01
-4.863963425159454346e-01
1.588066481053829193e-02
-2.702441513538360596e-01
4.572800099849700928e-01
-4.227811396121978760e-01
1.656499952077865601e-01
3.777765333652496338e-01
-5.434833094477653503e-02
-2.601417005062103271e-01
-3.664917051792144775e-01
1.219487190246582031e-02
8.324083685874938965e-02
1.550633311271667480e-01
2.950333356857299805e-01
2.483394891023635864e-01
-2.593526244163513184e-01
7.115339394658803940e-03
2.495016902685165405e-02
-9.630682319402694702e-02
3.003641664981842041e-01
1.179394945502281189e-01
3.356251716613769531e-01
-1.379709988832473755e-01
-7.124132663011550903e-02
3.171050548553466797e-01
-1.103140041232109070e-01
-1.154315099120140076e-01
-2.895628213882446289e-01
1.699849814176559448e-01
3.915233314037322998e-01
-7.168816030025482178e-02
-3.787200152873992920e-01
5.476766824722290039e-02
7.058999687433242798e-02
-2.622759938240051270e-01
6.076666060835123062e-03
5.912450328469276428e-02
-2.289866656064987183e-01
1.285049319267272949e-02
9.149050712585449219e-02
3.678001090884208679e-02
2.829263210296630859e-01
-2.890883386135101318e-01
-2.538993656635284424e-01
-1.543626636266708374e-01
-2.149686813354492188e-01
1.003850102424621582e-01
-3.689901828765869141e-01
-6.454787403345108032e-02
-4.787665978074073792e-02
5.879800319671630859e-01
-5.523616671562194824e-01
3.195099905133247375e-02
6.384733319282531738e-02
-1.302551627159118652e-01
-2.414266951382160187e-02
5.571349859237670898e-01
5.846445634961128235e-02
-1.442333310842514038e-01
6.659649014472961426e-01
-2.189414054155349731e-01
-2.033240050077438354e-01
2.315695136785507202e-01
-5.704199671745300293e-01
-2.789973020553588867e-01
3.437866270542144775e-01
-6.849173903465270996e-01
-1.540781706571578979e-01
-3.045283257961273193e-01
1.449080854654312134e-01
-1.070761680603027344e-01
-2.249581366777420044e-01
-4.250265657901763916e-01
-3.386666774749755859e-01
3.140133321285247803e-01
-9.820197708904743195e-03
-1.750665903091430664e-02
1.699996590614318848e-01
1.653821617364883423e-01
1.420828700065612793e-01
-2.418958395719528198e-01
5.361700430512428284e-02
-2.915066778659820557e-01
-1.666810065507888794e-01
1.509996713139116764e-03
3.328566625714302063e-02
6.875483393669128418e-01
-7.848133444786071777e-01
4.812833666801452637e-02
-4.565800353884696960e-02
