-2.226178050041198730e-01
1.461925059556961060e-01
-3.819800019264221191e-01
-1.127687543630599976e-01
-7.138575315475463867e-01
1.156942546367645264e-01
-2.069529891014099121e-01
6.927475333213806152e-01
-5.433574914932250977e-01
-9.055050015449523926e-01
2.002325057983398438e-01
2.616624832153320312e-01
-5.544557571411132812e-01
1.252874881029129028e-01
-1.493774950504302979e-01
-2.293232381343841553e-01
-4.304849803447723389e-01
1.334000080823898315e-01
3.937075138092041016e-01
-1.920450031757354736e-01
-5.069724917411804199e-01
-2.231275141239166260e-01
-2.054819911718368530e-01
2.348425090312957764e-01
3.908174932003021240e-01
2.145178914070129395e-01
1.595199853181838989e-01
3.479700088500976562e-01
2.984347343444824219e-01
-3.891328573226928711e-01
3.051500767469406128e-02
3.684690296649932861e-01
-2.341099977493286133e-01
3.894075006246566772e-02
-4.736399948596954346e-01
-1.951649785041809082e-02
2.600579857826232910e-01
-4.416325092315673828e-01
-1.853530108928680420e-01
3.482400178909301758e-01
-4.401475191116333008e-01
1.983250081539154053e-01
-6.194450259208679199e-01
8.090399503707885742e-01
-2.390449941158294678e-01
-3.034387230873107910e-01
5.608224868774414062e-01
-1.853594481945037842e-01
-6.186649948358535767e-02
9.519024938344955444e-02
6.486249156296253204e-03
2.137532532215118408e-01
-3.569500148296356201e-02
-5.500018596649169922e-05
-2.470960021018981934e-01
3.980000019073486328e-01
6.253399848937988281e-01
-2.142717540264129639e-01
-1.134974509477615356e-02
-5.485535264015197754e-01
4.979237318038940430e-01
4.401875138282775879e-01
-1.580075025558471680e-01
2.083237469196319580e-01
-1.019974723458290100e-01
7.248800247907638550e-02
-2.167247533798217773e-01
-4.930225387215614319e-02
3.025825023651123047e-01
-2.783924937248229980e-01
-1.672775000333786011e-01
5.699334740638732910e-01
4.340350031852722168e-01
2.114775031805038452e-01
-7.090249657630920410e-01
-3.041068911552429199e-01
4.653575122356414795e-01
-5.430299416184425354e-02
-2.315974980592727661e-01
-9.417499601840972900e-02
-7.932500541210174561e-02
1.595225036144256592e-01
-1.995349675416946411e-02
-4.810695052146911621e-01
-2.916049957275390625e-01
-2.332662492990493774e-01
-1.263497620820999146e-01
3.810957670211791992e-01
5.724770203232765198e-02
-2.110874950885772705e-01
1.073799878358840942e-01
-2.651999890804290771e-02
-3.306827545166015625e-01
-4.549974799156188965e-01
2.327774912118911743e-01
2.982000261545181274e-02
8.709499239921569824e-02
-3.418399989604949951e-01
3.172190189361572266e-01
-6.232224702835083008e-01
-4.274225234985351562e-01
-1.473100483417510986e-01
1.735248416662216187e-02
7.548099756240844727e-02
-1.552675068378448486e-01
-3.000425100326538086e-01
-1.052474975585937500e-01
2.658792436122894287e-01
1.882950067520141602e-01
4.094500094652175903e-02
-5.132499709725379944e-02
1.068922430276870728e-01
9.415024518966674805e-02
3.655250370502471924e-02
-2.824400067329406738e-01
-3.665399849414825439e-01
-2.173942327499389648e-01
3.831949830055236816e-01
-1.057492494583129883e-01
-4.412074983119964600e-01
8.013975024223327637e-01
-2.825247822329401970e-03
2.184882462024688721e-01
-2.654574811458587646e-01
7.928599417209625244e-02
4.609159827232360840e-01
-1.446349918842315674e-01
1.200900077819824219e-01
-2.761000096797943115e-01
4.946024715900421143e-02
-1.117647513747215271e-01
-1.628237515687942505e-01
-1.655599921941757202e-01
1.409500092267990112e-01
1.358474940061569214e-01
-4.081987440586090088e-01
-1.389359980821609497e-01
-1.405903398990631104e-01
1.178174912929534912e-01
-1.407525092363357544e-01
-4.027999937534332275e-02
5.047935247421264648e-01
2.681069970130920410e-01
-2.472254931926727295e-01
-2.371245026588439941e-01
-2.178625017404556274e-01
-4.311150014400482178e-01
-3.175199925899505615e-01
1.527974903583526611e-01
-6.715424358844757080e-02
1.909567564725875854e-01
7.745999842882156372e-02
1.009825021028518677e-01
-2.700207531452178955e-01
1.279420107603073120e-01
4.319424554705619812e-02
2.513999938964843750e-01
1.993300020694732666e-01
2.470849901437759399e-01
-1.991875022649765015e-01
1.709074974060058594e-01
-5.043501034379005432e-02
-2.177887558937072754e-01
1.913537979125976562e-01
-4.777150154113769531e-01
4.222924709320068359e-01
2.505399845540523529e-02
5.812525376677513123e-02
-2.810674905776977539e-01
-9.752750396728515625e-02
2.295925021171569824e-01
1.929257363080978394e-01
6.372250616550445557e-02
5.022125244140625000e-01
-2.020899951457977295e-01
-1.780852526426315308e-01
-2.053047418594360352e-01
1.923975348472595215e-02
8.225500583648681641e-02
5.418599843978881836e-01
-3.048160076141357422e-01
4.380575120449066162e-01
-1.934700012207031250e-01
-3.341265022754669189e-01
-5.524079799652099609e-01
-2.220925092697143555e-01
-3.168075084686279297e-01
5.793324112892150879e-02
1.964417546987533569e-01
3.553200066089630127e-01
6.376374959945678711e-01
2.271749973297119141e-01
-1.357524991035461426e-01
4.003343582153320312e-01
-3.244249820709228516e-01
2.220125794410705566e-01
1.892800033092498779e-01
-1.900955140590667725e-01
-3.490175008773803711e-01
-2.697752118110656738e-01
6.361950039863586426e-01
8.294875174760818481e-02
3.401592373847961426e-01
3.790599703788757324e-01
1.152285039424896240e-01
-2.078597545623779297e-01
-6.110500097274780273e-01
-2.352450042963027954e-02
5.525649785995483398e-01
-6.577249765396118164e-01
-7.434099912643432617e-01
2.247524857521057129e-01
-3.521137535572052002e-01
5.980349779129028320e-01
-1.228037476539611816e-01
2.151824831962585449e-01
1.343023180961608887e-01
-1.125375032424926758e-01
-1.348375082015991211e-01
-5.559599995613098145e-01
-1.075349450111389160e-01
-6.479775160551071167e-02
2.345149964094161987e-01
3.642224967479705811e-01
-3.644250333309173584e-03
8.662357181310653687e-02
-7.089699804782867432e-02
3.683835268020629883e-01
4.951225221157073975e-02
5.022249817848205566e-01
3.231350332498550415e-02
2.704502642154693604e-01
1.410225033760070801e-01
-3.293445110321044922e-01
3.162744939327239990e-01
-3.071850538253784180e-02
-2.136517614126205444e-01
-1.787442564964294434e-01
2.213200032711029053e-01
4.067214727401733398e-01
-8.168774098157882690e-02
-3.538497388362884521e-01
-1.453469991683959961e-01
-8.618500083684921265e-02
-1.179115101695060730e-01
-2.400700002908706665e-01
-7.896925508975982666e-02
4.373250156641006470e-02
-2.145067602396011353e-01
1.268657445907592773e-01
-9.966498613357543945e-02
7.111500203609466553e-02
-3.215499967336654663e-02
-2.081674933433532715e-01
-2.218855023384094238e-01
-2.205600142478942871e-01
1.683624982833862305e-01
-4.838672280311584473e-01
6.882567703723907471e-02
-2.647699415683746338e-02
5.778050422668457031e-01
-5.088099837303161621e-01
2.570249885320663452e-02
1.662459969520568848e-01
-1.358902603387832642e-01
-1.897315084934234619e-01
7.856425046920776367e-01
-5.064329504966735840e-02
1.021300032734870911e-01
7.255074977874755859e-01
-2.481050044298171997e-01
-1.395215094089508057e-01
3.649862408638000488e-01
-4.871324896812438965e-01
-2.368859499692916870e-01
5.588024854660034180e-01
-1.375110149383544922e-01
1.115249991416931152e-01
-3.059974908828735352e-01
1.202438771724700928e-01
-2.368567585945129395e-01
-1.976297497749328613e-01
-5.041268467903137207e-01
-4.179775118827819824e-01
5.342849493026733398e-01
1.231099963188171387e-01
-1.728474944829940796e-01
6.245362758636474609e-02
3.013717532157897949e-01
1.239765509963035583e-01
-2.507659792900085449e-01
1.524000167846679688e-01
-2.260950058698654175e-01
-2.707740068435668945e-01
9.024996310472488403e-03
1.516932547092437744e-01
6.631925106048583984e-01
-9.229549765586853027e-01
-4.769749566912651062e-02
3.093799948692321777e-02
