-1.671705543994903564e-01
-1.018624901771545410e-01
-2.238499969244003296e-01
-7.011175155639648438e-02
-5.598899722099304199e-01
2.676262259483337402e-01
-8.092937618494033813e-02
2.977722287178039551e-01
-7.468492388725280762e-01
-1.115201234817504883e+00
2.223449796438217163e-01
1.755297482013702393e-01
-5.022523403167724609e-01
7.052862644195556641e-02
-2.039312422275543213e-01
-1.325460225343704224e-01
-5.006574988365173340e-01
3.723082840442657471e-01
2.127513587474822998e-01
-1.300674974918365479e-01
-2.320179939270019531e-01
-6.521950662136077881e-02
-1.070002540946006775e-01
1.675264984369277954e-01
2.455087602138519287e-01
7.059145718812942505e-02
3.518911004066467285e-01
-1.495929807424545288e-02
2.423048615455627441e-01
-6.624769568443298340e-01
-6.813786923885345459e-02
4.270607233047485352e-01
-2.628487348556518555e-01
-1.851896196603775024e-01
-6.984637379646301270e-01
-5.533275380730628967e-02
3.711725175380706787e-01
-3.184212446212768555e-01
-2.989474833011627197e-01
3.726243674755096436e-01
-3.117944896221160889e-01
6.325712054967880249e-02
-4.982380270957946777e-01
5.842900276184082031e-01
-1.557787656784057617e-01
-2.794345021247863770e-01
3.162124752998352051e-01
-5.090582370758056641e-02
8.917662501335144043e-02
1.355405151844024658e-01
-8.493312448263168335e-02
1.906324923038482666e-01
-1.714145243167877197e-01
-6.566874682903289795e-02
-3.164055049419403076e-01
3.420315384864807129e-01
4.773387312889099121e-01
-3.721424937248229980e-02
9.992600232362747192e-02
-3.075030148029327393e-01
6.037162542343139648e-01
1.997917443513870239e-01
6.967999786138534546e-02
1.541287600994110107e-01
-8.892787992954254150e-02
-8.156287670135498047e-02
-1.444996148347854614e-01
-4.835515469312667847e-02
1.697777509689331055e-01
-2.157437354326248169e-01
-2.710237503051757812e-01
3.879105150699615479e-01
3.476175367832183838e-01
2.262739986181259155e-01
-6.075725555419921875e-01
-3.904633522033691406e-01
3.368250131607055664e-01
-5.163494497537612915e-03
-1.063812524080276489e-01
1.852125115692615509e-02
4.460124671459197998e-02
1.688582301139831543e-01
1.736269891262054443e-01
-6.265122294425964355e-01
-3.274874016642570496e-02
6.857311725616455078e-02
-2.421505004167556763e-01
4.597520232200622559e-01
-1.080724075436592102e-01
-1.105328947305679321e-01
3.123498894274234772e-02
1.755837649106979370e-01
-3.652561008930206299e-01
-4.582250118255615234e-01
1.265785992145538330e-01
6.940003484487533569e-03
7.457499206066131592e-02
-3.610790073871612549e-01
2.672638595104217529e-01
-5.407574772834777832e-01
-1.633301377296447754e-01
-2.148882448673248291e-01
5.522824451327323914e-02
1.787487715482711792e-01
5.881749093532562256e-02
-1.471450030803680420e-01
2.176124416291713715e-02
3.785737454891204834e-01
6.311248987913131714e-03
2.642974853515625000e-01
-1.490899920463562012e-02
-1.294713765382766724e-01
2.518784999847412109e-01
8.972499519586563110e-02
-2.428436279296875000e-01
-1.353574991226196289e-01
-4.015025496482849121e-01
9.100131690502166748e-02
-6.734887510538101196e-02
-1.800362616777420044e-01
4.820569753646850586e-01
-1.093608736991882324e-01
-9.079562127590179443e-02
-1.257774829864501953e-01
3.299849852919578552e-02
1.613380014896392822e-01
8.228249847888946533e-02
1.276302486658096313e-01
3.661625087261199951e-02
8.296576142311096191e-02
4.326037317514419556e-02
-2.011600136756896973e-01
-1.474984884262084961e-01
-4.589118063449859619e-03
3.058399558067321777e-01
-2.732912600040435791e-01
-8.951100707054138184e-02
-2.274399250745773315e-01
-1.459747785702347755e-03
-1.290380060672760010e-01
3.016002476215362549e-03
3.147859871387481689e-01
2.472932487726211548e-01
-1.743350028991699219e-01
-2.048400044441223145e-01
-1.960839480161666870e-01
-2.535687685012817383e-01
-2.890383899211883545e-01
1.983675211668014526e-01
-2.357431203126907349e-01
2.348091304302215576e-01
-1.562373787164688110e-01
5.291437357664108276e-02
-2.715076208114624023e-01
1.587708592414855957e-01
5.539062619209289551e-02
2.035877406597137451e-01
4.512250423431396484e-02
5.285625904798507690e-02
-2.186325043439865112e-01
1.793063730001449585e-01
-3.823538124561309814e-02
-2.403874993324279785e-01
4.494440183043479919e-02
-3.473042845726013184e-01
3.867799937725067139e-01
-8.518199622631072998e-02
2.709849923849105835e-02
-1.383593678474426270e-01
1.749682426452636719e-01
4.789625108242034912e-02
1.987108588218688965e-01
-1.302000135183334351e-02
5.712788105010986328e-01
6.705000996589660645e-02
-8.814005181193351746e-03
-1.577246189117431641e-01
-1.803224906325340271e-02
-2.073425054550170898e-02
4.900350272655487061e-01
-4.409224987030029297e-01
3.515508770942687988e-01
-2.225915193557739258e-01
-2.186264991760253906e-01
-5.601344108581542969e-01
-2.713350057601928711e-01
-2.318512648344039917e-01
2.186144888401031494e-01
2.582177519798278809e-01
3.509950041770935059e-01
4.811832308769226074e-01
7.271963357925415039e-02
1.233970075845718384e-01
3.936909437179565430e-01
-2.817065119743347168e-01
2.936628460884094238e-02
1.600680053234100342e-01
-1.414587497711181641e-01
-9.334123879671096802e-02
-2.331518530845642090e-01
8.265787363052368164e-01
-1.680376008152961731e-02
2.155120074748992920e-01
4.525162577629089355e-01
1.887539923191070557e-01
-2.539113350212574005e-02
-3.596192598342895508e-01
1.138649880886077881e-01
4.751649796962738037e-01
-4.714862406253814697e-01
-6.149162650108337402e-01
-1.991125382483005524e-02
-3.024725019931793213e-01
4.196471273899078369e-01
-3.703130185604095459e-01
2.615212462842464447e-02
1.680426746606826782e-01
-2.098562568426132202e-02
-2.082412540912628174e-01
-4.824824929237365723e-01
-1.522199809551239014e-01
-2.470500022172927856e-02
5.650622770190238953e-03
2.275262624025344849e-01
-5.666046962141990662e-02
6.486000865697860718e-02
1.269557625055313110e-01
2.899680137634277344e-01
-1.050440073013305664e-01
4.471124410629272461e-01
-8.017462491989135742e-02
2.878603637218475342e-01
-1.611937433481216431e-01
-3.584784865379333496e-01
4.188225269317626953e-01
1.838074810802936554e-02
-1.141218692064285278e-01
3.466412425041198730e-02
9.258873760700225830e-02
2.402302473783493042e-01
-1.643984913825988770e-01
-3.095853626728057861e-01
-8.066850155591964722e-02
2.447515726089477539e-04
-2.152617722749710083e-01
-1.100044995546340942e-01
1.272346228361129761e-01
-2.159084975719451904e-01
-2.731998860836029053e-01
2.304266244173049927e-01
-1.955712288618087769e-01
1.811987459659576416e-01
4.213899746537208557e-02
-1.923462450504302979e-01
-2.062775045633316040e-01
-2.565662562847137451e-01
3.531450033187866211e-01
-5.179859995841979980e-01
1.592501103878021240e-01
6.108250096440315247e-02
5.991075038909912109e-01
-3.751734793186187744e-01
-2.145321071147918701e-01
-6.276063621044158936e-02
-6.268012523651123047e-02
-9.658625721931457520e-02
5.767312645912170410e-01
-8.527565002441406250e-02
-4.754997789859771729e-03
6.686125397682189941e-01
-9.954500943422317505e-02
-3.348149955272674561e-01
4.376468658447265625e-01
-4.079745113849639893e-01
-2.120719701051712036e-01
4.984949827194213867e-01
-6.818554401397705078e-01
-3.477425128221511841e-02
-3.387826085090637207e-01
3.775818645954132080e-02
-2.804979681968688965e-01
-2.133366316556930542e-01
-5.004670619964599609e-01
-2.907024919986724854e-01
4.390512108802795410e-01
1.810474991798400879e-01
-9.486850351095199585e-02
-1.494234148412942886e-02
2.572154998779296875e-01
9.684415161609649658e-02
-1.920639425516128540e-01
4.639875888824462891e-02
-1.284192502498626709e-01
1.096980124711990356e-01
1.473262459039688110e-01
1.298837363719940186e-01
6.529549956321716309e-01
-8.326974511146545410e-01
-2.593599855899810791e-01
2.182117402553558350e-01
