1.251016706228256226e-01
-1.974432915449142456e-02
-2.150333374738693237e-01
-3.121966719627380371e-01
-6.740667223930358887e-01
-1.079666614532470703e-02
-5.847066640853881836e-02
4.698333442211151123e-01
-5.985699892044067383e-01
-1.240133285522460938e+00
-1.095733419060707092e-01
1.906866580247879028e-01
-3.531376421451568604e-01
-1.124843358993530273e-01
1.418166607618331909e-01
-1.887566596269607544e-01
-1.992683261632919312e-01
-1.150133181363344193e-02
1.884523481130599976e-01
-3.139410316944122314e-01
6.311566382646560669e-02
4.635666310787200928e-02
-1.624066680669784546e-01
1.045373305678367615e-01
2.163906544446945190e-01
-4.078446701169013977e-02
2.865851521492004395e-01
3.529133498668670654e-01
3.417563438415527344e-01
-4.140599966049194336e-01
-2.603833377361297607e-01
4.100866615772247314e-01
-5.394666790962219238e-01
-4.746666550636291504e-02
-6.635200381278991699e-01
1.610066741704940796e-01
1.769800037145614624e-01
-4.512633383274078369e-01
-1.446176618337631226e-01
6.426336616277694702e-02
-1.934866756200790405e-01
-3.475233539938926697e-02
-9.596366882324218750e-01
5.434899926185607910e-01
-1.984266638755798340e-01
-1.967999935150146484e-01
2.058586627244949341e-01
-2.731533348560333252e-01
-1.581956595182418823e-01
-1.027829647064208984e-01
-4.390532970428466797e-01
1.801633387804031372e-01
-2.126930207014083862e-01
8.118166774511337280e-02
2.863399684429168701e-02
1.858686655759811401e-01
3.715066909790039062e-01
-3.805833160877227783e-01
1.282936781644821167e-01
-3.053346574306488037e-01
4.155733287334442139e-01
3.035500049591064453e-01
2.513573169708251953e-01
3.613357839640229940e-04
1.982226520776748657e-01
2.595233917236328125e-02
-1.675633341073989868e-01
3.140700608491897583e-02
3.093300163745880127e-01
-3.898666426539421082e-02
-4.166900217533111572e-01
4.088066518306732178e-01
1.626470088958740234e-01
2.168359905481338501e-01
-2.998266518115997314e-01
-1.890100091695785522e-01
2.545133233070373535e-01
3.147066757082939148e-02
-3.794633224606513977e-02
9.722000360488891602e-02
-1.216233372688293457e-01
1.793700009584426880e-01
-4.391133412718772888e-02
-4.863233566284179688e-01
1.273343921639025211e-03
-1.893550008535385132e-01
-2.967366576194763184e-02
9.724167734384536743e-02
6.032359972596168518e-02
-4.818633496761322021e-01
2.578766345977783203e-01
1.604118347167968750e-01
-2.092536687850952148e-01
-3.443633615970611572e-01
5.137066841125488281e-01
2.308226674795150757e-01
-9.587667137384414673e-02
-1.280059963464736938e-01
2.643566727638244629e-01
-5.878999829292297363e-01
-1.620043367147445679e-01
-5.632333829998970032e-02
-8.204000443220138550e-02
3.086363375186920166e-01
-2.152333259582519531e-01
-1.502500027418136597e-01
3.194466829299926758e-01
3.326566517353057861e-02
2.394233644008636475e-02
-2.219666540622711182e-02
-1.672665774822235107e-02
-1.690736562013626099e-01
2.351135462522506714e-01
-6.154432892799377441e-02
-1.795533448457717896e-01
-1.683793216943740845e-01
-1.307700127363204956e-01
1.378200054168701172e-01
1.257466673851013184e-01
-1.578973382711410522e-01
5.158299803733825684e-01
-1.680533289909362793e-01
2.239519953727722168e-01
-3.790166378021240234e-01
5.840313434600830078e-02
2.983366549015045166e-01
-1.261600106954574585e-01
2.068866640329360962e-01
-1.582766771316528320e-01
2.469586730003356934e-01
-2.127770036458969116e-01
9.079992771148681641e-03
-1.271866708993911743e-01
-3.254619836807250977e-01
2.994830012321472168e-01
-7.112665474414825439e-02
-8.690994232892990112e-02
-3.848837912082672119e-01
-1.559766680002212524e-01
7.753327488899230957e-03
9.873902797698974609e-02
5.175900459289550781e-01
9.570666402578353882e-02
-3.528461232781410217e-02
-4.011600017547607422e-01
-1.161000058054924011e-01
-3.347199857234954834e-01
-9.671866148710250854e-02
5.496366620063781738e-01
-3.078133426606655121e-02
3.524030148983001709e-01
-2.673999965190887451e-01
4.388999938964843750e-02
-3.138000844046473503e-03
2.486457824707031250e-01
-6.848633289337158203e-02
2.470199912786483765e-01
4.092166721820831299e-01
1.774706840515136719e-01
3.400665894150733948e-02
1.623813062906265259e-01
3.290166556835174561e-01
-1.468366831541061401e-01
9.482999891042709351e-02
-3.966733217239379883e-01
3.736633360385894775e-01
4.863199591636657715e-02
1.822600215673446655e-01
-2.758369147777557373e-01
-1.166830062866210938e-01
2.068900018930435181e-01
2.366200089454650879e-01
1.070566773414611816e-01
2.827990055084228516e-01
1.143366694450378418e-01
4.471800103783607483e-02
-1.762800067663192749e-01
-5.121999979019165039e-02
-9.614434093236923218e-02
5.119933485984802246e-01
-3.372110128402709961e-01
1.675416678190231323e-01
-2.959753274917602539e-01
-3.147866725921630859e-01
-4.263000190258026123e-01
-9.069800376892089844e-02
-3.140966594219207764e-01
3.714876472949981689e-01
1.218573227524757385e-01
4.126226603984832764e-01
4.420078694820404053e-01
6.272966414690017700e-02
-1.869533210992813110e-01
3.221891820430755615e-01
-4.218899905681610107e-01
3.288343176245689392e-02
2.159406691789627075e-01
-4.577266275882720947e-01
7.898766547441482544e-02
-4.310233518481254578e-02
1.046093344688415527e+00
1.415333617478609085e-02
5.248799920082092285e-02
3.276927769184112549e-01
-1.426126658916473389e-01
1.029636636376380920e-01
-4.239699840545654297e-01
-5.405999720096588135e-02
2.944483458995819092e-01
-3.817299902439117432e-01
-5.811966061592102051e-01
-3.347966670989990234e-01
-4.076226651668548584e-01
3.020723760128021240e-01
-5.196800231933593750e-01
-5.071566626429557800e-02
9.355590492486953735e-02
7.901699095964431763e-02
-2.140733450651168823e-01
-2.599699795246124268e-01
-4.479833543300628662e-01
1.705633401870727539e-01
1.366433352231979370e-01
2.103666663169860840e-01
-2.988733351230621338e-01
-1.928608417510986328e-01
1.123653277754783630e-01
-2.166720032691955566e-01
-3.969999849796295166e-01
5.667200088500976562e-01
1.025399938225746155e-01
3.656136989593505859e-01
-9.173234552145004272e-02
-1.133893430233001709e-01
4.078833162784576416e-01
2.350006550550460815e-01
-1.353576630353927612e-01
-1.063320040702819824e-01
4.969466626644134521e-01
2.966400086879730225e-01
2.651326954364776611e-01
-4.247799813747406006e-01
8.846499770879745483e-02
2.240800112485885620e-01
-4.776671528816223145e-03
1.054566726088523865e-01
1.984339952468872070e-01
8.139997720718383789e-03
-8.037666976451873779e-02
5.161033272743225098e-01
-1.021866574883460999e-01
3.023166656494140625e-01
-1.929933764040470123e-02
-1.460099965333938599e-01
-4.756000041961669922e-01
-6.015999987721443176e-02
1.156665850430727005e-02
-4.570866525173187256e-01
-7.451376318931579590e-02
9.528100490570068359e-02
4.403086900711059570e-01
-4.287199974060058594e-01
-1.449596732854843140e-01
-4.422100260853767395e-02
2.308296710252761841e-01
-2.322266697883605957e-01
3.559266626834869385e-01
1.668666861951351166e-02
-7.110933214426040649e-02
6.476066708564758301e-01
1.325740069150924683e-01
-5.951099991798400879e-01
1.817633360624313354e-01
-4.916000068187713623e-01
2.420640736818313599e-01
1.774130016565322876e-01
-4.869666993618011475e-01
-5.867000296711921692e-02
-7.297632843255996704e-02
-8.340816944837570190e-02
-1.230223253369331360e-01
-1.823383420705795288e-01
-6.064000129699707031e-01
-3.934800252318382263e-02
3.271823227405548096e-01
2.943299897015094757e-02
-3.758333027362823486e-01
1.883366703987121582e-02
2.615830004215240479e-01
3.542766571044921875e-01
-2.940326631069183350e-01
-3.274000063538551331e-02
1.394233256578445435e-01
-2.458020001649856567e-01
5.139267072081565857e-02
4.641433656215667725e-01
8.065066337585449219e-01
-9.470133185386657715e-01
-2.763793468475341797e-01
3.304173648357391357e-01
