-4.498724937438964844e-01
1.942560076713562012e-01
-2.021629959344863892e-01
6.145774945616722107e-02
-3.444425165653228760e-01
1.210822537541389465e-01
4.138524830341339111e-02
3.463700041174888611e-02
-4.383400082588195801e-01
-1.409250020980834961e+00
8.807924389839172363e-02
2.389907538890838623e-01
-2.243874967098236084e-01
-4.076450318098068237e-02
-2.600750029087066650e-01
-6.249624490737915039e-02
-5.210250020027160645e-01
4.415974915027618408e-01
2.511075139045715332e-01
-5.751499533653259277e-02
3.057074546813964844e-02
-6.640975177288055420e-02
1.146884784102439880e-01
2.355932593345642090e-01
-1.279000043869018555e-01
-4.580749571323394775e-02
3.193314969539642334e-01
1.711750030517578125e-01
1.743647456169128418e-01
-5.078700184822082520e-01
-3.318699896335601807e-01
4.936325252056121826e-01
-9.591025114059448242e-02
-3.865575045347213745e-02
-6.896924972534179688e-01
-5.995999649167060852e-02
2.275224588811397552e-02
-2.344387471675872803e-01
-1.378690004348754883e-01
3.386699855327606201e-01
-6.189499795436859131e-02
2.235375046730041504e-01
-4.648975133895874023e-01
6.717967987060546875e-01
-1.956027448177337646e-01
-2.747099995613098145e-01
1.625975072383880615e-01
6.988415122032165527e-02
-2.969449944794178009e-02
-2.036699950695037842e-01
-1.739624142646789551e-02
3.325710296630859375e-01
5.477324873208999634e-02
1.286149919033050537e-01
1.038144975900650024e-01
-1.970749348402023315e-02
1.852274984121322632e-01
9.790749847888946533e-02
5.376150459051132202e-02
-1.573770046234130859e-01
4.006075263023376465e-01
3.039632439613342285e-01
2.723625004291534424e-01
-9.810000658035278320e-03
-2.100645005702972412e-01
-5.347675085067749023e-02
-2.146999537944793701e-02
7.616250216960906982e-02
1.795164942741394043e-01
-3.264024853706359863e-01
-2.058817595243453979e-01
3.531655073165893555e-01
3.835400044918060303e-01
1.298377513885498047e-01
-4.942824840545654297e-01
-2.167250216007232666e-02
1.808075010776519775e-01
-1.187430024147033691e-01
1.252824962139129639e-01
6.163449957966804504e-02
-3.468175232410430908e-02
2.627332508563995361e-01
-9.707800298929214478e-02
-5.013800263404846191e-01
9.359000623226165771e-02
9.534749388694763184e-02
-2.279817610979080200e-01
3.694182634353637695e-01
9.664250910282135010e-02
-5.736149474978446960e-02
8.967274427413940430e-02
3.309121727943420410e-01
-1.304084956645965576e-01
-3.538050055503845215e-01
5.402975082397460938e-01
5.102799832820892334e-02
-8.054350316524505615e-02
-3.544157445430755615e-01
2.171124964952468872e-01
-5.009520053863525391e-01
-2.882674932479858398e-01
-5.864000320434570312e-02
1.776184290647506714e-01
7.269500195980072021e-02
-3.354474902153015137e-02
-2.365925014019012451e-01
3.626974821090698242e-01
3.939329981803894043e-01
-7.489994168281555176e-03
1.426077634096145630e-01
-1.638572514057159424e-01
3.175700455904006958e-02
1.907192617654800415e-01
3.360747396945953369e-01
1.403225064277648926e-01
-1.889750063419342041e-01
-1.903225034475326538e-01
1.179925352334976196e-02
2.309600077569484711e-02
-6.791175156831741333e-02
2.906299829483032227e-01
8.605600148439407349e-02
2.886700257658958435e-02
3.302507102489471436e-03
9.410449117422103882e-02
6.841000914573669434e-02
2.342724949121475220e-01
-1.861310005187988281e-01
1.046137511730194092e-01
-1.648177504539489746e-01
1.046250015497207642e-02
3.114499151706695557e-02
-4.047782421112060547e-01
-1.178430020809173584e-01
2.330375015735626221e-01
-2.810475230216979980e-01
1.192835047841072083e-01
-1.706075072288513184e-01
1.140874996781349182e-01
-4.906548932194709778e-02
-2.045249938964843750e-01
3.588325381278991699e-01
2.778400182723999023e-01
-2.212992608547210693e-01
-4.262350201606750488e-01
-2.062782496213912964e-01
-1.737442463636398315e-01
-3.148500025272369385e-01
3.065249919891357422e-01
-9.400002658367156982e-03
5.939499735832214355e-01
-2.246962487697601318e-01
1.804937049746513367e-02
-1.551029980182647705e-01
3.132367730140686035e-01
-1.442912518978118896e-01
2.323502451181411743e-01
9.888249635696411133e-02
-2.088627517223358154e-01
-3.451575040817260742e-01
-1.982332468032836914e-01
-1.764747500419616699e-01
-6.836000829935073853e-02
-7.216675579547882080e-02
-3.576419949531555176e-01
1.361331790685653687e-01
-1.490049958229064941e-01
1.477549821138381958e-01
3.763699904084205627e-02
2.543442547321319580e-01
-4.739800095558166504e-02
8.335300534963607788e-02
-4.764962494373321533e-01
7.822025418281555176e-01
-2.999999932944774628e-02
-2.944437265396118164e-01
-2.347807437181472778e-01
-2.209900021553039551e-01
6.050699576735496521e-02
3.367500007152557373e-01
-2.730875015258789062e-01
2.643290162086486816e-01
-1.792314946651458740e-01
-2.048137485980987549e-01
-6.228874921798706055e-01
-8.753000199794769287e-02
-2.569417357444763184e-01
2.660513520240783691e-01
2.499175071716308594e-01
8.222250640392303467e-02
6.856174468994140625e-01
3.275049924850463867e-01
2.050966173410415649e-01
3.193295001983642578e-01
-2.665759921073913574e-01
6.364424526691436768e-02
2.929239869117736816e-01
-9.258250147104263306e-02
1.332724988460540771e-01
-3.226175010204315186e-01
5.499375462532043457e-01
-1.914674937725067139e-01
1.095632612705230713e-01
2.318174988031387329e-01
2.442932426929473877e-01
-2.534670233726501465e-01
-4.814350008964538574e-01
-1.163192540407180786e-01
3.183600008487701416e-01
-2.677274942398071289e-01
-3.952532410621643066e-01
-2.916964888572692871e-01
-1.604274958372116089e-01
4.680950045585632324e-01
-3.977317512035369873e-01
-4.794000089168548584e-02
2.095612585544586182e-01
-1.142849922180175781e-01
-8.196499943733215332e-02
5.837507545948028564e-03
-1.129327416419982910e-01
-3.468067571520805359e-02
8.797412365674972534e-02
4.451624751091003418e-01
7.244149595499038696e-02
-8.805474638938903809e-02
-4.967999458312988281e-02
3.564015030860900879e-01
2.224124968051910400e-01
2.048662602901458740e-01
-1.734499931335449219e-01
4.288424849510192871e-01
-1.704739928245544434e-01
-3.598387539386749268e-01
2.904099822044372559e-01
3.078550100326538086e-01
-1.095874980092048645e-01
-1.945817470550537109e-02
-4.751999303698539734e-02
4.062210023403167725e-01
-6.648994982242584229e-03
-3.865882456302642822e-01
6.545324623584747314e-02
4.770475253462791443e-02
-3.940699994564056396e-01
-7.006374001502990723e-02
3.348340094089508057e-01
-3.926450014114379883e-01
1.186250150203704834e-02
1.184974983334541321e-01
-2.422049641609191895e-02
1.294730007648468018e-01
-1.357117593288421631e-01
-3.839164972305297852e-01
-2.272974848747253418e-01
-3.158652782440185547e-01
2.281050086021423340e-01
-5.402474999427795410e-01
1.236924976110458374e-01
3.802725076675415039e-01
4.219924807548522949e-01
-1.775925010442733765e-01
-3.005749359726905823e-02
-1.991024613380432129e-02
-1.299324929714202881e-01
-1.261762380599975586e-01
2.284474819898605347e-01
1.330092400312423706e-01
2.124975025653839111e-01
4.360100030899047852e-01
-2.903900146484375000e-01
-5.277575254440307617e-01
4.165999889373779297e-01
-2.148537635803222656e-01
7.927750051021575928e-02
2.927599847316741943e-01
-1.072512984275817871e+00
6.855024397373199463e-02
-1.179825067520141602e-01
1.162957549095153809e-01
-2.979784905910491943e-01
-3.157799690961837769e-02
-3.624820113182067871e-01
-1.996275186538696289e-01
3.077780008316040039e-01
3.831800818443298340e-02
7.098649442195892334e-02
-1.156300008296966553e-01
1.995700001716613770e-01
4.819900095462799072e-01
2.687750011682510376e-02
-7.945994846522808075e-03
-2.086929976940155029e-01
1.198950111865997314e-01
1.905649900436401367e-01
1.095975041389465332e-01
6.642224788665771484e-01
-5.374007225036621094e-01
-2.265899926424026489e-01
-7.545851171016693115e-02
