-3.272766768932342529e-01
-2.673453390598297119e-01
-1.492373347282409668e-01
-8.798000216484069824e-02
-5.178933143615722656e-01
2.582000195980072021e-01
-2.738833241164684296e-02
1.389199774712324142e-02
-5.173099637031555176e-01
-1.026579976081848145e+00
2.999566495418548584e-01
8.801100403070449829e-02
-4.699666500091552734e-01
1.717001199722290039e-03
-1.735533326864242554e-01
1.455108970403671265e-01
-5.837500095367431641e-01
5.015366673469543457e-01
1.590500026941299438e-01
-3.318266570568084717e-01
-2.223423272371292114e-01
-1.007243394851684570e-01
1.172000169754028320e-02
2.772153317928314209e-01
-1.239633485674858093e-01
-6.977331638336181641e-02
1.698433160781860352e-01
-7.173813134431838989e-02
1.009996756911277771e-01
-4.461432993412017822e-01
-2.428066730499267578e-01
4.960633516311645508e-01
-2.738833427429199219e-01
-2.106299996376037598e-01
-8.711333274841308594e-01
8.258333802223205566e-02
2.846033275127410889e-01
-9.320501238107681274e-02
-3.331333398818969727e-01
3.674949705600738525e-01
1.628100126981735229e-01
2.997633218765258789e-01
-2.324866652488708496e-01
3.561590015888214111e-01
-1.705216765403747559e-01
-2.675466835498809814e-01
-1.456033438444137573e-01
-8.383950591087341309e-02
8.003666251897811890e-02
1.177099943161010742e-01
-5.952332541346549988e-02
6.463801115751266479e-02
-2.871656715869903564e-01
-9.166332334280014038e-02
-1.000073328614234924e-01
-1.303258389234542847e-01
1.633665896952152252e-02
9.698667377233505249e-02
2.724233567714691162e-01
-2.302633374929428101e-01
5.098266601562500000e-01
1.748066693544387817e-01
5.226833224296569824e-01
-2.043083310127258301e-01
-1.519503295421600342e-01
-4.257916510105133057e-01
-2.813900075852870941e-02
-1.733833402395248413e-01
2.733319997787475586e-01
-3.955999910831451416e-01
-3.666156828403472900e-01
4.335019886493682861e-01
3.917533457279205322e-01
2.687366865575313568e-02
-5.186799764633178711e-01
-3.037166595458984375e-01
-1.064066663384437561e-01
2.192926555871963501e-01
-1.746300011873245239e-01
8.633599430322647095e-02
1.018010005354881287e-01
2.639100514352321625e-02
-8.807467669248580933e-02
-5.430266857147216797e-01
3.905867040157318115e-01
7.592000067234039307e-02
-1.115599945187568665e-01
5.624200105667114258e-01
-1.081633269786834717e-01
-3.040699847042560577e-02
1.100926622748374939e-01
3.842466771602630615e-01
-3.103546798229217529e-01
-4.044133424758911133e-01
3.942733108997344971e-01
-9.173333644866943359e-02
2.686966657638549805e-01
-1.361884027719497681e-01
1.747166663408279419e-01
-4.783826768398284912e-01
-5.573100224137306213e-02
-3.427000343799591064e-02
9.139767289161682129e-02
1.078866720199584961e-01
-6.125332787632942200e-02
5.673339124768972397e-03
-3.358000516891479492e-02
1.957216709852218628e-01
-1.670733243227005005e-01
1.322366744279861450e-01
1.409370005130767822e-01
-1.321833282709121704e-01
4.038356840610504150e-01
5.016162991523742676e-01
-8.233388070948421955e-04
2.109666615724563599e-01
-3.496500253677368164e-01
-7.980749756097793579e-02
2.277433313429355621e-02
-4.090233147144317627e-02
3.751399815082550049e-01
1.295433342456817627e-01
-2.797439992427825928e-01
-1.802666634321212769e-01
-5.532733723521232605e-02
-1.065466552972793579e-02
3.843533098697662354e-01
1.170720085501670837e-01
2.347833365201950073e-01
2.263386995764449239e-04
1.568366736173629761e-01
-8.313333243131637573e-02
-3.524943292140960693e-01
-5.262666940689086914e-02
3.064466714859008789e-01
-1.569700092077255249e-01
-3.486999869346618652e-02
-2.432366758584976196e-01
3.044399917125701904e-01
-9.195465594530105591e-02
-1.550866514444351196e-01
1.965833157300949097e-01
1.162566766142845154e-01
-1.159756705164909363e-01
-3.061633408069610596e-01
-1.903576701879501343e-01
1.042433083057403564e-02
-3.205166757106781006e-01
2.789033353328704834e-01
-2.449499964714050293e-01
5.309266448020935059e-01
-3.191899955272674561e-01
2.240691632032394409e-01
-3.668573200702667236e-01
2.076499909162521362e-01
6.447833776473999023e-02
-6.221634149551391602e-02
-5.460333824157714844e-02
-1.258836537599563599e-01
-3.546666353940963745e-02
6.581833213567733765e-02
-4.546166583895683289e-02
-2.432900071144104004e-01
-6.566668744198977947e-04
-5.811266973614692688e-02
2.053133398294448853e-01
-5.995266512036323547e-02
3.504533320665359497e-02
1.205956637859344482e-01
4.373266696929931641e-01
6.899600476026535034e-02
-6.199267134070396423e-02
-2.425649911165237427e-01
6.582766771316528320e-01
-1.454499959945678711e-01
5.091333389282226562e-02
-3.623166382312774658e-01
-2.351233363151550293e-01
4.160532727837562561e-02
5.374500155448913574e-01
-3.924366533756256104e-01
1.941203325986862183e-01
-2.419486641883850098e-01
-4.479994531720876694e-03
-4.321703016757965088e-01
-5.402633547782897949e-01
-1.641933321952819824e-01
3.201743066310882568e-01
1.151799932122230530e-01
3.399966657161712646e-01
4.024286568164825439e-01
8.405333757400512695e-02
1.089373305439949036e-01
4.757426679134368896e-01
-2.261780053377151489e-01
1.623123288154602051e-01
1.360419988632202148e-01
-1.089399978518486023e-01
1.463333796709775925e-02
-6.057333573698997498e-02
7.946066856384277344e-01
-1.458600014448165894e-01
2.247776836156845093e-01
2.145799994468688965e-01
1.191010102629661560e-01
-1.840826719999313354e-01
-4.065033495426177979e-01
1.038343384861946106e-01
2.858900129795074463e-01
-9.961699694395065308e-02
-3.376676738262176514e-01
-4.824266731739044189e-01
-1.649799942970275879e-01
4.224133491516113281e-01
-3.847823143005371094e-01
2.758000046014785767e-02
-9.866499900817871094e-02
3.759990213438868523e-03
-2.725666761398315430e-01
-2.339766621589660645e-01
-7.973332703113555908e-02
1.226477622985839844e-01
-7.894250005483627319e-02
4.193999245762825012e-02
-1.327138990163803101e-01
5.901699885725975037e-02
9.178066998720169067e-02
2.579096853733062744e-01
-7.004000991582870483e-02
2.494000196456909180e-01
-1.023366954177618027e-02
2.404999881982803345e-01
-1.189753338694572449e-01
-4.993000030517578125e-01
5.554466843605041504e-01
1.086099967360496521e-01
8.041065931320190430e-02
1.677956581115722656e-01
1.436966657638549805e-01
3.341833353042602539e-01
2.125100046396255493e-01
-1.451676636934280396e-01
-1.681189984083175659e-01
-1.926536560058593750e-01
-4.074333608150482178e-01
-1.402783244848251343e-01
3.057933151721954346e-01
-3.842000067234039307e-01
-3.156966865062713623e-01
1.973700076341629028e-01
-4.603106677532196045e-01
3.478513658046722412e-01
-9.975900501012802124e-02
-4.453933238983154297e-01
7.018334418535232544e-02
-1.957533359527587891e-01
2.123566716909408569e-01
-5.736966729164123535e-01
4.215632975101470947e-01
5.387799739837646484e-01
3.474966585636138916e-01
-9.426623582839965820e-04
-3.190099895000457764e-01
7.624199986457824707e-02
-2.447829991579055786e-01
-5.672499909996986389e-02
5.092099905014038086e-01
1.417089998722076416e-01
3.019933402538299561e-01
4.052666723728179932e-01
1.912333071231842041e-02
-5.853033661842346191e-01
1.572999954223632812e-01
-2.527416646480560303e-01
-1.817566603422164917e-01
4.466533362865447998e-01
-1.231369972229003906e+00
1.213800013065338135e-01
-6.476033478975296021e-02
-1.315100044012069702e-01
-3.786866664886474609e-01
-3.368406593799591064e-01
-2.915693223476409912e-01
-1.258600056171417236e-01
1.882680058479309082e-01
1.421370059251785278e-01
-2.832213342189788818e-01
8.019994013011455536e-03
3.545399904251098633e-01
2.487369924783706665e-01
-1.197226643562316895e-01
-8.085998892784118652e-02
2.791265584528446198e-02
4.653767049312591553e-01
1.027166768908500671e-01
4.540666639804840088e-01
5.311166644096374512e-01
-4.639376699924468994e-01
-3.581966459751129150e-01
2.981252968311309814e-01
