-2.781871855258941650e-01
-3.895293176174163818e-01
-2.025653272867202759e-01
-1.749099977314472198e-02
-6.519849896430969238e-01
1.194666847586631775e-01
-6.168966367840766907e-02
1.420856714248657227e-01
-5.759983062744140625e-01
-9.487533569335937500e-01
1.607466489076614380e-01
-6.964283436536788940e-02
-5.339450240135192871e-01
1.312283277511596680e-01
-1.005535051226615906e-01
4.620062652975320816e-03
-4.555516541004180908e-01
4.467466771602630615e-01
1.869350075721740723e-01
-1.470271497964859009e-01
-2.415940016508102417e-01
-2.292404919862747192e-01
-6.134996656328439713e-03
2.083810120820999146e-01
-1.447633504867553711e-01
2.683500945568084717e-02
1.666518151760101318e-01
5.228539463132619858e-03
3.527698516845703125e-01
-4.934366643428802490e-01
-8.898500353097915649e-02
3.239183723926544189e-01
-3.443349897861480713e-01
-2.407094985246658325e-01
-8.162732720375061035e-01
9.858450293540954590e-02
3.697401583194732666e-01
-3.412891626358032227e-01
-3.562466800212860107e-01
2.008033245801925659e-01
1.053500454872846603e-02
1.611842215061187744e-01
-3.619816601276397705e-01
4.433328807353973389e-01
-2.607741951942443848e-01
-2.880841791629791260e-01
6.516575813293457031e-04
-2.170743942260742188e-01
9.055683016777038574e-02
1.724616438150405884e-01
7.001500576734542847e-02
5.680899694561958313e-02
-3.156190216541290283e-01
-1.147498935461044312e-02
-1.702046841382980347e-01
1.663708239793777466e-01
-5.844333767890930176e-02
1.110251769423484802e-01
7.163167744874954224e-02
-4.634583294391632080e-01
5.054607987403869629e-01
1.381033360958099365e-01
2.942000031471252441e-01
-9.816660545766353607e-03
-7.409549504518508911e-02
-2.810610234737396240e-01
-1.793789863586425781e-01
-4.511834308505058289e-02
2.921293675899505615e-01
-1.987926512956619263e-01
-3.830061852931976318e-01
3.918710052967071533e-01
3.237066566944122314e-01
2.082585096359252930e-01
-3.830166161060333252e-01
-2.274804860353469849e-01
9.158334136009216309e-02
7.217300683259963989e-02
-2.495350092649459839e-01
-7.569699734449386597e-02
5.047549307346343994e-02
-5.881160497665405273e-03
8.414933085441589355e-02
-4.866233170032501221e-01
2.707543373107910156e-01
7.856500148773193359e-02
-1.149324998259544373e-01
4.726254940032958984e-01
-1.749997376464307308e-03
-9.814883023500442505e-02
-6.274767220020294189e-02
1.956133395433425903e-01
-4.137339591979980469e-01
-5.030750036239624023e-01
3.025700151920318604e-01
-1.217050030827522278e-01
2.059566527605056763e-01
-1.846765726804733276e-01
1.864800006151199341e-01
-4.919713437557220459e-01
-2.338950149714946747e-02
3.068783134222030640e-02
3.435717150568962097e-02
2.021583318710327148e-01
-6.290999799966812134e-02
-8.478166908025741577e-02
-2.164678424596786499e-01
2.937529981136322021e-01
7.125002797693014145e-03
2.461674390360713005e-03
7.712515443563461304e-02
-6.293500214815139771e-02
3.333613574504852295e-01
3.921613395214080811e-01
-1.135666668415069580e-01
1.983616799116134644e-01
-2.816866636276245117e-01
9.339300543069839478e-02
3.448533639311790466e-02
-1.782328337430953979e-01
5.284983515739440918e-01
-7.907233387231826782e-02
-9.793166071176528931e-02
-1.825299859046936035e-01
-3.406335832551121712e-03
-8.294666185975074768e-03
1.721678376197814941e-01
1.075360104441642761e-01
-6.487333774566650391e-02
2.891566790640354156e-02
1.072853282094001770e-01
-1.004666686058044434e-01
-3.927088081836700439e-01
1.600199937820434570e-01
1.369966715574264526e-01
-2.244808524847030640e-01
-1.345916558057069778e-02
-1.441975086927413940e-01
3.939900100231170654e-01
-1.262779980897903442e-01
-2.950233221054077148e-01
7.387781888246536255e-02
8.235800266265869141e-02
-1.247722208499908447e-01
-2.203353196382522583e-01
-8.075716346502304077e-02
-1.852378398180007935e-01
-2.209500074386596680e-01
3.277233242988586426e-01
-3.283416628837585449e-01
3.679769933223724365e-01
-2.281383275985717773e-01
1.953312605619430542e-01
-2.959224879741668701e-01
1.150864884257316589e-01
7.104083150625228882e-02
4.686349630355834961e-02
-4.456666484475135803e-02
1.145150233060121536e-02
1.396816875785589218e-02
2.079541683197021484e-01
-3.410799801349639893e-02
-2.943908274173736572e-01
8.401833474636077881e-03
-2.165679931640625000e-01
2.626316845417022705e-01
-9.751100093126296997e-02
1.422348469495773315e-01
-3.147733584046363831e-02
4.151450097560882568e-01
1.232163310050964355e-01
2.349169999361038208e-01
-1.811508387327194214e-01
6.159150004386901855e-01
-1.582366526126861572e-01
7.705482840538024902e-02
-2.738966643810272217e-01
-2.350866645574569702e-01
1.174120008945465088e-01
4.791383445262908936e-01
-3.935250341892242432e-01
2.320953160524368286e-01
-2.946060001850128174e-01
-9.028766304254531860e-02
-2.797533273696899414e-01
-6.653850078582763672e-01
-1.983249932527542114e-01
2.254743129014968872e-01
1.644076555967330933e-01
3.077133297920227051e-01
4.080853462219238281e-01
-4.374166205525398254e-02
5.857799574732780457e-02
5.011213421821594238e-01
-2.292808294296264648e-01
2.615661621093750000e-01
1.688058376312255859e-01
-1.516916602849960327e-01
-2.152683287858963013e-01
-1.041889786720275879e-01
8.239533305168151855e-01
-6.407333165407180786e-02
4.058983325958251953e-01
3.626016676425933838e-01
1.543405055999755859e-01
-3.364063501358032227e-01
-3.398083448410034180e-01
3.212454915046691895e-01
2.742838561534881592e-01
-3.311036527156829834e-01
-3.968795239925384521e-01
-2.774700224399566650e-01
-2.156891673803329468e-01
3.347966670989990234e-01
-4.078689813613891602e-01
8.074666559696197510e-02
1.112741604447364807e-01
-3.620000556111335754e-02
-3.270316720008850098e-01
-4.393233358860015869e-01
-3.075500391423702240e-02
1.945453882217407227e-01
-2.831250429153442383e-03
-4.101000353693962097e-02
3.325793147087097168e-02
-2.441221475601196289e-02
7.020267099142074585e-02
1.688965111970901489e-01
-1.596651673316955566e-01
2.406850308179855347e-01
7.855249941349029541e-02
2.926066517829895020e-01
-1.010664999485015869e-01
-3.191616833209991455e-01
5.085042119026184082e-01
-8.338666707277297974e-02
-1.298933941870927811e-02
5.061783269047737122e-02
1.125733256340026855e-01
3.059076666831970215e-01
5.001008510589599609e-03
-2.020038366317749023e-01
-9.590134024620056152e-02
-1.615618318319320679e-01
-2.863466739654541016e-01
-1.488583255559206009e-02
1.970636695623397827e-01
-2.781333327293395996e-01
-2.873895168304443359e-01
1.637416630983352661e-01
-4.623737037181854248e-01
4.606806933879852295e-01
-2.320878356695175171e-01
-3.012399971485137939e-01
4.098033905029296875e-02
-1.239768490195274353e-01
1.248283311724662781e-01
-4.147258102893829346e-01
2.752796709537506104e-01
2.198516577482223511e-01
5.112266540527343750e-01
-2.354126572608947754e-01
-2.195619791746139526e-01
3.127266466617584229e-02
-1.959266513586044312e-01
-1.980183459818363190e-02
5.830149650573730469e-01
1.856828182935714722e-01
1.654366403818130493e-01
5.605833530426025391e-01
-6.867570430040359497e-02
-4.306286573410034180e-01
1.456259936094284058e-01
-4.557091891765594482e-01
-3.237366378307342529e-01
4.340399801731109619e-01
-9.512817263603210449e-01
2.131166495382785797e-02
-2.005153298377990723e-01
-1.260050088167190552e-01
-2.445878386497497559e-01
-4.032743275165557861e-01
-4.206181764602661133e-01
-1.149150058627128601e-01
8.911732584238052368e-02
2.280090004205703735e-02
-1.913906484842300415e-01
1.279879957437515259e-01
3.387933075428009033e-01
1.030693277716636658e-01
-1.832896620035171509e-01
6.114217266440391541e-02
-8.711534738540649414e-02
2.244266867637634277e-01
2.955333702266216278e-02
2.546686828136444092e-01
4.999650418758392334e-01
-5.911488533020019531e-01
-2.288416475057601929e-01
3.095943033695220947e-01
