-2.388166636228561401e-01
-1.315719932317733765e-01
-2.438306808471679688e-01
-2.025533318519592285e-01
-5.296599864959716797e-01
9.739667177200317383e-02
-2.810199744999408722e-02
1.695393323898315430e-01
-4.548833370208740234e-01
-1.292866706848144531e+00
5.313666537404060364e-02
1.329176723957061768e-01
-4.408566653728485107e-01
5.265066027641296387e-02
-7.025032490491867065e-02
1.037649884819984436e-01
-5.003633499145507812e-01
6.969332695007324219e-02
1.765366643667221069e-01
-2.826576530933380127e-01
-1.121613383293151855e-01
-5.839100480079650879e-02
1.957766562700271606e-01
1.121620163321495056e-01
-1.887466907501220703e-01
-4.035033285617828369e-01
2.710269987583160400e-01
1.171799972653388977e-01
8.657300472259521484e-02
-3.469599783420562744e-01
-4.407566785812377930e-01
2.738266885280609131e-01
-3.530932962894439697e-01
4.322099685668945312e-02
-8.280666470527648926e-01
2.501434087753295898e-02
-4.804967343807220459e-02
-1.622650027275085449e-01
-2.494433373212814331e-01
3.283433020114898682e-01
-6.337665766477584839e-02
2.430094629526138306e-01
-4.957866668701171875e-01
3.285689949989318848e-01
-1.789616793394088745e-01
-3.226200044155120850e-01
7.885666936635971069e-02
-3.134894967079162598e-01
3.721033409237861633e-02
-1.778133362531661987e-01
-3.208998963236808777e-02
4.681134223937988281e-02
-2.489466406404972076e-02
4.849667474627494812e-02
-3.021600283682346344e-02
4.955667257308959961e-02
-3.190000727772712708e-02
1.365998177789151669e-03
1.025666669011116028e-01
-2.011833339929580688e-01
2.466199994087219238e-01
3.486166894435882568e-01
2.386833280324935913e-01
-2.320600003004074097e-01
-2.305700033903121948e-01
-1.872453242540359497e-01
-1.846799999475479126e-01
-2.355666458606719971e-02
1.701053380966186523e-01
-1.997486799955368042e-01
-3.159566596150398254e-02
7.253100275993347168e-01
3.843133449554443359e-01
2.240203171968460083e-01
-4.290266335010528564e-01
-1.936276704072952271e-01
2.281966656446456909e-01
-1.414206624031066895e-01
-9.626000374555587769e-02
1.292359977960586548e-01
-1.770190000534057617e-01
-4.647232592105865479e-02
-2.470179945230484009e-01
-5.425433516502380371e-01
8.904866129159927368e-02
2.068499922752380371e-01
-2.010499872267246246e-02
4.797033369541168213e-01
-3.366999700665473938e-02
-2.335099875926971436e-02
1.687179952859878540e-01
3.308633267879486084e-01
-1.512013375759124756e-01
-2.638233304023742676e-01
4.310799837112426758e-01
9.714332967996597290e-02
1.935266703367233276e-01
-1.063149943947792053e-01
4.694333299994468689e-02
-4.164426624774932861e-01
-9.633800387382507324e-02
-5.763000249862670898e-02
-2.775565721094608307e-02
1.248233318328857422e-01
-9.810999780893325806e-02
1.423300057649612427e-01
2.417910099029541016e-01
4.342440068721771240e-01
-2.253866791725158691e-01
1.189300045371055603e-01
-2.369463443756103516e-01
8.806667476892471313e-02
7.517567276954650879e-02
2.070593237876892090e-01
3.294399976730346680e-01
1.183666754513978958e-02
-1.838333457708358765e-01
5.555567145347595215e-02
1.727013438940048218e-01
3.372767195105552673e-02
3.140600025653839111e-01
2.501799724996089935e-02
2.002093344926834106e-01
-3.501666709780693054e-02
-9.320533275604248047e-02
1.062200125306844711e-02
3.273789882659912109e-01
2.268200367689132690e-02
1.713333278894424438e-01
-1.007433310151100159e-01
-1.026700064539909363e-01
-2.360666729509830475e-02
-3.734309673309326172e-01
-1.855833381414413452e-01
3.012900054454803467e-01
-2.386999875307083130e-01
4.046633467078208923e-02
-2.859083414077758789e-01
1.378733366727828979e-01
-2.150133252143859863e-01
-2.100600004196166992e-01
2.991476356983184814e-01
2.947133481502532959e-01
-7.292110472917556763e-02
-4.847933351993560791e-01
2.010056525468826294e-01
-4.108990132808685303e-01
-1.790800094604492188e-01
4.100700318813323975e-01
-1.343133300542831421e-01
3.772419989109039307e-01
-8.279999345541000366e-02
1.786691546440124512e-01
-2.581573426723480225e-01
2.696129977703094482e-01
-2.213116437196731567e-01
-2.797529995441436768e-01
1.063866615295410156e-01
-8.073698729276657104e-02
-1.023936644196510315e-01
-4.510500654578208923e-02
-1.867806464433670044e-01
-1.686566621065139771e-01
-1.392666832543909550e-03
-3.051193058490753174e-01
3.585800230503082275e-01
-1.057333219796419144e-02
3.433910310268402100e-01
6.421266496181488037e-02
3.495800197124481201e-01
1.676859855651855469e-01
9.875733405351638794e-02
-3.747616708278656006e-01
6.201266646385192871e-01
-1.671799868345260620e-01
-2.511966526508331299e-01
-1.744999885559082031e-01
-1.290066689252853394e-01
6.709333509206771851e-02
4.124866724014282227e-01
-2.387133240699768066e-01
2.435633391141891479e-01
7.549133151769638062e-02
-3.634766638278961182e-01
-4.195693433284759521e-01
-1.731633394956588745e-01
-3.411966562271118164e-01
4.915633201599121094e-01
-6.526799499988555908e-02
3.448466956615447998e-01
7.429800033569335938e-01
2.514733374118804932e-01
5.026533827185630798e-02
2.960859835147857666e-01
-1.546650081872940063e-01
-3.669767081737518311e-02
-5.010166764259338379e-02
-2.348133325576782227e-01
-1.884166598320007324e-01
-1.031633317470550537e-01
8.342599868774414062e-01
-9.469333291053771973e-02
2.954043447971343994e-01
2.418833225965499878e-01
1.002976670861244202e-01
-1.145960018038749695e-01
-3.900466859340667725e-01
-8.261232823133468628e-02
1.390243321657180786e-01
-3.423399925231933594e-01
-1.539456695318222046e-01
-4.643233716487884521e-01
-1.837300062179565430e-01
3.480499982833862305e-01
-3.782423436641693115e-01
1.070366725325584412e-01
1.582749933004379272e-01
-2.119933366775512695e-01
-2.279133349657058716e-01
-3.888332843780517578e-02
7.889000326395034790e-02
1.433677673339843750e-01
1.214416325092315674e-02
3.325233161449432373e-01
7.311866432428359985e-02
-2.760696709156036377e-01
1.455200016498565674e-01
9.004633873701095581e-02
-1.018900051712989807e-01
2.165366858243942261e-01
1.452466696500778198e-01
4.072299897670745850e-01
-1.997196674346923828e-01
-2.329266518354415894e-01
2.520050704479217529e-01
1.647833138704299927e-01
1.645299941301345825e-01
-1.637176722288131714e-01
1.816766709089279175e-01
4.557266533374786377e-01
1.668020039796829224e-01
-1.703776717185974121e-01
-8.350333571434020996e-02
-8.122032880783081055e-02
-6.321733593940734863e-01
-8.738328702747821808e-03
2.973829805850982666e-01
-5.089666843414306641e-01
5.911000072956085205e-02
-1.969666220247745514e-02
-1.000106632709503174e-01
2.747246623039245605e-01
-1.726989895105361938e-01
-5.092466473579406738e-01
4.546400904655456543e-02
-1.240969970822334290e-01
2.512667514383792877e-02
-3.391953408718109131e-01
1.061566546559333801e-01
2.710100114345550537e-01
3.462366759777069092e-01
-1.887166500091552734e-01
-6.800732761621475220e-02
3.264519870281219482e-01
-1.940096616744995117e-01
8.502832800149917603e-02
2.710499763488769531e-01
2.607789933681488037e-01
-4.689999297261238098e-02
3.621200025081634521e-01
-5.276140570640563965e-02
-4.331873655319213867e-01
2.341653257608413696e-01
-3.551183640956878662e-01
-9.327999502420425415e-02
2.181299924850463867e-01
-1.302093267440795898e+00
-1.162533387541770935e-01
-1.541400104761123657e-01
1.221766695380210876e-01
-1.334499865770339966e-01
-3.156106770038604736e-01
-1.088563427329063416e-01
-2.818366587162017822e-01
2.271846681833267212e-01
1.984051316976547241e-01
-2.320280075073242188e-01
6.920666247606277466e-02
-3.785664914175868034e-03
2.297843247652053833e-01
-7.045266777276992798e-02
-2.099056392908096313e-01
-3.206173479557037354e-01
2.954466640949249268e-01
1.927233338356018066e-01
2.837673127651214600e-01
7.650799751281738281e-01
-3.730410039424896240e-01
4.840334132313728333e-02
1.559886485338211060e-01
