-3.492344617843627930e-01
1.708789020776748657e-01
-3.114489018917083740e-01
-2.233488485217094421e-02
-6.559078693389892578e-01
-3.854188695549964905e-02
-7.839544862508773804e-02
3.681921064853668213e-01
-4.414707422256469727e-01
-1.097377777099609375e+00
7.218777388334274292e-02
2.340033352375030518e-01
-4.510421156883239746e-01
3.683888539671897888e-02
-1.365900933742523193e-01
-3.427550792694091797e-01
-4.021155834197998047e-01
4.333244860172271729e-01
2.673139870166778564e-01
5.932152271270751953e-04
-2.140933126211166382e-01
-2.582205533981323242e-01
-8.317432552576065063e-02
4.938666149973869324e-02
1.006487831473350525e-01
2.684122323989868164e-01
2.867855429649353027e-01
3.196466863155364990e-01
3.669282197952270508e-01
-4.910000562667846680e-01
-6.529111415147781372e-02
3.819146752357482910e-01
-8.657154440879821777e-02
-4.743000864982604980e-02
-4.664588570594787598e-01
-1.954551339149475098e-01
4.007577598094940186e-01
-5.619183182716369629e-01
-1.860455721616744995e-01
2.265733033418655396e-01
-3.178941309452056885e-01
3.189263343811035156e-01
-6.269677877426147461e-01
8.029744029045104980e-01
-3.014752268791198730e-01
-3.403683304786682129e-01
2.788635492324829102e-01
-7.197658717632293701e-02
-1.971288770437240601e-02
-5.479444563388824463e-02
1.832033395767211914e-01
2.534719705581665039e-01
7.629700005054473877e-02
8.734299987554550171e-02
-1.230444852262735367e-02
4.527166783809661865e-01
3.591155409812927246e-01
-1.002122163772583008e-01
-7.515554875135421753e-02
-4.775110781192779541e-01
5.659094452857971191e-01
2.629076540470123291e-01
-8.113343268632888794e-02
1.393411159515380859e-01
-1.819674372673034668e-01
3.583166748285293579e-02
-2.746833264827728271e-01
1.241892203688621521e-01
2.279914468526840210e-01
-2.166228592395782471e-01
-2.058499902486801147e-01
5.832415819168090820e-01
3.806744813919067383e-01
2.477267831563949585e-01
-5.388199687004089355e-01
-9.970112890005111694e-02
4.261899888515472412e-01
-1.036862209439277649e-01
-1.000322103500366211e-01
1.040115952491760254e-03
-1.592579036951065063e-01
2.210770994424819946e-01
5.378110334277153015e-03
-4.354917705059051514e-01
9.692332893610000610e-02
-4.697556793689727783e-02
-2.207377739250659943e-02
4.074181318283081055e-01
1.999135613441467285e-01
-1.556848883628845215e-01
5.815202742815017700e-02
9.766637533903121948e-02
-2.932732105255126953e-01
-5.011055469512939453e-01
3.931311368942260742e-01
2.130199968814849854e-02
-1.194122210144996643e-01
-3.660855591297149658e-01
2.944946587085723877e-01
-5.263333320617675781e-01
-4.695918858051300049e-01
-1.959925889968872070e-02
-9.616177529096603394e-03
1.098423749208450317e-01
-9.306667000055313110e-02
-4.842466711997985840e-01
1.040507853031158447e-01
3.582622408866882324e-01
1.514311134815216064e-01
1.402777582406997681e-01
-2.357493489980697632e-01
-1.650102138519287109e-01
1.020434424281120300e-01
1.832555681467056274e-01
-8.615366369485855103e-02
-3.195932209491729736e-01
-1.079877763986587524e-01
3.198733329772949219e-01
4.465733096003532410e-02
-3.000841140747070312e-01
4.081559777259826660e-01
-1.650893092155456543e-01
1.460757851600646973e-01
-2.552633285522460938e-01
1.527177821844816208e-02
3.146871328353881836e-01
-1.272444427013397217e-01
-7.715488970279693604e-02
-2.449722290039062500e-01
-7.991188764572143555e-02
-1.422708779573440552e-01
-6.915136426687240601e-02
-4.825925827026367188e-01
1.700128912925720215e-01
8.611786365509033203e-02
-3.949605822563171387e-01
-1.939599961042404175e-02
-1.708866804838180542e-01
2.259933203458786011e-01
-1.536759883165359497e-01
2.803372044581919909e-04
4.157571196556091309e-01
2.143899798393249512e-01
-2.886478900909423828e-01
-2.239245623350143433e-01
-1.982837766408920288e-01
-2.704940140247344971e-01
-4.028486907482147217e-01
3.265959024429321289e-01
-4.115998744964599609e-03
3.773935735225677490e-01
-1.503488719463348389e-01
-7.488994300365447998e-02
-2.545003294944763184e-01
2.050208747386932373e-01
-1.149444431066513062e-01
5.673701763153076172e-01
7.252300530672073364e-02
1.882000081241130829e-02
-2.945355474948883057e-01
-8.369621634483337402e-02
-1.564555615186691284e-01
-2.148827910423278809e-01
-3.779706358909606934e-02
-3.926589190959930420e-01
3.485014736652374268e-01
-9.297892451286315918e-03
-7.157764630392193794e-04
-1.791058480739593506e-01
1.195680052042007446e-01
1.123678982257843018e-01
3.512231111526489258e-01
-8.090943843126296997e-02
7.696278095245361328e-01
4.185889288783073425e-02
-2.274901121854782104e-01
-1.576504409313201904e-01
-1.747360974550247192e-01
1.509528756141662598e-01
3.140010833740234375e-01
-2.937433421611785889e-01
4.337581396102905273e-01
-2.107424288988113403e-01
-3.002351224422454834e-01
-4.574427008628845215e-01
-1.463136672973632812e-01
-2.978167831897735596e-01
1.872990727424621582e-01
3.675248026847839355e-01
3.196922540664672852e-01
6.093800067901611328e-01
2.665427923202514648e-01
1.477379053831100464e-01
4.045128524303436279e-01
-2.629251480102539062e-01
3.158244118094444275e-02
2.967975437641143799e-01
-2.959044463932514191e-02
-2.833689153194427490e-01
-4.941764473915100098e-01
4.173266887664794922e-01
-1.542377769947052002e-01
2.921652197837829590e-01
4.696000516414642334e-01
2.700477838516235352e-01
-3.300706446170806885e-01
-5.054343938827514648e-01
6.353899836540222168e-02
3.186644315719604492e-01
-4.780376851558685303e-01
-7.645422220230102539e-01
1.042164415121078491e-01
-1.536562442779541016e-01
4.760221838951110840e-01
-5.219052433967590332e-01
1.263055503368377686e-01
2.224090695381164551e-01
-8.914114907383918762e-03
-1.676977872848510742e-01
-3.813511133193969727e-01
-1.253900676965713501e-01
8.592799305915832520e-02
1.998972594738006592e-01
3.428508043289184570e-01
4.719661548733711243e-03
-7.018191367387771606e-02
5.687689781188964844e-02
2.879697084426879883e-01
1.610954403877258301e-01
3.528455793857574463e-01
-1.498813331127166748e-01
4.474188387393951416e-01
-8.531740307807922363e-02
-3.167903125286102295e-01
3.539206385612487793e-01
1.898289658129215240e-02
-2.321393489837646484e-01
-1.420033276081085205e-01
6.697866320610046387e-02
2.423356324434280396e-01
-3.241246938705444336e-01
-5.290355086326599121e-01
2.082644775509834290e-02
8.286988735198974609e-02
-6.279911845922470093e-02
-2.154188752174377441e-01
4.514388740062713623e-02
-9.278656542301177979e-02
-3.125000000000000000e-02
2.419591993093490601e-01
-3.791366145014762878e-02
1.479918807744979858e-01
-1.494588851928710938e-01
-3.747090995311737061e-01
-4.376555383205413818e-01
-3.016709089279174805e-01
6.707443296909332275e-02
-4.382332265377044678e-01
6.144888699054718018e-02
8.658500760793685913e-02
4.669989049434661865e-01
-4.896288514137268066e-01
-1.194184496998786926e-01
-9.432244300842285156e-02
-1.113479956984519958e-01
-1.596176624298095703e-01
5.997711420059204102e-01
1.574219465255737305e-01
2.255999743938446045e-01
6.157588958740234375e-01
-2.815560102462768555e-01
-2.016712278127670288e-01
3.314757943153381348e-01
-5.114389061927795410e-01
-3.813855350017547607e-01
4.722554981708526611e-01
-3.396677970886230469e-01
-5.676655471324920654e-02
-1.671131104230880737e-01
2.192006558179855347e-01
-3.701863586902618408e-01
-1.671582162380218506e-01
-4.996549785137176514e-01
-4.124819040298461914e-01
3.461773097515106201e-01
9.182883426547050476e-03
5.480066686868667603e-02
1.304742246866226196e-01
3.090285062789916992e-01
2.482671737670898438e-01
-1.809333413839340210e-01
7.444155216217041016e-02
-2.478345781564712524e-01
-1.462789028882980347e-01
1.896166503429412842e-01
1.877155900001525879e-01
5.762966871261596680e-01
-7.019311189651489258e-01
-1.138793230056762695e-01
-7.181967794895172119e-02
