-2.387773990631103516e-01
-8.745719492435455322e-02
-1.727723926305770874e-01
-4.654439538717269897e-02
-4.487999975681304932e-01
7.660800218582153320e-02
-6.919679790735244751e-02
2.144120447337627411e-02
-4.335787892341613770e-01
-1.282886028289794922e+00
2.796719968318939209e-01
-4.225779324769973755e-02
-4.027732014656066895e-01
1.002941951155662537e-01
-1.363017857074737549e-01
8.609915524721145630e-02
-4.465880393981933594e-01
3.835872113704681396e-01
1.457622051239013672e-01
-1.075180023908615112e-01
-6.531600654125213623e-02
-6.748604588210582733e-03
3.519979119300842285e-02
4.599520564079284668e-02
-1.464306116104125977e-01
2.540200948715209961e-02
1.419357508420944214e-01
-8.583887666463851929e-02
7.887361198663711548e-02
-3.520399928092956543e-01
-1.612385958433151245e-01
5.333079695701599121e-01
-2.590200006961822510e-01
-2.462020218372344971e-01
-9.477680325508117676e-01
3.890401124954223633e-02
1.917860060930252075e-01
-2.112810164690017700e-01
-2.585339546203613281e-01
2.715149819850921631e-01
1.074968129396438599e-01
6.642600893974304199e-02
-2.114907801151275635e-01
1.986434012651443481e-01
-1.436409950256347656e-01
-2.315032035112380981e-01
8.593998849391937256e-02
-4.882369935512542725e-02
2.606200054287910461e-02
5.614600703120231628e-02
4.027999937534332275e-02
2.606040798127651215e-02
-1.340651959180831909e-01
-1.598799601197242737e-02
-1.070464029908180237e-01
1.773484945297241211e-01
1.324239969253540039e-01
1.042294055223464966e-01
2.781600058078765869e-01
-1.608119904994964600e-01
6.471340060234069824e-01
2.205888032913208008e-01
1.654540002346038818e-01
-8.112499862909317017e-02
-1.710361987352371216e-01
-3.729070127010345459e-01
-1.774493902921676636e-01
-9.099664539098739624e-02
2.215991914272308350e-01
-3.371140062808990479e-01
-2.642953991889953613e-01
3.972992002964019775e-01
1.979779899120330811e-01
2.150481939315795898e-01
-4.205179810523986816e-01
-1.924633979797363281e-01
1.432799734175205231e-02
2.019589841365814209e-01
-2.416300028562545776e-01
-2.626839652657508850e-02
3.102999879047274590e-03
5.722100287675857544e-02
1.495651900768280029e-01
-5.265699625015258789e-01
3.573080003261566162e-01
8.857599645853042603e-02
-2.380300015211105347e-01
5.325859785079956055e-01
1.015759930014610291e-01
-2.923419699072837830e-02
9.068159759044647217e-02
3.040220141410827637e-01
-3.631328046321868896e-01
-4.301140308380126953e-01
3.747737407684326172e-01
2.107020653784275055e-02
2.866600081324577332e-02
-1.563910543918609619e-01
1.473830044269561768e-01
-4.857155680656433105e-01
-1.796428114175796509e-01
-1.086848005652427673e-01
3.925060108304023743e-02
6.069800257682800293e-02
-8.374200016260147095e-02
-1.530980169773101807e-01
5.318139865994453430e-02
2.471849918365478516e-01
-1.139260083436965942e-01
2.497100085020065308e-01
6.939399056136608124e-03
-2.172379940748214722e-01
3.286525905132293701e-01
2.555378079414367676e-01
-4.832580685615539551e-02
1.239300146698951721e-01
-2.896620333194732666e-01
-4.364849999547004700e-02
-2.114360220730304718e-02
-1.148633956909179688e-01
1.962659955024719238e-01
1.090739946812391281e-02
-6.849239766597747803e-02
-1.928100138902664185e-01
1.113720051944255829e-02
1.611320488154888153e-02
2.508246004581451416e-01
8.535520732402801514e-02
7.511200010776519775e-02
6.899980455636978149e-02
1.476260125637054443e-01
-6.856600195169448853e-02
-2.329449951648712158e-01
-1.346900500357151031e-02
1.147660017013549805e-01
-1.579299867153167725e-01
-1.658039987087249756e-01
-2.076095789670944214e-01
2.255484163761138916e-01
4.243203438818454742e-03
-8.518780022859573364e-02
2.819480001926422119e-01
1.722044050693511963e-01
-6.659597158432006836e-03
-2.192000150680541992e-01
-9.945973753929138184e-02
-1.012334078550338745e-01
-2.909033894538879395e-01
1.211525946855545044e-01
-1.522367894649505615e-01
1.636327952146530151e-01
-3.027078211307525635e-01
5.548949912190437317e-02
-2.634814083576202393e-01
1.759740114212036133e-01
4.686700552701950073e-02
1.535721868276596069e-01
-1.022240072488784790e-01
4.097580909729003906e-02
-1.372060030698776245e-01
5.200999788939952850e-03
-1.757550090551376343e-01
-2.506119906902313232e-01
3.476120531558990479e-02
-3.272020071744918823e-02
2.553279995918273926e-01
6.305603776127099991e-03
2.476312220096588135e-01
1.185261979699134827e-01
3.478372097015380859e-01
1.211636066436767578e-01
7.101039588451385498e-02
-2.075190097093582153e-01
3.205739855766296387e-01
-1.452060043811798096e-01
9.296999871730804443e-02
-3.177196085453033447e-01
-6.747820228338241577e-02
1.642131954431533813e-01
4.738759994506835938e-01
-2.470759898424148560e-01
1.337520033121109009e-01
-2.366932183504104614e-01
-1.398539990186691284e-01
-3.032585978507995605e-01
-3.740546107292175293e-01
-1.965819895267486572e-01
4.485666155815124512e-01
2.057460099458694458e-01
3.493060171604156494e-01
4.013451933860778809e-01
4.347239807248115540e-02
2.051823884248733521e-01
3.291016221046447754e-01
-1.302104741334915161e-01
8.293795399367809296e-03
8.800800144672393799e-02
-2.008000016212463379e-02
1.339800655841827393e-02
-2.010900080204010010e-01
9.380800127983093262e-01
-2.492779940366744995e-01
1.655264049768447876e-01
2.538459897041320801e-01
2.038325965404510498e-01
-8.149280399084091187e-02
-3.836467862129211426e-01
1.130748018622398376e-01
2.813900113105773926e-01
-8.244379609823226929e-02
-5.233785510063171387e-01
-2.699605822563171387e-01
-1.954039782285690308e-01
2.856234014034271240e-01
-4.890653491020202637e-01
4.599940031766891479e-02
-5.198157951235771179e-02
2.299559675157070160e-02
-1.658979952335357666e-01
-3.383900225162506104e-01
-7.505991961807012558e-03
9.770066291093826294e-02
-8.389110863208770752e-02
7.769020646810531616e-02
-6.586434692144393921e-02
1.309442073106765747e-01
1.648103892803192139e-01
2.207638025283813477e-01
-8.704000711441040039e-02
2.352078855037689209e-01
-1.027742028236389160e-01
2.678783833980560303e-01
-9.919320046901702881e-02
-5.515559911727905273e-01
3.615759909152984619e-01
2.053000032901763916e-01
-5.660717934370040894e-02
1.192554011940956116e-01
1.092979907989501953e-01
3.132719993591308594e-01
1.608805954456329346e-01
-2.236191928386688232e-01
-6.847180426120758057e-02
1.668180152773857117e-02
-2.193276137113571167e-01
-1.966361999511718750e-01
1.513561904430389404e-01
-2.502493858337402344e-01
-2.101115882396697998e-01
9.548940509557723999e-02
-2.379029989242553711e-01
2.255268096923828125e-01
-1.396929919719696045e-01
-2.711879611015319824e-01
6.506399065256118774e-02
-4.209540039300918579e-02
1.471299976110458374e-01
-4.890700280666351318e-01
2.476520091295242310e-01
2.549429833889007568e-01
3.397319912910461426e-01
-8.942760527133941650e-02
-2.095530033111572266e-01
8.939899504184722900e-02
-1.369985938072204590e-01
-4.555559903383255005e-02
2.873080074787139893e-01
-7.908600382506847382e-03
3.247160017490386963e-01
5.114740133285522461e-01
-2.849600091576576233e-02
-4.842940270900726318e-01
1.952283978462219238e-01
-2.671982049942016602e-01
-3.038004040718078613e-01
3.286940157413482666e-01
-1.174660325050354004e+00
4.698920249938964844e-02
-7.016219198703765869e-02
-3.423800319433212280e-02
-4.120580255985260010e-01
-3.184663951396942139e-01
-2.727634012699127197e-01
-2.327859848737716675e-01
5.872600153088569641e-02
1.727902144193649292e-01
-1.612327992916107178e-01
6.961505860090255737e-02
2.111540138721466064e-01
6.290899217128753662e-02
-1.016298979520797729e-01
-7.116799801588058472e-02
-9.255840629339218140e-02
1.930380165576934814e-01
1.490200012922286987e-01
1.608760058879852295e-01
6.559460163116455078e-01
-4.391886293888092041e-01
-1.050439924001693726e-01
3.187865614891052246e-01
