-2.652686536312103271e-01
5.311600118875503540e-02
-2.262239903211593628e-01
2.981480397284030914e-02
-5.883359909057617188e-01
2.454280108213424683e-01
3.789640218019485474e-02
3.814759850502014160e-01
-8.191179037094116211e-01
-1.085665941238403320e+00
1.242436021566390991e-01
2.172079980373382568e-01
-5.798679590225219727e-01
3.332799673080444336e-02
-3.348680138587951660e-01
-1.492300033569335938e-01
-5.364700555801391602e-01
4.234680235385894775e-01
2.566120028495788574e-01
-1.781160086393356323e-01
-1.429148018360137939e-01
-1.943912059068679810e-01
-6.980322301387786865e-02
2.219723910093307495e-01
4.069100022315979004e-01
2.104400098323822021e-02
4.075811803340911865e-01
2.314279973506927490e-01
1.566859930753707886e-01
-6.975231170654296875e-01
-1.189080029726028442e-01
3.891952037811279297e-01
-1.906457841396331787e-01
-9.831340610980987549e-02
-4.536639750003814697e-01
-2.733331918716430664e-01
3.145377933979034424e-01
-2.762779891490936279e-01
-2.285211980342864990e-01
5.144619345664978027e-01
-4.255139827728271484e-01
1.998414099216461182e-01
-6.752160191535949707e-01
7.311860322952270508e-01
-2.946520149707794189e-01
-3.822709918022155762e-01
2.358439862728118896e-01
-6.847473978996276855e-02
6.428003311157226562e-03
-6.410600244998931885e-02
-1.082539930939674377e-01
3.473820090293884277e-01
-1.189720164984464645e-02
-1.352879852056503296e-01
-1.825120151042938232e-01
1.699120104312896729e-01
6.633220314979553223e-01
3.795260190963745117e-02
4.987720400094985962e-02
-1.918576061725616455e-01
5.436270236968994141e-01
3.907179832458496094e-01
-6.140800192952156067e-02
4.361500218510627747e-02
-1.305957883596420288e-01
2.961159870028495789e-02
-2.039539813995361328e-01
2.365500107407569885e-02
1.057623997330665588e-01
-2.521959841251373291e-01
-2.651539742946624756e-01
5.065271854400634766e-01
4.916519522666931152e-01
2.791503965854644775e-01
-5.906440019607543945e-01
-3.020815253257751465e-01
4.729259908199310303e-01
-1.767201870679855347e-01
4.429399967193603516e-02
4.029401019215583801e-02
-6.002399139106273651e-03
2.100692093372344971e-01
-1.558735966682434082e-01
-5.889716148376464844e-01
-1.884899884462356567e-01
-4.979000240564346313e-02
-2.585960030555725098e-01
3.422312140464782715e-01
-1.359159946441650391e-01
-2.070595920085906982e-01
8.788958936929702759e-02
3.143400251865386963e-01
-2.285816222429275513e-01
-3.714140057563781738e-01
1.924199908971786499e-01
-2.455560304224491119e-02
8.485519886016845703e-02
-4.263979792594909668e-01
2.910092175006866455e-01
-5.538300275802612305e-01
-3.531914055347442627e-01
-1.235166043043136597e-01
1.160272136330604553e-01
2.000920027494430542e-01
1.623222082853317261e-01
-2.769440114498138428e-01
2.506040036678314209e-01
5.468620061874389648e-01
4.207000136375427246e-02
3.082982003688812256e-01
-1.966675817966461182e-01
-9.052558988332748413e-02
2.386062145233154297e-01
3.243379890918731689e-01
-2.281839847564697266e-01
-3.285500109195709229e-01
-2.840999960899353027e-01
3.567000105977058411e-02
-2.426620014011859894e-02
-8.771199733018875122e-02
5.156779885292053223e-01
1.312339864671230316e-02
-2.762159705162048340e-02
-4.619956016540527344e-04
5.070199444890022278e-02
3.519927859306335449e-01
1.494819968938827515e-01
-2.885759808123111725e-02
4.516000673174858093e-02
-6.213959306478500366e-02
-1.933676004409790039e-01
4.521599411964416504e-02
-1.671691834926605225e-01
-5.290839076042175293e-02
4.734199941158294678e-01
-3.348310291767120361e-01
-1.196299940347671509e-01
-3.598180115222930908e-01
-7.089199870824813843e-02
-1.801879853010177612e-01
-2.742198668420314789e-02
4.634347856044769287e-01
3.038516044616699219e-01
-2.666920125484466553e-01
-1.358216106891632080e-01
-2.259699851274490356e-01
-3.174780011177062988e-01
-3.706459999084472656e-01
3.449600338935852051e-01
-2.007360011339187622e-01
4.286634027957916260e-01
-5.589699745178222656e-02
-3.218997968360781670e-03
-2.566206157207489014e-01
2.717474102973937988e-01
-1.259900033473968506e-01
2.852143645286560059e-01
1.477960050106048584e-01
-3.490798920392990112e-02
-4.069879949092864990e-01
4.036439955234527588e-02
2.520059980452060699e-02
-2.836890220642089844e-01
-3.382455930113792419e-02
-5.031300187110900879e-01
3.556551933288574219e-01
-5.727400258183479309e-02
3.599099442362785339e-02
-1.991128027439117432e-01
1.208453997969627380e-01
1.190420165657997131e-01
1.687633991241455078e-01
-3.172199800610542297e-02
7.991899847984313965e-01
5.923800542950630188e-02
-1.785672008991241455e-01
-1.366718113422393799e-01
-1.055176034569740295e-01
-5.354199558496475220e-02
4.524780213832855225e-01
-4.440279901027679443e-01
3.959532380104064941e-01
-1.592724025249481201e-01
-4.047471880912780762e-01
-6.365523934364318848e-01
-6.239200755953788757e-02
-2.456333637237548828e-01
2.569059729576110840e-01
3.109039664268493652e-01
2.564380168914794922e-01
7.237219810485839844e-01
2.453579902648925781e-01
2.041399925947189331e-01
4.416320323944091797e-01
-3.607359826564788818e-01
6.744000129401683807e-03
2.289344072341918945e-01
-1.470427960157394409e-01
4.058399796485900879e-02
-3.379007875919342041e-01
4.928039908409118652e-01
-5.528200417757034302e-02
3.228698074817657471e-01
4.514979720115661621e-01
2.328039854764938354e-01
3.684800118207931519e-02
-5.516519546508789062e-01
-1.777600049972534180e-01
5.778080224990844727e-01
-6.065139770507812500e-01
-5.448639988899230957e-01
-1.012740135192871094e-01
-3.666190207004547119e-01
4.203519821166992188e-01
-3.377513885498046875e-01
8.946999162435531616e-02
2.875358462333679199e-01
-1.166460067033767700e-01
-1.122159957885742188e-01
-5.434539914131164551e-01
-2.540919482707977295e-01
-8.273820579051971436e-02
7.045180350542068481e-02
4.036540091037750244e-01
-5.005460977554321289e-02
9.847158566117286682e-03
9.874840080738067627e-02
5.624419450759887695e-01
4.645580053329467773e-02
4.996220171451568604e-01
-1.810245960950851440e-01
3.795999884605407715e-01
-1.448799967765808105e-01
-2.821870148181915283e-01
2.597659826278686523e-01
1.899732053279876709e-01
-1.791960000991821289e-01
-2.249593660235404968e-02
2.247995231300592422e-03
3.568491935729980469e-01
-2.780694067478179932e-01
-4.742819666862487793e-01
-9.480561316013336182e-02
5.916160345077514648e-02
-3.001912236213684082e-01
-1.623860001564025879e-01
2.108605802059173584e-01
-3.000839948654174805e-01
-2.064214050769805908e-01
1.524745970964431763e-01
-1.473660022020339966e-01
2.006900012493133545e-01
3.210598975419998169e-02
-4.072799682617187500e-01
-5.467179417610168457e-01
-3.642202019691467285e-01
2.148880064487457275e-01
-5.190438032150268555e-01
4.031080007553100586e-02
8.398200571537017822e-02
6.148880124092102051e-01
-4.652599692344665527e-01
-1.544739902019500732e-01
4.673900082707405090e-02
-7.553800195455551147e-02
-1.286799907684326172e-01
5.497220158576965332e-01
1.081669554114341736e-01
6.773199886083602905e-02
6.811319589614868164e-01
-1.630200147628784180e-01
-2.494940012693405151e-01
5.316029787063598633e-01
-4.521059989929199219e-01
-5.512399598956108093e-02
5.577260255813598633e-01
-3.255071938037872314e-01
3.360000206157565117e-03
-3.906100094318389893e-01
2.553939819335937500e-01
-2.294861972332000732e-01
-1.565348058938980103e-01
-3.990035057067871094e-01
-2.945320010185241699e-01
5.553835630416870117e-01
2.745561897754669189e-01
8.044034475460648537e-04
-8.048240095376968384e-02
2.776754200458526611e-01
2.753322422504425049e-01
-1.061473935842514038e-01
1.848720014095306396e-01
-2.711347937583923340e-01
1.107440143823623657e-01
2.370759993791580200e-01
2.701260149478912354e-01
7.989799380302429199e-01
-8.318359255790710449e-01
-1.454819887876510620e-01
1.534423828125000000e-01
