-9.663143754005432129e-02
-1.457759886980056763e-01
-2.035680115222930908e-01
-1.070972084999084473e-01
-6.973640322685241699e-01
1.849440038204193115e-01
-4.646759852766990662e-02
2.674459815025329590e-01
-7.730540037155151367e-01
-1.023765921592712402e+00
-1.165000814944505692e-02
3.160005901008844376e-03
-5.958039760589599609e-01
3.943800181150436401e-02
-1.051637902855873108e-01
-7.801019400358200073e-02
-4.733780026435852051e-01
4.112680554389953613e-01
2.128580063581466675e-01
-1.380700170993804932e-01
-4.501740261912345886e-02
-5.468720197677612305e-02
-7.559798657894134521e-03
4.403040558099746704e-02
3.128238022327423096e-01
-2.008799277245998383e-02
4.956979751586914062e-01
2.106640040874481201e-01
1.349377930164337158e-01
-7.605099678039550781e-01
-1.142719984054565430e-01
3.920059800148010254e-01
-3.086180090904235840e-01
-3.004600666463375092e-02
-4.794859886169433594e-01
-2.205651998519897461e-01
2.361020147800445557e-01
-3.541780114173889160e-01
-3.243966102600097656e-01
2.770090103149414062e-01
-3.340800106525421143e-01
1.318193972110748291e-01
-6.983160376548767090e-01
5.433859825134277344e-01
-2.838019728660583496e-01
-2.688429951667785645e-01
1.460151970386505127e-01
-1.573457568883895874e-01
2.897600270807743073e-02
-1.749639958143234253e-01
-2.567900121212005615e-01
2.723816037178039551e-01
-6.679402198642492294e-03
-8.195400238037109375e-02
-1.567208021879196167e-01
2.669832110404968262e-01
3.445259928703308105e-01
-9.066599607467651367e-02
1.639000140130519867e-02
-2.150599956512451172e-01
6.173670291900634766e-01
3.600580096244812012e-01
-1.923400163650512695e-02
-9.648399055004119873e-02
4.400780051946640015e-02
-6.423399597406387329e-02
-2.393519878387451172e-01
1.108226031064987183e-01
1.875863969326019287e-01
-3.731600195169448853e-02
-4.323440194129943848e-01
6.300367712974548340e-01
2.852891981601715088e-01
2.602843940258026123e-01
-6.672539710998535156e-01
-3.438956141471862793e-01
4.145160317420959473e-01
-1.596121937036514282e-01
-9.791803546249866486e-03
5.205600708723068237e-02
-3.387239947915077209e-02
1.564355939626693726e-01
-9.500600397586822510e-02
-7.124620676040649414e-01
-6.606600433588027954e-02
4.315400496125221252e-02
-2.432940006256103516e-01
2.467575818300247192e-01
-5.101801082491874695e-02
-3.409315943717956543e-01
7.601799070835113525e-02
2.100979983806610107e-01
-1.889576017856597900e-01
-3.106279969215393066e-01
3.639920055866241455e-01
1.086101979017257690e-01
-7.511600106954574585e-02
-3.504100143909454346e-01
2.898439764976501465e-01
-4.071339964866638184e-01
-2.602353990077972412e-01
-1.613533943891525269e-01
7.284120470285415649e-02
2.668818235397338867e-01
1.163979992270469666e-01
-1.923420131206512451e-01
2.716874182224273682e-01
4.659179747104644775e-01
-3.373060375452041626e-02
3.703319728374481201e-01
-3.096235990524291992e-01
-2.440539896488189697e-01
3.293542265892028809e-01
2.688789963722229004e-01
-2.179860174655914307e-01
-2.604838013648986816e-01
-5.218240022659301758e-01
1.420400105416774750e-02
6.415800005197525024e-02
-4.049440100789070129e-02
3.539447784423828125e-01
-1.406050026416778564e-01
2.646040357649326324e-02
-2.270539999008178711e-01
-2.311732247471809387e-02
2.606028020381927490e-01
3.372660279273986816e-02
8.535639196634292603e-02
9.387994185090065002e-03
7.784839719533920288e-02
-2.476955950260162354e-01
1.297359913587570190e-01
-3.582919761538505554e-02
-2.081423997879028320e-01
3.992077708244323730e-01
-1.350969970226287842e-01
-1.010427623987197876e-01
-4.619520306587219238e-01
-2.191859930753707886e-01
-1.666720062494277954e-01
6.733401864767074585e-02
3.273448050022125244e-01
1.010659933090209961e-01
-1.390849649906158447e-01
-1.623723953962326050e-01
-8.095280081033706665e-02
-3.124760091304779053e-01
-1.965380162000656128e-01
3.313426077365875244e-01
-2.286613881587982178e-01
3.274737894535064697e-01
-2.682999968528747559e-01
-1.577949970960617065e-01
-2.938393950462341309e-01
2.866234183311462402e-01
-1.000759974122047424e-01
3.369104266166687012e-01
1.399479955434799194e-01
-1.453215777873992920e-01
-2.091379910707473755e-01
7.680858671665191650e-02
9.343200176954269409e-02
-2.509049773216247559e-01
-1.993659697473049164e-02
-2.776497900485992432e-01
4.403499662876129150e-01
-4.498399421572685242e-02
1.114187985658645630e-01
-6.873413175344467163e-02
3.095181882381439209e-01
1.140939965844154358e-01
2.915388047695159912e-01
3.681800514459609985e-02
5.753639936447143555e-01
1.549800187349319458e-01
-8.607739955186843872e-02
-3.388900160789489746e-01
-2.784980274736881256e-02
-2.142459712922573090e-02
4.330759942531585693e-01
-4.461860060691833496e-01
2.877455949783325195e-01
-3.070984184741973877e-01
-4.304051995277404785e-01
-5.936599969863891602e-01
-4.744661226868629456e-02
-2.979579865932464600e-01
4.183439612388610840e-01
2.978299856185913086e-01
4.444359838962554932e-01
6.047187447547912598e-01
1.563868075609207153e-01
3.000360131263732910e-01
4.927400052547454834e-01
-3.726632893085479736e-01
2.248439937829971313e-02
8.188920468091964722e-02
-3.063899874687194824e-01
5.644000694155693054e-02
-1.424507796764373779e-01
6.025100350379943848e-01
-4.848600178956985474e-02
-9.563598781824111938e-03
4.356716573238372803e-01
1.571560055017471313e-01
1.545467972755432129e-01
-4.098159670829772949e-01
5.217220634222030640e-02
4.877460002899169922e-01
-4.272177815437316895e-01
-6.690219640731811523e-01
-2.529985904693603516e-01
-2.579205930233001709e-01
3.067833781242370605e-01
-5.535234212875366211e-01
-5.181939527392387390e-02
1.370987594127655029e-01
-8.184140175580978394e-02
-2.134660035371780396e-01
-3.447160124778747559e-01
-3.221340179443359375e-01
7.378820329904556274e-02
1.062313914299011230e-01
3.391602039337158203e-01
-3.146046102046966553e-01
-1.184328570961952209e-01
2.091684043407440186e-01
2.965179979801177979e-01
-1.726521998643875122e-01
4.974699914455413818e-01
-4.075260832905769348e-02
6.793840527534484863e-01
-3.252153992652893066e-01
-4.089940190315246582e-01
3.825199902057647705e-01
8.431839942932128906e-02
-1.183487996459007263e-01
-1.793400011956691742e-02
1.626739948987960815e-01
2.771492004394531250e-01
-2.035743892192840576e-01
-3.816859722137451172e-01
-4.912419989705085754e-02
6.253160536289215088e-02
-8.275000751018524170e-02
-3.000600263476371765e-02
1.460985988378524780e-01
-2.645217776298522949e-01
-4.252399876713752747e-02
3.515514135360717773e-01
-4.833859577775001526e-02
3.191200196743011475e-01
3.041599318385124207e-02
-2.389219999313354492e-01
-6.068400144577026367e-01
-1.883333921432495117e-01
1.445559859275817871e-01
-4.479478001594543457e-01
-2.001640200614929199e-02
1.727100461721420288e-02
5.655699968338012695e-01
-3.566679954528808594e-01
-2.709693908691406250e-01
2.297619357705116272e-02
1.258256137371063232e-01
-1.627897918224334717e-01
3.327699899673461914e-01
3.234560042619705200e-02
-5.013519525527954102e-02
6.354179978370666504e-01
-9.015560895204544067e-02
-4.502419829368591309e-01
3.909324109554290771e-01
-5.543319582939147949e-01
-1.826239824295043945e-01
3.795000016689300537e-01
-3.780463635921478271e-01
-1.062659993767738342e-01
-4.491938054561614990e-01
1.553280055522918701e-01
-3.217453956604003906e-01
-2.047207802534103394e-01
-4.977280199527740479e-01
-2.737039923667907715e-01
4.666312336921691895e-01
2.350219935178756714e-01
-7.029160112142562866e-02
-7.808420062065124512e-02
2.003272026777267456e-01
2.574669718742370605e-01
-8.087760210037231445e-02
7.044080644845962524e-02
-1.801888048648834229e-01
4.714800789952278137e-02
2.812139987945556641e-01
2.035799920558929443e-01
9.267880320549011230e-01
-7.321919798851013184e-01
-1.543635874986648560e-01
1.233937740325927734e-01
