-2.643277347087860107e-01
-6.212499737739562988e-02
-2.808299958705902100e-01
-2.106499858200550079e-02
-6.560166478157043457e-01
3.208989799022674561e-01
-1.706029921770095825e-01
4.758233129978179932e-01
-5.680633187294006348e-01
-8.452766537666320801e-01
7.233999669551849365e-02
1.725433319807052612e-01
-5.346199870109558105e-01
2.571400105953216553e-01
-2.440533190965652466e-01
-4.530266299843788147e-02
-5.692600011825561523e-01
3.216499984264373779e-01
3.460066616535186768e-01
-6.002333760261535645e-02
-3.717689812183380127e-01
-1.989043354988098145e-01
-5.868933722376823425e-02
1.801653355360031128e-01
4.295566976070404053e-01
1.144900023937225342e-01
2.322732955217361450e-01
2.886900007724761963e-01
1.934099942445755005e-01
-6.713120341300964355e-01
3.167333081364631653e-02
4.041733443737030029e-01
-1.838066577911376953e-01
8.550999313592910767e-02
-5.164766907691955566e-01
-2.204453349113464355e-01
2.191639989614486694e-01
-3.479783535003662109e-01
-3.558873236179351807e-01
3.883700072765350342e-01
-5.060700178146362305e-01
1.803789883852005005e-01
-6.788933277130126953e-01
7.684833407402038574e-01
-2.716850042343139648e-01
-3.451383411884307861e-01
3.824366629123687744e-01
-3.805110231041908264e-02
8.658367395401000977e-02
1.257900148630142212e-02
1.076666545122861862e-02
2.764309942722320557e-01
8.674400299787521362e-02
-1.358166784048080444e-01
-3.462567031383514404e-01
3.001233339309692383e-01
4.213832914829254150e-01
-1.030523404479026794e-01
-7.155232876539230347e-02
-2.805366814136505127e-01
5.550916790962219238e-01
5.101733207702636719e-01
-1.122033298015594482e-01
1.569499969482421875e-01
-3.580329939723014832e-02
9.166672825813293457e-04
-9.249299764633178711e-02
1.021533459424972534e-02
2.389153242111206055e-01
-2.271999865770339966e-01
-2.734299898147583008e-01
6.131380200386047363e-01
3.185800015926361084e-01
1.684303283691406250e-01
-9.368999600410461426e-01
-4.584466516971588135e-01
4.987300336360931396e-01
-1.425643116235733032e-01
-9.906667470932006836e-02
7.344334572553634644e-02
-2.775199711322784424e-02
1.165443286299705505e-01
-5.407333374023437500e-02
-7.405500411987304688e-01
-2.444666624069213867e-01
-4.288665577769279480e-02
-3.026600182056427002e-01
3.107443153858184814e-01
-2.157333344221115112e-01
-1.948480010032653809e-01
-8.726675994694232941e-03
-6.825333088636398315e-02
-2.795079946517944336e-01
-3.279266655445098877e-01
1.213366687297821045e-01
6.522000581026077271e-02
-5.793000385165214539e-02
-4.440099895000457764e-01
4.057900011539459229e-01
-4.456100165843963623e-01
-3.880123198032379150e-01
-1.600034087896347046e-01
5.942766368389129639e-02
2.190113514661788940e-01
1.754331588745117188e-02
-2.953633368015289307e-01
7.409999519586563110e-02
5.478599667549133301e-01
1.786866784095764160e-01
3.358833491802215576e-01
-9.550633281469345093e-02
5.355999991297721863e-02
2.166503220796585083e-01
2.124999910593032837e-01
-3.029733598232269287e-01
-3.055033385753631592e-01
-4.823822975158691406e-01
2.539233267307281494e-01
-5.943933129310607910e-02
-3.091533184051513672e-01
6.576966643333435059e-01
-6.129866838455200195e-02
8.069067448377609253e-02
-1.776466518640518188e-01
1.115433275699615479e-01
3.174446523189544678e-01
-6.106999889016151428e-02
1.712519973516464233e-01
-1.387733221054077148e-01
-1.031666714698076248e-02
-2.011259943246841431e-01
3.649499639868736267e-02
-8.902099728584289551e-02
5.410667136311531067e-02
2.753100097179412842e-01
-2.121783345937728882e-01
-2.004946619272232056e-01
-3.165099918842315674e-01
2.820666693150997162e-02
-2.959599792957305908e-01
-1.345533281564712524e-01
4.152513444423675537e-01
1.982093304395675659e-01
-1.358306705951690674e-01
-2.348939925432205200e-01
-1.816533356904983521e-01
-3.907299935817718506e-01
-1.525533348321914673e-01
2.075466662645339966e-01
-2.587483227252960205e-01
3.683053255081176758e-01
-3.482666611671447754e-02
8.032505400478839874e-03
-3.973510265350341797e-01
1.932036429643630981e-01
1.291733514517545700e-02
1.927503347396850586e-01
1.550066620111465454e-01
1.245667506009340286e-02
-1.612399965524673462e-01
1.911083459854125977e-01
-1.270633488893508911e-01
-2.136583328247070312e-01
8.653200417757034302e-02
-4.003100097179412842e-01
4.639999866485595703e-01
2.752333879470825195e-02
-1.102933287620544434e-02
-2.173306494951248169e-01
2.415499836206436157e-01
7.673000544309616089e-02
3.166639804840087891e-01
-1.215916648507118225e-01
5.677933096885681152e-01
-5.270665884017944336e-02
-2.256569862365722656e-01
-2.781766653060913086e-01
4.044666513800621033e-02
1.087866723537445068e-01
4.630666673183441162e-01
-3.406013250350952148e-01
4.788033068180084229e-01
-1.854419857263565063e-01
-4.681586325168609619e-01
-6.952599883079528809e-01
-1.289433389902114868e-01
-2.389366626739501953e-01
-2.133666910231113434e-02
1.093183383345603943e-01
3.002966642379760742e-01
5.913633704185485840e-01
2.600933313369750977e-01
1.425733417272567749e-01
5.404199957847595215e-01
-4.608433246612548828e-01
2.106899768114089966e-01
1.519920080900192261e-01
-2.511206567287445068e-01
-2.428299933671951294e-01
-1.827646344900131226e-01
6.475666165351867676e-01
9.473833441734313965e-02
1.284759938716888428e-01
4.633366167545318604e-01
1.004573330283164978e-01
-1.018966734409332275e-01
-4.974199831485748291e-01
9.440066665410995483e-02
6.244900226593017578e-01
-6.595032811164855957e-01
-6.880566477775573730e-01
3.345666453242301941e-02
-2.965383231639862061e-01
5.108266472816467285e-01
-1.790183335542678833e-01
1.748333312571048737e-02
8.236834406852722168e-02
-3.182400166988372803e-01
-9.936001151800155640e-02
-4.269066751003265381e-01
-1.089966669678688049e-01
1.271333266049623489e-02
3.286208212375640869e-01
4.292700290679931641e-01
-1.216090023517608643e-01
2.140525914728641510e-02
-4.971599578857421875e-02
5.274100303649902344e-01
1.052596643567085266e-01
4.772866666316986084e-01
-2.683200500905513763e-02
6.224166750907897949e-01
3.812335059046745300e-02
-4.497500360012054443e-01
2.909626662731170654e-01
-1.077133417129516602e-01
-1.028793379664421082e-01
-5.829333141446113586e-02
7.914000004529953003e-02
3.047853410243988037e-01
-4.287733137607574463e-01
-2.533296644687652588e-01
-2.188893109560012817e-01
-1.714436560869216919e-01
-1.392200142145156860e-01
-1.013966724276542664e-01
-4.472234845161437988e-02
-1.626499891281127930e-01
-1.198156699538230896e-01
1.593433469533920288e-01
-1.607600003480911255e-01
9.012666344642639160e-02
6.965333223342895508e-02
-2.432733327150344849e-01
-3.448139727115631104e-01
-3.150066435337066650e-01
3.353233337402343750e-01
-4.252730309963226318e-01
1.242026686668395996e-01
-5.717599391937255859e-02
6.218000054359436035e-01
-4.164600074291229248e-01
-2.149066478013992310e-01
1.440553218126296997e-01
-7.516667246818542480e-02
-1.263926774263381958e-01
6.610699295997619629e-01
1.497579962015151978e-01
-6.188666820526123047e-02
6.381366848945617676e-01
-2.953000068664550781e-01
-2.817920148372650146e-01
5.908600091934204102e-01
-4.553999900817871094e-01
-2.675933539867401123e-01
5.090066790580749512e-01
-1.805700063705444336e-01
7.565999776124954224e-02
-4.696500003337860107e-01
4.191666841506958008e-02
-2.664189934730529785e-01
-2.295346707105636597e-01
-5.120133757591247559e-01
-4.144233167171478271e-01
5.493766665458679199e-01
1.605633199214935303e-01
-2.719799615442752838e-02
-9.660183638334274292e-02
2.231856584548950195e-01
1.755053251981735229e-01
-6.697133928537368774e-02
1.019400060176849365e-01
-3.354440033435821533e-01
-6.194998696446418762e-02
5.876666307449340820e-02
8.300997316837310791e-03
7.093067169189453125e-01
-7.226833701133728027e-01
-1.292033046483993530e-01
-2.218018053099513054e-03
