-1.872323304414749146e-01
-1.882566660642623901e-01
4.805332422256469727e-02
-4.408332705497741699e-02
-8.208100199699401855e-01
4.645833745598793030e-02
1.649969965219497681e-01
3.889466822147369385e-01
-6.213166713714599609e-01
-1.080733299255371094e+00
-8.317267149686813354e-02
6.731333583593368530e-02
-4.507896602153778076e-01
-1.953666470944881439e-02
-4.395732656121253967e-02
-1.857150048017501831e-01
-3.273800015449523926e-01
3.318866789340972900e-01
3.111000061035156250e-01
-2.659403383731842041e-01
4.249100014567375183e-02
-1.081309989094734192e-01
1.071866676211357117e-01
-9.917999617755413055e-03
2.412173300981521606e-01
-2.406667731702327728e-02
2.522966563701629639e-01
3.158533573150634766e-01
1.571583449840545654e-01
-6.026199460029602051e-01
-1.182533279061317444e-01
2.467266768217086792e-01
-1.980066746473312378e-01
1.318600028753280640e-01
-6.124533414840698242e-01
-6.208666786551475525e-02
1.819533258676528931e-01
-3.335916697978973389e-01
-2.202576845884323120e-01
2.385549992322921753e-01
-3.770899772644042969e-01
1.911466568708419800e-01
-9.847099781036376953e-01
5.013766884803771973e-01
-4.677150249481201172e-01
-1.926800012588500977e-01
-8.500800281763076782e-02
-1.167238354682922363e-01
9.042000770568847656e-02
-2.649566829204559326e-01
-1.781266927719116211e-01
1.821333169937133789e-01
-6.295999884605407715e-02
-2.229509949684143066e-01
-2.558180093765258789e-01
2.697453200817108154e-01
3.410966396331787109e-01
-4.258000478148460388e-02
1.815000027418136597e-01
-1.334666758775711060e-01
7.450166344642639160e-01
3.945966660976409912e-01
1.765963435173034668e-01
1.314166784286499023e-01
1.594799906015396118e-01
-3.332916498184204102e-01
-4.378733336925506592e-01
3.963667154312133789e-02
2.065176516771316528e-01
9.995332919061183929e-03
-3.993700444698333740e-01
6.345366835594177246e-01
3.847253322601318359e-01
3.124970197677612305e-01
-6.197900176048278809e-01
-2.360690087080001831e-01
4.263466596603393555e-01
-1.581116765737533569e-01
6.624032557010650635e-02
7.121733576059341431e-02
-4.667700454592704773e-02
8.144066482782363892e-02
-1.219189986586570740e-01
-4.683566987514495850e-01
2.272066622972488403e-01
3.965000063180923462e-02
-2.869001030921936035e-02
2.353316694498062134e-01
-6.728266924619674683e-02
-4.862879812717437744e-01
1.471133381128311157e-01
1.288466602563858032e-01
-2.921346724033355713e-01
-2.490700036287307739e-01
3.716333210468292236e-01
1.739356517791748047e-01
-6.439998745918273926e-03
-1.976466625928878784e-01
3.787799775600433350e-01
-3.749200105667114258e-01
-3.819466829299926758e-01
5.267000198364257812e-02
-1.315456628799438477e-01
2.002696543931961060e-01
-2.476266622543334961e-01
-2.410366684198379517e-01
3.462933301925659180e-01
3.706300258636474609e-01
-1.209376677870750427e-01
3.892099857330322266e-01
-2.777036428451538086e-01
-6.030099987983703613e-01
3.776500225067138672e-01
2.341349869966506958e-01
-5.658332630991935730e-02
-9.809932857751846313e-02
-2.600166797637939453e-01
-1.101900041103363037e-01
1.764846593141555786e-01
7.050366699695587158e-02
4.478000104427337646e-01
-1.396429985761642456e-01
2.070566862821578979e-01
-1.035300120711326599e-01
-2.586153335869312286e-02
3.077400028705596924e-01
-8.937666565179824829e-02
2.105886489152908325e-01
-8.745998889207839966e-02
1.090996637940406799e-01
-3.051400184631347656e-01
1.455133408308029175e-01
-2.204943448305130005e-01
-2.527439892292022705e-01
2.882132232189178467e-01
1.687566787004470825e-01
-1.984399408102035522e-01
-4.934300184249877930e-01
-1.470033228397369385e-01
-6.525667011737823486e-02
3.702367423102259636e-03
5.631866455078125000e-01
1.024099960923194885e-01
-9.978460520505905151e-02
-3.311066627502441406e-01
-9.872999787330627441e-02
-1.495453268289566040e-01
-7.002267241477966309e-02
7.096266746520996094e-01
-1.249283328652381897e-01
3.682129681110382080e-01
-2.266799956560134888e-01
-1.376121789216995239e-01
-2.541446685791015625e-01
2.326090931892395020e-01
-1.914499998092651367e-01
3.238203227519989014e-01
1.740766763687133789e-01
-7.998932152986526489e-02
6.017000600695610046e-02
1.347029656171798706e-01
-6.993332505226135254e-02
-4.797833263874053955e-01
-1.895730048418045044e-01
-3.048666715621948242e-01
5.198066830635070801e-01
1.315633207559585571e-01
1.848773360252380371e-01
-6.673423200845718384e-02
1.489209979772567749e-01
7.258366793394088745e-02
2.216606736183166504e-01
1.009583398699760437e-01
8.081533312797546387e-01
2.044966667890548706e-01
-2.145553380250930786e-01
-2.732033431529998779e-01
-7.444800436496734619e-02
-7.228099554777145386e-02
4.183566570281982422e-01
-1.433100104331970215e-01
3.253749907016754150e-01
-1.976906657218933105e-01
-5.055699944496154785e-01
-5.709333419799804688e-01
5.521332845091819763e-02
-2.356266826391220093e-01
3.363966643810272217e-01
2.588443160057067871e-01
7.062166333198547363e-01
3.371778726577758789e-01
3.173696696758270264e-01
3.655133247375488281e-01
3.843496739864349365e-01
-3.876499831676483154e-01
-1.621966660022735596e-01
7.862599939107894897e-02
-1.654633283615112305e-01
-9.043999761343002319e-02
3.818668425083160400e-03
6.384666562080383301e-01
-2.326966673135757446e-01
7.483500242233276367e-02
4.961560964584350586e-01
-2.699999697506427765e-02
1.736333034932613373e-02
-4.120800197124481201e-01
9.309000521898269653e-02
3.363300263881683350e-01
-4.549966752529144287e-01
-6.665499806404113770e-01
-3.337900340557098389e-01
-2.665426731109619141e-01
3.234589993953704834e-01
-7.061666846275329590e-01
9.914333932101726532e-03
7.465566042810678482e-03
-3.460999950766563416e-02
-6.960999965667724609e-02
-2.683199942111968994e-01
-2.634029984474182129e-01
2.457270026206970215e-01
2.187041640281677246e-01
2.609913349151611328e-01
-2.880666553974151611e-01
-2.304943352937698364e-01
2.876500189304351807e-01
7.488333433866500854e-02
-1.257533282041549683e-01
5.644333362579345703e-01
-7.343000918626785278e-02
6.676766872406005859e-01
-1.306339949369430542e-01
-3.067676723003387451e-01
2.695686519145965576e-01
2.140340059995651245e-01
4.998663906008005142e-03
-1.231099963188171387e-01
2.144200056791305542e-01
2.012199908494949341e-01
-1.785806566476821899e-01
-3.586166799068450928e-01
-5.610997322946786880e-03
-3.750699758529663086e-02
-1.138333380222320557e-01
-6.435000151395797729e-02
2.311133146286010742e-01
-2.419883161783218384e-01
-6.296999752521514893e-02
6.833066940307617188e-01
-2.651833295822143555e-01
3.267566859722137451e-01
6.548666208982467651e-02
-4.312666654586791992e-01
-7.014233469963073730e-01
-4.027499258518218994e-02
3.137667104601860046e-02
-4.063400030136108398e-01
2.796333096921443939e-02
1.825833320617675781e-01
4.403933286666870117e-01
-3.242633342742919922e-01
-3.935096561908721924e-01
-1.771766692399978638e-02
2.559036910533905029e-01
-1.990313529968261719e-01
3.149600028991699219e-01
4.632413387298583984e-01
5.559466406702995300e-02
6.867232918739318848e-01
5.913932994008064270e-02
-4.232000112533569336e-01
3.341166675090789795e-01
-6.673433184623718262e-01
-5.683000758290290833e-02
2.337533235549926758e-01
-3.050998784601688385e-02
-1.638333350419998169e-01
-2.228159904479980469e-01
-5.400000512599945068e-02
-3.361466825008392334e-01
-3.056133687496185303e-01
-4.196799993515014648e-01
-2.171466797590255737e-01
2.362866401672363281e-01
5.930998548865318298e-02
-2.898613512516021729e-01
-6.806967407464981079e-02
2.095230072736740112e-01
2.815196812152862549e-01
-1.507993340492248535e-01
-1.163186654448509216e-01
2.218266762793064117e-02
5.784000456333160400e-02
2.695200145244598389e-01
4.791100025177001953e-01
7.784766554832458496e-01
-7.111833095550537109e-01
-1.050906553864479065e-01
2.169119864702224731e-01
