-2.796190083026885986e-01
1.834064126014709473e-01
-2.799035012722015381e-01
-1.044069156050682068e-01
-5.585725307464599609e-01
-4.226749762892723083e-03
1.321358978748321533e-02
1.255188435316085815e-01
-2.353468388319015503e-01
-1.142085909843444824e+00
1.018690764904022217e-01
4.726742208003997803e-02
-3.656729161739349365e-01
8.558099716901779175e-02
-7.966757565736770630e-02
-1.289077401161193848e-01
-2.599799931049346924e-01
1.901401728391647339e-01
1.556194275617599487e-01
-1.232327446341514587e-01
-5.630642175674438477e-02
-6.778766959905624390e-02
-1.393619030714035034e-01
1.346416771411895752e-02
-1.958071738481521606e-01
1.013263836503028870e-01
1.322050541639328003e-01
7.956749945878982544e-02
2.209080904722213745e-01
-2.779888212680816650e-01
-2.190538197755813599e-01
2.837688624858856201e-01
-2.521310150623321533e-01
-1.765529066324234009e-01
-7.798991203308105469e-01
1.510660797357559204e-01
2.941034138202667236e-01
-3.949999809265136719e-01
-1.723330616950988770e-01
2.078891545534133911e-01
-9.130466729402542114e-02
-1.248315498232841492e-01
-4.690639674663543701e-01
4.807297289371490479e-01
-1.454029977321624756e-01
-2.547768056392669678e-01
2.774059474468231201e-01
-1.602435857057571411e-01
4.265384003520011902e-02
8.105382323265075684e-02
6.413625925779342651e-02
1.417228430509567261e-01
-8.369467407464981079e-02
1.301726698875427246e-01
2.781741321086883545e-02
3.128345310688018799e-01
2.409366816282272339e-01
-4.064216837286949158e-02
1.352456659078598022e-01
-2.657378315925598145e-01
5.065692067146301270e-01
1.469647586345672607e-01
1.272941678762435913e-01
1.197404041886329651e-01
-1.317903250455856323e-01
-9.444842487573623657e-02
-1.480783373117446899e-01
1.006885468959808350e-01
3.018341958522796631e-01
-2.154533416032791138e-01
-1.354763954877853394e-01
3.982766568660736084e-01
1.452891677618026733e-01
2.857374846935272217e-01
-3.903082907199859619e-01
-9.808988124132156372e-02
1.414391547441482544e-01
1.673273891210556030e-01
-1.182207465171813965e-01
-3.322617337107658386e-02
-8.482059091329574585e-02
1.063250079751014709e-01
3.023593127727508545e-01
-3.339346647262573242e-01
1.700246781110763550e-01
2.380874752998352051e-02
-1.153488233685493469e-01
5.219458341598510742e-01
3.580340370535850525e-02
2.061432786285877228e-02
1.211321130394935608e-01
2.284332364797592163e-01
-2.742437720298767090e-01
-4.683841466903686523e-01
2.955872714519500732e-01
1.867500096559524536e-01
-6.484001129865646362e-02
-1.817329376935958862e-01
1.617495864629745483e-01
-4.137556552886962891e-01
-1.673232465982437134e-01
-1.230916380882263184e-01
-4.750719293951988220e-02
-6.489852815866470337e-02
-2.943833172321319580e-01
-2.033225148916244507e-01
1.100310906767845154e-01
1.915564090013504028e-01
-4.764092341065406799e-02
1.173923313617706299e-01
-2.620282955467700958e-02
-7.792133837938308716e-02
5.966524779796600342e-02
-5.363850668072700500e-02
-1.974866539239883423e-02
-7.743000239133834839e-02
-8.336925506591796875e-02
1.818880885839462280e-01
4.114558175206184387e-02
-1.897472590208053589e-01
2.987289130687713623e-01
-1.087625697255134583e-01
1.757932305335998535e-01
-2.834424972534179688e-01
2.056100405752658844e-02
4.187633097171783447e-02
4.372842609882354736e-02
4.348832741379737854e-02
-1.561899185180664062e-01
-3.867824375629425049e-02
-8.523509651422500610e-02
-1.737453490495681763e-01
-2.594344913959503174e-01
9.774450212717056274e-02
3.710583597421646118e-02
-2.323799878358840942e-01
5.107324942946434021e-02
-1.437485367059707642e-01
2.482786625623703003e-01
-7.350084185600280762e-02
-8.746699243783950806e-02
4.574977457523345947e-01
1.815344095230102539e-01
-8.759369701147079468e-02
-2.411178350448608398e-01
-9.785219281911849976e-02
-2.250247597694396973e-01
-3.516653478145599365e-01
2.422783374786376953e-01
3.288033232092857361e-02
1.637989133596420288e-01
-1.540656685829162598e-01
-1.401975005865097046e-02
-2.080901712179183960e-01
1.605302542448043823e-01
-1.363666504621505737e-01
3.490999937057495117e-01
6.164659932255744934e-02
8.096741884946823120e-02
-2.380584031343460083e-01
-6.876649707555770874e-02
-2.709243297576904297e-01
-2.811166942119598389e-01
5.623517092317342758e-03
-2.075881510972976685e-01
2.971630394458770752e-01
-4.153283312916755676e-02
1.886899024248123169e-01
-8.569954894483089447e-03
9.084615856409072876e-02
2.072531580924987793e-01
1.964894086122512817e-01
-3.826667368412017822e-02
3.909591734409332275e-01
-9.266915917396545410e-02
-1.222033277153968811e-01
-8.600065857172012329e-02
-1.008505001664161682e-01
1.449697464704513550e-01
2.605099976062774658e-01
-2.967083454132080078e-01
2.865576446056365967e-01
-1.450266689062118530e-01
-2.483945637941360474e-01
-3.308386504650115967e-01
-1.885641664266586304e-01
-2.645601630210876465e-01
2.563928067684173584e-01
3.708781898021697998e-01
3.127366602420806885e-01
4.669325053691864014e-01
1.587112396955490112e-01
1.924305409193038940e-01
2.116407752037048340e-01
-1.769920736551284790e-01
-3.341522440314292908e-02
2.395560741424560547e-01
1.047921716235578060e-03
-1.736381649971008301e-01
-3.388066589832305908e-01
9.154825806617736816e-01
-1.166671738028526306e-01
2.553990781307220459e-01
2.959383428096771240e-01
2.161337137222290039e-01
-2.044079303741455078e-01
-3.841306269168853760e-01
1.097134947776794434e-01
2.470719069242477417e-01
-2.441154271364212036e-01
-5.450481176376342773e-01
2.034183405339717865e-02
-1.944063454866409302e-01
3.673919737339019775e-01
-5.226639509201049805e-01
1.746928244829177856e-01
2.796818315982818604e-01
-1.064883172512054443e-01
-1.452083438634872437e-01
-4.151808023452758789e-01
-2.145672589540481567e-02
1.293193548917770386e-01
3.208183124661445618e-02
1.976485997438430786e-01
1.606255024671554565e-01
4.815789405256509781e-03
9.668501466512680054e-02
6.607383489608764648e-02
-2.993414876982569695e-03
1.840630024671554565e-01
-5.056648328900337219e-02
2.333429306745529175e-01
6.350564956665039062e-02
-3.759706914424896240e-01
2.717504203319549561e-01
1.123236417770385742e-01
-4.537106677889823914e-02
-5.193583294749259949e-02
1.016463264822959900e-01
1.699814349412918091e-01
-3.845434263348579407e-02
-3.418248891830444336e-01
4.888169467449188232e-03
1.337816566228866577e-01
-1.621976643800735474e-01
-9.006641060113906860e-02
1.343328505754470825e-01
-9.139183163642883301e-02
-6.178583577275276184e-02
3.731675073504447937e-02
-1.416651755571365356e-01
7.185200601816177368e-02
-1.550692021846771240e-01
-2.445792406797409058e-01
-4.131583869457244873e-02
-9.849191457033157349e-02
1.058333292603492737e-01
-3.944979906082153320e-01
2.948614023625850677e-02
8.006399869918823242e-02
3.795596063137054443e-01
-2.495633363723754883e-01
-5.554266646504402161e-02
6.661002989858388901e-03
-1.080805882811546326e-01
-9.481092542409896851e-02
3.868274688720703125e-01
1.373814195394515991e-01
2.479055076837539673e-01
5.929991602897644043e-01
-1.502045243978500366e-01
-2.039476633071899414e-01
2.047284245491027832e-01
-2.268305867910385132e-01
-1.632731407880783081e-01
4.519783556461334229e-01
-9.197703003883361816e-01
4.276341199874877930e-02
-9.583170525729656219e-03
6.220154464244842529e-02
-2.721433341503143311e-01
-2.402697652578353882e-01
-3.524095118045806885e-01
-2.748078703880310059e-01
1.262936592102050781e-01
1.449819933623075485e-02
-1.416252553462982178e-01
1.538175493478775024e-01
1.242977380752563477e-01
1.989069432020187378e-01
-1.646163314580917358e-01
-1.130122467875480652e-01
-1.729959249496459961e-01
-8.206550031900405884e-02
1.312774866819381714e-01
7.431016117334365845e-02
4.861974716186523438e-01
-5.066535472869873047e-01
-9.192750602960586548e-02
1.262593418359756470e-01
