-3.201977312564849854e-01
3.558933734893798828e-02
-4.591466486454010010e-01
1.398446708917617798e-01
-8.974032998085021973e-01
2.938800156116485596e-01
3.465666994452476501e-02
2.258733361959457397e-01
-4.872699975967407227e-01
-5.978333353996276855e-01
1.280799955129623413e-01
-1.857266575098037720e-01
-6.301199793815612793e-01
4.681332781910896301e-02
-2.811599969863891602e-01
-4.357032850384712219e-02
-1.543000042438507080e-01
6.329100131988525391e-01
2.020796537399291992e-01
-2.511366903781890869e-01
-2.532466650009155273e-01
-1.824586540460586548e-01
-1.938996762037277222e-01
1.428243368864059448e-01
-1.628667116165161133e-02
3.068883419036865234e-01
1.857039928436279297e-01
-3.601999953389167786e-02
1.294429898262023926e-01
-6.695733070373535156e-01
-2.625433206558227539e-01
2.798000276088714600e-01
-2.462833374738693237e-01
-9.550932794809341431e-02
-6.631099581718444824e-01
1.893380135297775269e-01
7.778199315071105957e-01
-4.876600205898284912e-01
-2.534790039062500000e-01
8.152666687965393066e-02
-3.516966402530670166e-01
-3.335109949111938477e-01
-4.642366468906402588e-01
6.548900008201599121e-01
-3.894033432006835938e-01
-3.261350095272064209e-01
3.220191895961761475e-01
-2.592792809009552002e-01
1.528766751289367676e-01
1.706240028142929077e-01
-2.521966695785522461e-01
4.433233439922332764e-01
-2.534666657447814941e-01
4.005733132362365723e-02
-2.419096827507019043e-01
4.166680276393890381e-01
2.272499948740005493e-01
7.727633416652679443e-02
7.023667544126510620e-02
-4.601766765117645264e-01
3.888116776943206787e-01
2.204366773366928101e-01
9.168999642133712769e-02
7.974001020193099976e-02
7.245664950460195541e-03
-2.019233442842960358e-02
-2.479933500289916992e-01
1.750599890947341919e-01
4.204733371734619141e-01
-6.802333146333694458e-02
-4.970400035381317139e-01
3.114213049411773682e-01
4.521566331386566162e-01
2.253966778516769409e-01
-7.513766884803771973e-01
-3.167333304882049561e-01
9.505666047334671021e-02
7.216999679803848267e-02
-1.450896710157394409e-01
-6.277000159025192261e-02
2.472533434629440308e-01
1.302733272314071655e-01
2.331866770982742310e-01
-2.938660085201263428e-01
2.316300123929977417e-01
2.770333923399448395e-02
-3.257733285427093506e-01
4.146943092346191406e-01
-3.213433325290679932e-01
-7.547300308942794800e-02
1.183366477489471436e-01
1.345733255147933960e-01
-3.849713504314422607e-01
-6.721233725547790527e-01
2.697566747665405273e-01
5.746001005172729492e-02
-2.059700042009353638e-01
-3.018699884414672852e-01
2.926663458347320557e-01
-4.185400009155273438e-01
-2.737899683415889740e-02
-1.116233244538307190e-01
4.908432438969612122e-02
-5.241166055202484131e-02
-3.272666409611701965e-02
-3.055666685104370117e-01
-1.828100085258483887e-01
2.116693258285522461e-01
-1.481736749410629272e-01
1.199259981513023376e-01
8.905998617410659790e-02
5.756666138768196106e-02
1.076116785407066345e-01
3.160633444786071777e-01
-4.221499860286712646e-01
-9.395667165517807007e-02
-2.496336698532104492e-01
1.651166677474975586e-01
-7.570999860763549805e-02
-1.092133298516273499e-01
4.103616476058959961e-01
-1.283600032329559326e-01
-8.190266042947769165e-02
-5.239066481590270996e-01
1.858333684504032135e-02
1.022465992718935013e-02
-2.443666756153106689e-02
-5.376666784286499023e-02
-2.831746637821197510e-01
-1.143886670470237732e-01
-2.343026846647262573e-01
1.152999997138977051e-01
-2.428866624832153320e-01
2.822966873645782471e-01
1.546099931001663208e-01
-5.757166445255279541e-02
6.419200450181961060e-02
-2.484033554792404175e-01
3.122399747371673584e-01
-2.289260029792785645e-01
-5.849333107471466064e-02
4.330346584320068359e-01
5.287366732954978943e-02
-6.629366427659988403e-02
6.587799638509750366e-02
-2.927066385746002197e-01
-1.109833344817161560e-01
-3.671666681766510010e-01
2.026666142046451569e-02
-1.557233333587646484e-01
3.203220069408416748e-01
-3.577066659927368164e-01
-2.053769975900650024e-01
-3.348643481731414795e-01
3.033033311367034912e-01
-2.258933335542678833e-01
4.423700273036956787e-01
-3.698826581239700317e-02
-1.885166764259338379e-01
-1.749833375215530396e-01
3.473066389560699463e-01
-3.576433360576629639e-01
-2.417216747999191284e-01
3.391799703240394592e-02
-3.394133150577545166e-01
2.820366621017456055e-01
-2.049133330583572388e-01
-4.403665661811828613e-02
-8.101332932710647583e-02
1.077739968895912170e-01
3.943166434764862061e-01
4.034899771213531494e-01
1.457300037145614624e-01
5.371432900428771973e-01
-7.286333292722702026e-02
-3.498769998550415039e-01
-4.402332380414009094e-02
-1.452016681432723999e-01
5.892300605773925781e-02
3.807899951934814453e-01
-5.984333157539367676e-01
6.119000315666198730e-01
-3.855433464050292969e-01
-2.921086549758911133e-01
-4.683899879455566406e-01
-1.460499912500381470e-01
-4.025900065898895264e-01
-6.766899675130844116e-02
5.401933193206787109e-01
3.079966604709625244e-01
5.035366415977478027e-01
2.047033421695232391e-02
3.746266663074493408e-01
6.085733771324157715e-01
-3.057920038700103760e-01
8.457332849502563477e-02
4.074400365352630615e-01
-2.308783382177352905e-01
-2.110265754163265228e-02
-1.357156336307525635e-01
9.871399998664855957e-01
1.771179884672164917e-01
1.029046699404716492e-01
4.652466773986816406e-01
2.356400042772293091e-01
-1.606493294239044189e-01
-6.078833341598510742e-01
3.756796419620513916e-01
5.679200291633605957e-01
-3.233989775180816650e-01
-5.370733141899108887e-01
2.718940079212188721e-01
-3.530563414096832275e-01
1.771933287382125854e-01
-5.038323402404785156e-01
2.943466603755950928e-01
2.702029049396514893e-01
-3.559499979019165039e-01
-2.392366528511047363e-01
-9.049966931343078613e-01
-1.333966553211212158e-01
1.139343380928039551e-01
1.590166687965393066e-01
1.351263374090194702e-01
1.299023479223251343e-01
2.056219428777694702e-01
1.190733909606933594e-02
3.601900041103363037e-01
-1.236406788229942322e-01
2.544973194599151611e-01
-6.811100244522094727e-02
4.998599588871002197e-01
1.596633344888687134e-01
-3.506599962711334229e-01
5.875099897384643555e-01
1.250332593917846680e-02
-1.430066823959350586e-01
1.368433386087417603e-01
1.616099923849105835e-01
7.916200160980224609e-02
-3.743410110473632812e-01
-4.758599996566772461e-01
-2.562599442899227142e-02
-4.072999954223632812e-02
-2.787633240222930908e-01
8.443332463502883911e-02
5.550006031990051270e-02
1.475613266229629517e-01
-1.048523411154747009e-01
2.747293412685394287e-01
-4.112833440303802490e-01
3.196299970149993896e-01
9.172081947326660156e-02
1.174916625022888184e-01
-3.751206696033477783e-01
-2.702933251857757568e-01
2.378533333539962769e-01
-5.079830288887023926e-01
1.029123365879058838e-01
-6.305065751075744629e-02
5.032250285148620605e-01
-2.174800038337707520e-01
-1.588300019502639771e-01
-2.131666801869869232e-02
-8.970267325639724731e-02
1.087466906756162643e-02
5.910432934761047363e-01
-2.590999007225036621e-03
5.932533368468284607e-02
8.485299944877624512e-01
-3.429966866970062256e-01
-1.985266245901584625e-02
2.612933218479156494e-01
-2.663433253765106201e-01
-4.328233301639556885e-01
8.710899353027343750e-01
-3.674133718013763428e-01
1.125466749072074890e-01
-3.321666717529296875e-01
-4.696666821837425232e-02
-3.140923082828521729e-01
2.384200133383274078e-02
-5.879700183868408203e-01
-3.044433295726776123e-01
1.880966573953628540e-01
-1.203663349151611328e-01
1.010056361556053162e-01
1.101493313908576965e-01
2.476423382759094238e-01
3.918969929218292236e-01
-2.782733440399169922e-01
9.507334232330322266e-02
-4.001776874065399170e-01
5.862666293978691101e-02
1.674166470766067505e-01
1.143233254551887512e-01
5.414466857910156250e-01
-7.714999318122863770e-01
-4.666866362094879150e-01
1.215233430266380310e-01
