-2.072420418262481689e-01
-1.460184007883071899e-01
-3.149059712886810303e-01
-1.256832033395767212e-01
-8.602140545845031738e-01
-6.879799067974090576e-02
5.908260494470596313e-02
1.920357942581176758e-01
-3.991073966026306152e-01
-9.638140797615051270e-01
-2.336339950561523438e-01
-2.615219950675964355e-01
-6.120420694351196289e-01
8.345399796962738037e-02
1.095217913389205933e-01
-1.633159816265106201e-01
-1.221099868416786194e-01
3.677579760551452637e-01
1.793309897184371948e-01
-1.046385988593101501e-01
-1.024514064192771912e-01
-1.842691898345947266e-01
-2.463240176439285278e-01
2.317259833216667175e-02
-5.409520119428634644e-02
8.335100114345550537e-02
2.373822033405303955e-01
3.247480094432830811e-01
4.482978284358978271e-01
-5.733659863471984863e-01
-2.544800005853176117e-02
4.745600000023841858e-02
-4.210579991340637207e-01
-5.812300369143486023e-02
-5.737940073013305664e-01
1.871913969516754150e-01
3.972381949424743652e-01
-5.895799994468688965e-01
-3.069940209388732910e-01
5.306500196456909180e-02
-2.358014136552810669e-01
-2.047289311885833740e-01
-7.817660570144653320e-01
6.530640125274658203e-01
-3.993979990482330322e-01
-2.486229836940765381e-01
2.060931026935577393e-01
-3.633415699005126953e-01
9.137420356273651123e-02
6.032600253820419312e-02
-1.012059897184371948e-01
2.553440034389495850e-01
-1.509238183498382568e-01
9.417059272527694702e-02
2.625619433820247650e-02
3.887879848480224609e-01
6.747799366712570190e-02
-7.108259946107864380e-02
-3.786999732255935669e-02
-5.300179719924926758e-01
4.869790077209472656e-01
1.661386042833328247e-01
5.373599380254745483e-02
2.234640121459960938e-01
1.115605980157852173e-01
-7.925619184970855713e-02
-2.505959868431091309e-01
2.504979968070983887e-01
4.626339972019195557e-01
1.489863991737365723e-01
-4.717699885368347168e-01
5.125287771224975586e-01
1.001951918005943298e-01
4.153699874877929688e-01
-3.604699969291687012e-01
-1.140706092119216919e-01
2.778980135917663574e-01
1.259115934371948242e-01
-1.252696067094802856e-01
-2.048222124576568604e-01
-1.021539941430091858e-01
1.308339834213256836e-01
3.885999917984008789e-01
-3.740180134773254395e-01
6.689719110727310181e-02
-1.139960065484046936e-01
-9.632200002670288086e-02
3.572276234626770020e-01
-6.183801218867301941e-02
-2.593834102153778076e-01
1.325683016330003738e-02
1.400379836559295654e-01
-3.356750309467315674e-01
-5.298119783401489258e-01
3.137840032577514648e-01
1.815360039472579956e-01
-7.567600905895233154e-02
-2.947643697261810303e-01
2.829679846763610840e-01
-3.012840151786804199e-01
-1.353219710290431976e-02
1.115813851356506348e-02
-3.543939441442489624e-02
1.195890679955482483e-01
-2.517399787902832031e-01
-2.279240190982818604e-01
-2.754540368914604187e-02
3.011801838874816895e-01
7.567119598388671875e-02
-5.002640560269355774e-02
-1.130866035819053650e-01
-2.110200002789497375e-02
8.597899973392486572e-02
8.995480835437774658e-02
-1.785625815391540527e-01
-7.182980328798294067e-02
-2.079129666090011597e-01
2.062260210514068604e-01
1.275680065155029297e-01
-2.263123989105224609e-01
6.142619848251342773e-01
-3.280920088291168213e-01
1.540983915328979492e-01
-2.872340083122253418e-01
1.305470764636993408e-01
-4.359998740255832672e-03
-7.732119411230087280e-02
1.431559920310974121e-01
-3.971827924251556396e-01
-8.184700459241867065e-02
-3.733975887298583984e-01
1.683555915951728821e-02
-2.157500088214874268e-01
1.739660054445266724e-01
1.653418093919754028e-01
-1.485149860382080078e-01
1.110078319907188416e-01
-2.858670055866241455e-01
2.519139647483825684e-01
-8.596561104059219360e-02
-1.833525747060775757e-01
3.577693998813629150e-01
-5.158179998397827148e-02
-1.024486199021339417e-01
-1.164057999849319458e-01
1.989599503576755524e-02
-4.171820282936096191e-01
-1.304239928722381592e-01
4.246159493923187256e-01
-1.543159931898117065e-01
2.896242141723632812e-01
-2.392439842224121094e-01
-7.970479875802993774e-02
-2.149594128131866455e-01
2.245692461729049683e-01
-1.598400026559829712e-01
4.964540004730224609e-01
1.299124509096145630e-01
6.330840289592742920e-02
-4.070020467042922974e-02
1.415067762136459351e-01
3.469800204038619995e-02
-4.054210186004638672e-01
-4.819720238447189331e-02
-2.064881771802902222e-01
3.817619681358337402e-01
-1.501922011375427246e-01
1.230580061674118042e-01
-1.600330770015716553e-01
2.084922045469284058e-01
2.207079827785491943e-01
4.598459601402282715e-01
1.235839948058128357e-01
4.559980034828186035e-01
-1.408999599516391754e-02
-9.042739868164062500e-02
-2.796359956264495850e-01
-2.338540107011795044e-01
2.336651980876922607e-01
2.392220050096511841e-01
-3.674579858779907227e-01
3.534409999847412109e-01
-3.483880162239074707e-01
-3.974211812019348145e-01
-2.437976151704788208e-01
-3.879860043525695801e-01
-3.090862035751342773e-01
2.615965902805328369e-01
5.098892450332641602e-01
4.202819764614105225e-01
4.634567201137542725e-01
7.066179811954498291e-02
2.847680151462554932e-01
4.259653985500335693e-01
-3.407073915004730225e-01
2.729879617691040039e-01
2.479261904954910278e-01
-2.231673896312713623e-01
-3.425875902175903320e-01
-1.161133795976638794e-01
7.986080050468444824e-01
1.532227843999862671e-01
2.942956089973449707e-01
4.109276235103607178e-01
1.766000092029571533e-01
-1.366456001996994019e-01
-3.214980065822601318e-01
4.088160097599029541e-01
3.488665819168090820e-01
-4.632013738155364990e-01
-6.054408550262451172e-01
2.331060171127319336e-02
-2.949607968330383301e-01
2.627414166927337646e-01
-6.776934266090393066e-01
1.579626053571701050e-01
4.970897138118743896e-01
-2.191160023212432861e-01
-3.546540141105651855e-01
-6.045600175857543945e-01
-6.428799778223037720e-02
3.186277747154235840e-01
1.402281820774078369e-01
1.613211929798126221e-01
7.887341082096099854e-02
-1.976548433303833008e-01
9.619240462779998779e-02
2.580060437321662903e-02
-2.371222078800201416e-01
2.933920025825500488e-01
1.249196156859397888e-01
5.474399924278259277e-01
-1.749432273209095001e-02
-2.479680031538009644e-01
3.439630270004272461e-01
-1.904807984828948975e-01
-1.226956024765968323e-01
-7.717598974704742432e-02
2.484355866909027100e-01
7.358254492282867432e-02
-3.198751807212829590e-01
-3.897860348224639893e-01
6.835640221834182739e-02
3.034600056707859039e-02
4.425996448844671249e-03
1.798280030488967896e-01
1.685105860233306885e-01
-3.078219853341579437e-02
-4.342939704656600952e-02
1.217015981674194336e-01
-2.213219851255416870e-01
3.334582149982452393e-01
-2.089419811964035034e-01
-1.914089918136596680e-01
-2.769940197467803955e-01
4.016860201954841614e-02
-9.950600564479827881e-02
-1.935010105371475220e-01
-1.069003939628601074e-01
-1.235499978065490723e-01
6.206240653991699219e-01
-3.839820027351379395e-01
-3.323180228471755981e-02
-8.723819255828857422e-02
4.301000013947486877e-02
-2.247052192687988281e-01
4.339359700679779053e-01
3.472993969917297363e-01
1.653687655925750732e-01
7.776080369949340820e-01
-1.362484395503997803e-01
-1.976986080408096313e-01
1.477092057466506958e-01
-5.990720391273498535e-01
-1.557779908180236816e-01
4.474499821662902832e-01
-5.689579844474792480e-01
-2.196819707751274109e-02
-2.171756029129028320e-01
7.830600440502166748e-02
-1.856973916292190552e-01
-3.991027772426605225e-01
-6.796802282333374023e-01
-1.810494065284729004e-01
1.936959922313690186e-01
-7.640191912651062012e-02
-2.180826216936111450e-01
1.982517987489700317e-01
1.373158097267150879e-01
2.316967993974685669e-01
-1.777416020631790161e-01
1.965180225670337677e-02
-1.794724166393280029e-01
-1.798360049724578857e-01
1.370799839496612549e-01
1.218423992395401001e-01
5.801039934158325195e-01
-7.035619616508483887e-01
-9.717158973217010498e-02
2.475719898939132690e-01
