-3.854334056377410889e-01
1.603617668151855469e-01
-2.826952636241912842e-01
-3.748349845409393311e-02
-6.266362667083740234e-01
-1.747121214866638184e-01
-6.252712011337280273e-02
2.641621232032775879e-01
-2.453833818435668945e-01
-1.221496343612670898e+00
1.284625753760337830e-02
1.433741301298141479e-01
-3.427311182022094727e-01
6.620398163795471191e-02
-3.127526491880416870e-02
-2.684826254844665527e-01
-3.396449983119964600e-01
3.101825118064880371e-01
2.555557489395141602e-01
1.659450307488441467e-02
-1.436537504196166992e-01
-2.473264932632446289e-01
2.248638123273849487e-02
-2.350747585296630859e-03
-1.985851377248764038e-01
1.730037480592727661e-01
1.779113858938217163e-01
3.199550211429595947e-01
3.726253807544708252e-01
-2.975856661796569824e-01
-1.816300004720687866e-01
3.384194970130920410e-01
-1.176867485046386719e-01
-2.460500225424766541e-02
-6.186337471008300781e-01
-3.614962100982666016e-02
2.403451204299926758e-01
-5.578737258911132812e-01
-1.676687598228454590e-01
1.191812455654144287e-01
-1.239196360111236572e-01
2.961285412311553955e-01
-5.629425644874572754e-01
6.633446216583251953e-01
-2.939502298831939697e-01
-3.112862706184387207e-01
2.113452553749084473e-01
-1.547873765230178833e-01
-4.006687551736831665e-02
-1.246212497353553772e-01
2.737843692302703857e-01
1.550227105617523193e-01
6.638813018798828125e-02
2.171546220779418945e-01
1.233677417039871216e-01
4.091000258922576904e-01
6.377501785755157471e-02
-6.461437046527862549e-02
-7.050249725580215454e-02
-4.814324975013732910e-01
4.752375185489654541e-01
2.498923540115356445e-01
1.947237178683280945e-02
7.504938542842864990e-02
-2.172970175743103027e-01
-5.418887734413146973e-02
-3.008887469768524170e-01
1.375609934329986572e-01
2.728546261787414551e-01
-1.936152279376983643e-01
-1.378458738327026367e-01
6.042837500572204590e-01
3.050249814987182617e-01
2.503162622451782227e-01
-3.950387537479400635e-01
5.247179418802261353e-02
3.147162795066833496e-01
-8.645212650299072266e-02
-1.445312350988388062e-01
-3.219262510538101196e-02
-2.254732549190521240e-01
1.422226279973983765e-01
1.358111761510372162e-02
-3.498572707176208496e-01
2.431895136833190918e-01
1.202249526977539062e-02
5.688512325286865234e-02
4.215400218963623047e-01
3.180615305900573730e-01
-1.083561182022094727e-01
7.167277485132217407e-02
1.005746722221374512e-01
-2.636906206607818604e-01
-4.832612574100494385e-01
5.204074978828430176e-01
7.015349715948104858e-02
-1.027700006961822510e-01
-2.452706396579742432e-01
2.088607549667358398e-01
-5.005584955215454102e-01
-4.083355367183685303e-01
5.893746018409729004e-02
-3.852856904268264771e-02
5.869016051292419434e-02
-2.485762536525726318e-01
-3.950737416744232178e-01
1.071100085973739624e-01
2.934377491474151611e-01
9.568749368190765381e-02
2.155874110758304596e-02
-2.381006181240081787e-01
-1.056001335382461548e-01
6.166337803006172180e-02
1.644672453403472900e-01
1.330171227455139160e-01
-1.822548806667327881e-01
1.025374978780746460e-02
3.341671228408813477e-01
1.101426184177398682e-01
-2.834442555904388428e-01
3.380117416381835938e-01
-1.431296169757843018e-01
2.904234826564788818e-01
-2.507087290287017822e-01
8.532501757144927979e-03
1.906694918870925903e-01
-7.786162197589874268e-02
-9.997250884771347046e-02
-2.926050126552581787e-01
-1.115111261606216431e-01
-1.102512478828430176e-01
-5.534152686595916748e-02
-5.910311937332153320e-01
1.633769869804382324e-01
-5.612365528941154480e-02
-3.590587675571441650e-01
5.775737389922142029e-02
-9.045312553644180298e-02
3.684200048446655273e-01
-1.205129995942115784e-01
-1.478183716535568237e-01
3.672179281711578369e-01
1.879752427339553833e-01
-2.212405353784561157e-01
-3.378478884696960449e-01
-5.610588192939758301e-02
-2.936528921127319336e-01
-3.343297541141510010e-01
3.726616501808166504e-01
5.782448872923851013e-02
3.560988605022430420e-01
-1.693249940872192383e-01
-1.841712184250354767e-02
-1.991939991712570190e-01
2.075674980878829956e-01
-1.595293730497360229e-01
4.311749637126922607e-01
4.764837399125099182e-02
3.513862192630767822e-02
-1.856001317501068115e-01
-1.467501223087310791e-01
-2.583802640438079834e-01
-1.922762393951416016e-01
-3.733734786510467529e-02
-3.214160203933715820e-01
3.072504401206970215e-01
4.392371512949466705e-03
1.822994947433471680e-01
-6.855759769678115845e-02
1.817414909601211548e-01
1.468048691749572754e-01
3.392141461372375488e-01
-2.293012142181396484e-01
6.987363100051879883e-01
-8.656375110149383545e-02
-2.450212389230728149e-01
-1.873256266117095947e-01
-2.144171148538589478e-01
2.421957403421401978e-01
2.654374837875366211e-01
-1.583575159311294556e-01
3.427766263484954834e-01
-1.703707426786422729e-01
-2.800462841987609863e-01
-3.282562792301177979e-01
-2.035716474056243896e-01
-3.174413740634918213e-01
2.493477314710617065e-01
2.740224003791809082e-01
3.092137575149536133e-01
6.166225671768188477e-01
2.682518661022186279e-01
1.133633702993392944e-01
3.042542636394500732e-01
-1.763389259576797485e-01
4.730237275362014771e-02
2.511451244354248047e-01
-2.623550407588481903e-02
-3.385199904441833496e-01
-4.349279999732971191e-01
5.240474939346313477e-01
-2.356275022029876709e-01
3.179076015949249268e-01
3.803562521934509277e-01
2.383966296911239624e-01
-4.638605415821075439e-01
-4.708175063133239746e-01
1.079080030322074890e-01
1.328578740358352661e-01
-3.586061298847198486e-01
-6.296520829200744629e-01
-1.971275359392166138e-02
-9.447887539863586426e-02
4.369449913501739502e-01
-5.635371208190917969e-01
1.441150009632110596e-01
2.289496511220932007e-01
-4.333712905645370483e-02
-1.739799976348876953e-01
-2.018350064754486084e-01
-5.401000380516052246e-04
1.931142807006835938e-01
1.815028786659240723e-01
2.839233875274658203e-01
1.104332432150840759e-01
-1.658952534198760986e-01
3.400750085711479187e-02
1.117132604122161865e-01
1.537550091743469238e-01
2.097412496805191040e-01
-5.330860614776611328e-02
4.461912512779235840e-01
-6.530694663524627686e-02
-2.781816124916076660e-01
2.998889088630676270e-01
7.460000365972518921e-02
-1.535354852676391602e-01
-2.063016295433044434e-01
9.814974665641784668e-02
3.148368299007415771e-01
-1.286281347274780273e-01
-4.578191041946411133e-01
8.165825903415679932e-02
6.368374824523925781e-02
-1.545532494783401489e-01
-1.626793742179870605e-01
9.892137348651885986e-02
-1.427173763513565063e-01
6.996337324380874634e-02
1.512987315654754639e-01
-4.714061692357063293e-02
1.776138842105865479e-01
-2.980546355247497559e-01
-4.205627441406250000e-01
-2.189297378063201904e-01
-1.656648963689804077e-01
-6.503124535083770752e-02
-3.572445213794708252e-01
5.153574422001838684e-02
1.694693863391876221e-01
3.775524795055389404e-01
-3.861012756824493408e-01
-2.170101180672645569e-02
-5.336008965969085693e-03
-1.465977430343627930e-01
-1.030205041170120239e-01
4.458287358283996582e-01
2.693387269973754883e-01
2.925087511539459229e-01
5.188637971878051758e-01
-2.730885148048400879e-01
-2.642791271209716797e-01
1.905128955841064453e-01
-4.689918756484985352e-01
-3.685787320137023926e-01
3.299912512302398682e-01
-6.708982586860656738e-01
-7.855486869812011719e-02
-3.302600979804992676e-02
1.658407449722290039e-01
-3.325324952602386475e-01
-2.295790016651153564e-01
-4.086483120918273926e-01
-3.547621369361877441e-01
1.231899857521057129e-01
-7.872233539819717407e-02
-8.927499875426292419e-03
2.078875154256820679e-01
2.223815917968750000e-01
2.557120323181152344e-01
-1.526272445917129517e-01
-3.590662032365798950e-02
-2.594736218452453613e-01
-1.609575003385543823e-01
1.538800150156021118e-01
1.647977530956268311e-01
5.477837324142456055e-01
-5.229904055595397949e-01
-9.175390005111694336e-05
-7.529288530349731445e-02
