-2.563324272632598877e-01
-5.524614080786705017e-02
-2.850117087364196777e-01
-8.614999800920486450e-02
-7.705329060554504395e-01
3.239572048187255859e-02
-1.353204101324081421e-01
8.519928902387619019e-02
-2.583727240562438965e-01
-9.413800239562988281e-01
4.828057810664176941e-02
-1.358838528394699097e-01
-4.640757143497467041e-01
1.027415618300437927e-01
1.511285733431577682e-02
-1.090147644281387329e-01
-1.845157146453857422e-01
3.819728493690490723e-01
1.866778582334518433e-01
-1.136175766587257385e-01
-2.515200078487396240e-01
-2.659951448440551758e-01
-1.436912864446640015e-01
-1.011610031127929688e-01
-1.790001541376113892e-01
1.319694221019744873e-01
5.608014389872550964e-02
2.399393618106842041e-01
2.941052913665771484e-01
-2.934128642082214355e-01
-1.147028580307960510e-01
4.440199732780456543e-01
-2.763294279575347900e-01
-2.725464403629302979e-01
-5.882100462913513184e-01
1.971475630998611450e-01
4.472630023956298828e-01
-4.844285845756530762e-01
-3.602995872497558594e-01
1.399864107370376587e-01
1.391490101814270020e-01
1.211562752723693848e-02
-3.645894825458526611e-01
4.536195695400238037e-01
-3.950828909873962402e-01
-3.263585865497589111e-01
-1.051064487546682358e-02
-2.313047200441360474e-01
1.099658608436584473e-01
1.580999791622161865e-01
1.603585630655288696e-01
1.024274230003356934e-01
-2.137348651885986328e-01
2.007461637258529663e-01
1.154375672340393066e-01
1.980567723512649536e-01
-1.148585602641105652e-01
-9.078428149223327637e-03
8.516985923051834106e-02
-5.189828872680664062e-01
4.685442447662353516e-01
1.332132816314697266e-01
1.768242865800857544e-01
3.371642902493476868e-02
-1.337108612060546875e-01
-2.465946227312088013e-01
-1.795481592416763306e-01
7.676757127046585083e-02
4.133371710777282715e-01
-2.340411394834518433e-01
-4.493295848369598389e-01
5.756822824478149414e-01
1.989357322454452515e-01
2.651985585689544678e-01
-3.594157099723815918e-01
-1.233187168836593628e-01
2.237714640796184540e-02
2.132354080677032471e-01
-2.411308437585830688e-01
-1.138075664639472961e-01
2.222413197159767151e-02
-6.126855034381151199e-03
1.906436979770660400e-01
-4.073285460472106934e-01
3.746565878391265869e-01
-1.620599925518035889e-01
1.479285769164562225e-02
4.671665728092193604e-01
1.015142947435379028e-01
-8.772342652082443237e-02
2.601517438888549805e-01
2.048057168722152710e-01
-3.619664609432220459e-01
-5.072143077850341797e-01
3.062985539436340332e-01
1.321715712547302246e-01
1.065514236688613892e-01
-2.427067458629608154e-01
2.190514504909515381e-01
-4.283591806888580322e-01
-1.039573340676724911e-03
-6.091471295803785324e-03
-3.525282721966505051e-03
6.203475594520568848e-02
-1.609599888324737549e-01
-1.527055799961090088e-01
-1.695671528577804565e-01
2.044851481914520264e-01
6.634426768869161606e-03
-8.394001051783561707e-03
8.543528616428375244e-02
-1.423785537481307983e-01
2.590744197368621826e-01
3.148597776889801025e-01
-1.898046880960464478e-01
9.685289859771728516e-02
-1.475464254617691040e-01
1.962339133024215698e-01
-7.221358246169984341e-04
-2.533395588397979736e-01
4.960277080535888672e-01
-8.048528432846069336e-02
-3.773459419608116150e-02
-4.193343222141265869e-01
1.965228281915187836e-02
1.545742899179458618e-02
9.302671253681182861e-02
9.779714792966842651e-02
-3.424877226352691650e-01
-1.487869918346405029e-01
-2.065342813730239868e-01
-2.179788798093795776e-01
-4.608885347843170166e-01
1.770417243242263794e-01
3.146914392709732056e-02
-2.826485633850097656e-01
3.512357175350189209e-02
-1.146935746073722839e-01
4.814224541187286377e-01
-1.658131331205368042e-01
-2.846295535564422607e-01
2.368084341287612915e-01
-3.902786225080490112e-02
-7.341589778661727905e-02
-4.144099354743957520e-02
-8.289815485477447510e-02
-1.845538616180419922e-01
-3.512656688690185547e-01
2.523404061794281006e-01
-1.257638484239578247e-01
3.450285792350769043e-01
-2.597414553165435791e-01
6.805599480867385864e-02
-2.945302426815032959e-01
2.038185745477676392e-01
-1.556107103824615479e-01
2.927542626857757568e-01
-5.516111478209495544e-02
7.819843292236328125e-02
-5.615283921360969543e-02
5.139851476997137070e-03
-1.168778613209724426e-01
-4.364771842956542969e-01
5.433934181928634644e-02
-5.337685346603393555e-02
2.624095976352691650e-01
-6.584843248128890991e-02
1.291920095682144165e-01
-4.316881299018859863e-02
4.098685681819915771e-01
3.088282942771911621e-01
2.822428345680236816e-01
2.835300192236900330e-02
4.375971257686614990e-01
-1.137400045990943909e-01
9.193428605794906616e-02
-3.258756995201110840e-01
-2.509042620658874512e-01
2.795878648757934570e-01
3.981057107448577881e-01
-2.965585887432098389e-01
2.914120256900787354e-01
-3.805614411830902100e-01
-1.978457123041152954e-01
-1.554841548204421997e-01
-5.754761695861816406e-01
-2.957301437854766846e-01
2.480934113264083862e-01
3.851122856140136719e-01
4.118471443653106689e-01
5.533251166343688965e-01
1.674807220697402954e-01
1.327088624238967896e-01
3.047850131988525391e-01
-2.371467500925064087e-01
2.992070019245147705e-01
2.050232887268066406e-01
-2.270957268774509430e-02
-2.092625796794891357e-01
-8.411614596843719482e-02
7.071800231933593750e-01
-9.650943428277969360e-02
3.833425343036651611e-01
3.422828316688537598e-01
2.284032851457595825e-01
-2.856974303722381592e-01
-4.670657515525817871e-01
4.295962750911712646e-01
2.084705680608749390e-01
-2.129895687103271484e-01
-5.379195809364318848e-01
-1.610714346170425415e-01
-1.626058667898178101e-01
3.797299861907958984e-01
-6.681624054908752441e-01
2.221214324235916138e-01
4.362435340881347656e-01
-2.059424072504043579e-01
-3.228614330291748047e-01
-5.755128264427185059e-01
-6.198714300990104675e-02
3.376632034778594971e-01
-1.488643046468496323e-02
5.886384844779968262e-02
1.064297556877136230e-01
1.224299799650907516e-02
1.245702952146530151e-01
1.690774261951446533e-01
-1.479657143354415894e-01
1.817548573017120361e-01
-2.878998778760433197e-02
3.305928409099578857e-01
-4.925231449306011200e-03
-2.989104092121124268e-01
4.056378901004791260e-01
-8.496943861246109009e-02
-1.105417087674140930e-01
1.172395572066307068e-01
2.255045622587203979e-01
3.532680869102478027e-01
5.379086732864379883e-02
-3.459904193878173828e-01
1.179108619689941406e-01
4.000000283122062683e-02
-1.627328544855117798e-01
-2.139283111318945885e-03
1.817985773086547852e-01
-1.667057126760482788e-01
-1.323818713426589966e-01
-3.075799718499183655e-02
-3.244735896587371826e-01
2.903470396995544434e-01
-3.531024158000946045e-01
-2.724935710430145264e-01
-2.852201089262962341e-02
8.189370483160018921e-02
-1.331928521394729614e-01
-2.999355494976043701e-01
1.432871669530868530e-01
1.385135799646377563e-01
5.317257046699523926e-01
-2.449968606233596802e-01
-5.782114341855049133e-02
4.295942187309265137e-02
-1.874617189168930054e-01
-9.503948688507080078e-02
5.681828260421752930e-01
3.460428416728973389e-01
4.187943339347839355e-01
5.892600417137145996e-01
-7.217203080654144287e-02
-3.049461543560028076e-01
9.104685485363006592e-02
-3.988435566425323486e-01
-2.933599948883056641e-01
4.919671416282653809e-01
-7.367786169052124023e-01
5.704138893634080887e-03
-5.430143326520919800e-02
6.064143404364585876e-02
-3.322985470294952393e-01
-4.704816937446594238e-01
-5.061126947402954102e-01
-1.735624223947525024e-01
-4.091428965330123901e-02
1.439148746430873871e-02
-1.864331513643264771e-01
2.301592975854873657e-01
3.319047391414642334e-01
2.866368591785430908e-01
-1.882354170083999634e-01
3.240357711911201477e-02
-9.897814691066741943e-02
1.311999373137950897e-02
5.690142884850502014e-02
2.713688313961029053e-01
5.441428422927856445e-01
-5.628261566162109375e-01
-6.817428022623062134e-02
3.104881942272186279e-01
