-2.640560269355773926e-01
-1.116549968719482422e-01
-2.057550102472305298e-01
2.275957465171813965e-01
-7.569724917411804199e-01
1.740225106477737427e-01
9.567600488662719727e-02
2.828620076179504395e-01
-6.966625452041625977e-01
-8.288874626159667969e-01
7.297899574041366577e-02
-2.731775045394897461e-01
-4.005850255489349365e-01
2.304472476243972778e-01
-3.211700022220611572e-01
-2.565555572509765625e-01
-3.693625032901763916e-01
6.395850181579589844e-01
2.883574962615966797e-01
3.821999952197074890e-02
-2.646750956773757935e-02
-3.290950059890747070e-01
-8.630578219890594482e-02
1.618050038814544678e-01
1.367899924516677856e-01
4.026499986648559570e-01
1.390179991722106934e-01
1.505389064550399780e-01
4.432425200939178467e-01
-6.140925288200378418e-01
-1.343499496579170227e-02
4.092525243759155273e-01
-2.954097390174865723e-01
-2.773752510547637939e-01
-6.037124991416931152e-01
-1.377649977803230286e-02
4.901647567749023438e-01
-4.873625040054321289e-01
-2.481937408447265625e-01
4.598487317562103271e-01
-4.427724331617355347e-02
-7.497075200080871582e-02
-5.366574525833129883e-01
6.942399740219116211e-01
-4.453800022602081299e-01
-2.366062551736831665e-01
2.359850108623504639e-01
-4.526985436677932739e-02
6.318749487400054932e-02
1.879650056362152100e-01
8.107774704694747925e-02
2.942999899387359619e-01
-3.141399919986724854e-01
-6.140250340104103088e-02
-1.866224855184555054e-01
1.638006269931793213e-01
2.991099953651428223e-01
2.588682472705841064e-01
-1.233124826103448868e-02
-3.617827594280242920e-01
6.117487549781799316e-01
2.869350016117095947e-01
4.982700198888778687e-02
1.935687661170959473e-01
-1.371750086545944214e-01
-8.309549838304519653e-02
-2.138747572898864746e-01
1.687849909067153931e-01
2.816025018692016602e-01
-2.223674952983856201e-01
-4.476589858531951904e-01
1.761455237865447998e-01
1.986549198627471924e-01
3.557900190353393555e-01
-4.318574965000152588e-01
-7.464748620986938477e-02
1.967855095863342285e-01
1.208750009536743164e-01
-8.209250122308731079e-02
-1.710349917411804199e-01
2.593249976634979248e-01
1.283802539110183716e-01
1.550830006599426270e-01
-4.441975355148315430e-01
1.812399923801422119e-01
-6.178799644112586975e-02
-3.026712536811828613e-01
1.997290104627609253e-01
-1.226924955844879150e-01
-2.424922585487365723e-01
-8.701551705598831177e-02
1.843700110912322998e-01
-4.543399810791015625e-01
-6.447250247001647949e-01
1.964325010776519775e-01
-1.298669874668121338e-01
-2.318495884537696838e-03
-2.604430615901947021e-01
2.386200129985809326e-01
-4.423112273216247559e-01
-1.312530040740966797e-01
5.699674785137176514e-02
2.043804973363876343e-01
2.921050190925598145e-01
-3.794974833726882935e-02
-4.084025025367736816e-01
-7.772250473499298096e-02
3.665732443332672119e-01
2.653824985027313232e-01
1.821102499961853027e-01
1.362649947404861450e-01
-1.390217542648315430e-01
4.834827482700347900e-01
4.100199937820434570e-01
-4.582900404930114746e-01
7.094751298427581787e-02
-2.683275043964385986e-01
7.253787666559219360e-02
-1.351677477359771729e-01
-2.594799995422363281e-01
6.839399933815002441e-01
-1.200859993696212769e-01
-8.500450849533081055e-02
-8.838750422000885010e-02
2.060472518205642700e-01
2.045449912548065186e-01
1.174750551581382751e-02
-2.119949907064437866e-01
-2.460200041532516479e-01
-1.098114922642707825e-01
1.482300460338592529e-02
1.708499938249588013e-01
-1.866912394762039185e-01
3.146920204162597656e-01
1.756424903869628906e-01
-1.919137537479400635e-01
-3.970049694180488586e-02
-1.121850013732910156e-01
3.785974979400634766e-01
3.167650103569030762e-02
-3.176402449607849121e-01
3.679335117340087891e-01
3.939949721097946167e-02
-1.696097999811172485e-01
-1.125004962086677551e-01
-4.044474959373474121e-01
-2.295199930667877197e-01
-2.357200086116790771e-01
3.018475174903869629e-01
-3.163650035858154297e-01
3.949890136718750000e-01
-2.060912549495697021e-01
2.813250012695789337e-02
-2.234407514333724976e-01
2.742199897766113281e-01
1.023750007152557373e-02
3.681749999523162842e-01
6.614249944686889648e-02
3.484249860048294067e-02
-1.265475004911422729e-01
1.890429854393005371e-01
-8.532501757144927979e-03
-4.743687510490417480e-01
-5.241949856281280518e-02
-3.894799947738647461e-01
5.394899845123291016e-02
-4.321949928998947144e-02
9.886448830366134644e-02
-2.277777493000030518e-01
1.853033155202865601e-01
1.620975136756896973e-01
2.559542357921600342e-01
2.432502806186676025e-03
6.975449919700622559e-01
-9.171749651432037354e-02
6.917849928140640259e-02
-2.072575092315673828e-01
-2.502349913120269775e-01
1.154115051031112671e-01
3.458674848079681396e-01
-3.102200031280517578e-01
2.747867703437805176e-01
-4.308894872665405273e-01
-1.327890008687973022e-01
-4.615127444267272949e-01
-4.724625051021575928e-01
-1.492667496204376221e-01
6.381824612617492676e-02
3.849424719810485840e-01
1.910449862480163574e-01
4.095315039157867432e-01
8.310501277446746826e-02
2.761764824390411377e-01
4.101650118827819824e-01
-4.319725036621093750e-01
3.104769885540008545e-01
3.155077695846557617e-01
-2.941850200295448303e-02
1.757875084877014160e-02
-2.566784620285034180e-01
7.192825078964233398e-01
-1.369125097990036011e-01
3.899767398834228516e-01
4.351899921894073486e-01
3.326500058174133301e-01
-3.288224935531616211e-01
-6.483900547027587891e-01
2.607969939708709717e-01
5.508974790573120117e-01
-4.808477461338043213e-01
-6.061474680900573730e-01
-6.199000030755996704e-02
-3.869812488555908203e-01
3.294374942779541016e-01
-3.002317547798156738e-01
9.996250271797180176e-02
3.757525086402893066e-01
-7.247325032949447632e-02
-1.941775083541870117e-01
-8.123074769973754883e-01
-2.214750051498413086e-01
1.386917531490325928e-01
2.247335016727447510e-01
-8.094999939203262329e-03
1.416482776403427124e-02
2.759189605712890625e-01
1.523850858211517334e-02
6.132624745368957520e-01
1.814547330141067505e-01
3.499749898910522461e-01
-7.866299897432327271e-02
4.033974707126617432e-01
1.143424957990646362e-01
-3.697287738323211670e-01
3.315075039863586426e-01
1.609675139188766479e-01
-2.664147615432739258e-01
8.937957137823104858e-02
-1.815524995326995850e-01
4.701015055179595947e-01
-1.932037472724914551e-01
-3.827875256538391113e-01
-1.020520180463790894e-01
-2.948199957609176636e-02
-6.164624541997909546e-02
-5.002500116825103760e-02
2.577932476997375488e-01
-1.256175041198730469e-01
-3.199200034141540527e-01
8.805750310420989990e-02
-5.066474676132202148e-01
3.664875030517578125e-01
-2.524124979972839355e-01
-2.012425065040588379e-01
-4.023125171661376953e-01
-1.822277605533599854e-01
1.911450028419494629e-01
-3.781572580337524414e-01
2.285070270299911499e-01
1.061974987387657166e-01
6.345825195312500000e-01
-3.370944857597351074e-01
7.975004613399505615e-03
2.608824893832206726e-02
4.822002723813056946e-03
-4.599649831652641296e-02
4.658799767494201660e-01
2.502824962139129639e-01
4.359499812126159668e-01
7.352749705314636230e-01
-1.457475125789642334e-01
-4.048924744129180908e-01
5.373650193214416504e-01
-4.148325026035308838e-01
-1.304304897785186768e-01
6.707324981689453125e-01
-3.194305002689361572e-01
1.027024984359741211e-01
-2.687277495861053467e-01
-8.035250008106231689e-02
-2.583152651786804199e-01
-2.374607473611831665e-01
-6.259075403213500977e-01
1.437496393918991089e-03
1.085570007562637329e-01
-2.083724550902843475e-02
3.840252757072448730e-03
2.699024789035320282e-02
5.090392827987670898e-01
2.152554988861083984e-01
-4.801174998283386230e-02
3.281097412109375000e-01
-1.232225000858306885e-01
2.630500495433807373e-02
1.753424853086471558e-01
2.189124822616577148e-01
5.102850198745727539e-01
-7.375324964523315430e-01
-3.154500126838684082e-01
3.543374836444854736e-01
