-2.519727051258087158e-01
1.054124310612678528e-01
-3.879942893981933594e-01
-3.621157631278038025e-02
-4.645156860351562500e-01
1.300382763147354126e-01
-9.962528944015502930e-02
1.643911451101303101e-01
-4.318234026432037354e-01
-1.273244261741638184e+00
1.822151243686676025e-01
2.352711409330368042e-01
-1.171170100569725037e-01
-2.276914939284324646e-02
-2.375171631574630737e-01
-2.952625751495361328e-01
-3.863621652126312256e-01
3.526431620121002197e-01
1.791297197341918945e-01
3.812671452760696411e-02
9.439384937286376953e-02
-4.778743162751197815e-02
7.114431820809841156e-03
1.046657003462314606e-02
-2.068228572607040405e-01
2.066438198089599609e-01
1.797857433557510376e-01
1.627079546451568604e-01
4.387912750244140625e-01
-4.845214486122131348e-01
-2.291561514139175415e-01
5.967043042182922363e-01
-2.944348156452178955e-01
-2.192738801240921021e-01
-9.102542996406555176e-01
-3.150857239961624146e-02
3.676128387451171875e-01
-5.792671442031860352e-01
-6.253124773502349854e-02
1.224971637129783630e-01
-4.282929748296737671e-02
1.773614622652530670e-02
-5.831205248832702637e-01
6.513985991477966309e-01
-1.277760118246078491e-01
-2.654451429843902588e-01
3.020214438438415527e-01
6.904761493206024170e-02
4.888528212904930115e-02
1.220230013132095337e-01
1.284837275743484497e-01
1.654971390962600708e-01
-1.306738704442977905e-01
1.191621348261833191e-01
-4.412627592682838440e-02
2.633474767208099365e-01
2.200243175029754639e-01
-8.154285699129104614e-02
4.613000527024269104e-02
-3.089438974857330322e-01
6.046285629272460938e-01
1.543257236480712891e-01
2.354771196842193604e-01
1.475655734539031982e-01
-1.881861537694931030e-01
4.979099705815315247e-02
4.517871886491775513e-02
1.023721024394035339e-01
2.173700034618377686e-01
-3.959328830242156982e-01
-1.914165765047073364e-01
2.512608468532562256e-01
1.684621125459671021e-01
2.446840107440948486e-01
-4.436256885528564453e-01
-1.094612702727317810e-01
8.486028760671615601e-02
1.981948614120483398e-01
-1.328570488840341568e-02
1.088414341211318970e-01
1.087885070592164993e-02
1.867001354694366455e-01
1.804065555334091187e-01
-5.193743109703063965e-01
2.741228640079498291e-01
1.000247150659561157e-01
-1.353585720062255859e-01
4.391571581363677979e-01
1.823858171701431274e-01
1.885299943387508392e-02
1.232214123010635376e-01
1.670746803283691406e-01
-3.880158960819244385e-01
-4.865885376930236816e-01
4.987741112709045410e-01
1.197540014982223511e-01
-2.882528305053710938e-01
-1.888071745634078979e-01
2.307549864053726196e-01
-5.712078809738159180e-01
-1.602698564529418945e-01
-1.378957182168960571e-01
-2.421952225267887115e-02
2.389142811298370361e-01
-2.017385661602020264e-01
-3.286028504371643066e-01
1.361814290285110474e-01
2.145371437072753906e-01
2.159471511840820312e-01
1.972371190786361694e-01
1.552437096834182739e-01
-1.599444299936294556e-01
2.134537994861602783e-01
5.602028220891952515e-02
-1.985155642032623291e-01
7.972887833602726460e-04
-1.495228558778762817e-01
2.073245048522949219e-01
-1.775142922997474670e-02
-2.803071439266204834e-01
3.148080408573150635e-01
-2.255019843578338623e-01
1.322514284402132034e-02
-3.759485185146331787e-01
8.617442846298217773e-02
3.167656809091567993e-02
-9.057714045047760010e-02
-2.020271569490432739e-01
-4.694285616278648376e-02
1.995086483657360077e-02
1.587370187044143677e-01
-2.379228323698043823e-01
-4.167709648609161377e-01
7.045727968215942383e-02
-6.119285151362419128e-02
-3.354528546333312988e-01
3.514257445931434631e-02
-4.726849123835563660e-02
3.364360034465789795e-01
-7.654289947822690010e-04
-5.898185446858406067e-02
3.584443032741546631e-01
2.593843042850494385e-01
-8.973845094442367554e-02
-4.633028805255889893e-01
-2.746445238590240479e-01
-2.202871590852737427e-01
-3.592775762081146240e-01
2.948114275932312012e-01
-5.911299958825111389e-02
4.176514148712158203e-01
-2.863470017910003662e-01
4.229143634438514709e-02
-1.953935772180557251e-01
1.632405817508697510e-01
-3.615985438227653503e-02
3.489457070827484131e-01
1.905157268047332764e-01
-6.047999858856201172e-02
-2.331214249134063721e-01
-6.233271583914756775e-02
-2.447104305028915405e-01
-1.388842761516571045e-01
2.491471543908119202e-02
-3.417605757713317871e-01
1.505319178104400635e-01
2.851057052612304688e-02
9.829456359148025513e-02
-2.219487279653549194e-01
1.576874703168869019e-01
-1.689142920076847076e-02
2.959010004997253418e-01
-2.618100047111511230e-01
5.283981561660766602e-01
-2.653857693076133728e-02
-8.154999464750289917e-02
-3.558629006147384644e-02
-2.103814184665679932e-01
4.131709691137075424e-03
3.938514292240142822e-01
-3.586547374725341797e-01
2.301195710897445679e-01
-2.710662782192230225e-01
-1.115728616714477539e-01
-5.104389786720275879e-01
-2.479962855577468872e-01
-2.104656994342803955e-01
1.616723984479904175e-01
2.449545562267303467e-01
1.779997050762176514e-01
4.271094501018524170e-01
1.848052889108657837e-01
-4.814710002392530441e-03
3.903382122516632080e-01
-2.690474092960357666e-01
7.266260683536529541e-02
3.173961639404296875e-01
-8.588603814132511616e-04
-6.289457529783248901e-02
-4.398953020572662354e-01
9.400799870491027832e-01
-2.602885663509368896e-01
1.116028651595115662e-01
3.728657364845275879e-01
2.406074106693267822e-01
-4.116527438163757324e-01
-4.345491826534271240e-01
1.333554238080978394e-01
3.136192858219146729e-01
-2.693685889244079590e-01
-6.273913979530334473e-01
-1.087260097265243530e-01
-2.575428783893585205e-01
4.732995629310607910e-01
-5.052443146705627441e-01
-5.676185339689254761e-02
1.179558709263801575e-01
1.091347187757492065e-01
-1.745128631591796875e-01
-3.323771655559539795e-01
-1.061445623636245728e-01
1.086974292993545532e-01
2.280671447515487671e-01
1.659457236528396606e-01
3.996032476425170898e-02
5.625534430146217346e-02
-2.519313804805278778e-02
1.215940043330192566e-01
8.878428488969802856e-02
2.779113650321960449e-01
-1.155970096588134766e-01
3.202961385250091553e-01
-3.232853719964623451e-03
-3.757482469081878662e-01
4.420142471790313721e-01
4.820570349693298340e-02
-1.478965580463409424e-01
2.981029264628887177e-02
6.365428864955902100e-02
2.959739863872528076e-01
-1.144513953477144241e-02
-3.353804647922515869e-01
2.336514927446842194e-02
1.745760142803192139e-01
-2.073900215327739716e-02
-3.069228120148181915e-02
1.116464287042617798e-01
-1.809297055006027222e-01
-8.373685926198959351e-02
2.478056997060775757e-01
-7.548570632934570312e-02
1.368251442909240723e-01
-2.039851248264312744e-01
-1.546888500452041626e-01
-1.818657219409942627e-01
-3.362528681755065918e-01
4.384543001651763916e-01
-5.511400103569030762e-01
2.229012548923492432e-01
2.278004437685012817e-01
4.223365783691406250e-01
-2.805554568767547607e-01
-1.955224424600601196e-01
-1.577175706624984741e-01
-3.583456948399543762e-02
-4.595628008246421814e-02
4.181642532348632812e-01
-2.267285250127315521e-02
1.015197187662124634e-01
5.856913924217224121e-01
-9.584571421146392822e-02
-5.490843057632446289e-01
4.124557375907897949e-01
-2.443051487207412720e-01
-1.627431064844131470e-01
3.784212768077850342e-01
-9.638556838035583496e-01
1.114181122829904780e-05
-6.056299805641174316e-02
-1.657098084688186646e-01
-3.484610021114349365e-01
-9.883054345846176147e-02
-5.457455515861511230e-01
-2.034648507833480835e-01
2.089995592832565308e-01
-9.935728460550308228e-02
6.386442482471466064e-02
1.514261122792959213e-02
3.626128733158111572e-01
2.631101310253143311e-01
-1.456673443317413330e-01
-3.669186308979988098e-02
1.727856881916522980e-02
-1.172228343784809113e-02
-3.216171637177467346e-02
6.999286264181137085e-02
5.145799517631530762e-01
-6.618828773498535156e-01
-3.685843050479888916e-01
3.794887289404869080e-02
