-3.015417158603668213e-01
1.118712946772575378e-01
-4.005917012691497803e-01
6.112427450716495514e-03
-6.733013987541198730e-01
1.515698581933975220e-01
8.605003356933593750e-03
1.453794240951538086e-01
-3.280534148216247559e-01
-1.000514268875122070e+00
2.305307090282440186e-01
-7.850413769483566284e-02
-2.644023001194000244e-01
1.332787126302719116e-01
-3.268228471279144287e-01
-2.195484638214111328e-01
-3.699714541435241699e-01
4.186880290508270264e-01
2.303972989320755005e-01
-8.169572055339813232e-02
9.143713861703872681e-02
-7.760514318943023682e-02
5.999642610549926758e-02
2.310671098530292511e-02
-2.477000057697296143e-01
2.419042885303497314e-01
8.811897784471511841e-02
-1.214634068310260773e-02
2.782855927944183350e-01
-3.523057103157043457e-01
-2.954261302947998047e-01
4.667657315731048584e-01
-3.221788406372070312e-01
-1.561507284641265869e-01
-8.965142965316772461e-01
1.990856043994426727e-02
3.528714179992675781e-01
-4.242228865623474121e-01
-6.736540049314498901e-02
4.061450362205505371e-01
7.723943144083023071e-02
-9.066571295261383057e-02
-4.000491499900817871e-01
4.923439025878906250e-01
-2.419737279415130615e-01
-1.719437092542648315e-01
2.907457053661346436e-01
-2.521376870572566986e-02
8.345170319080352783e-02
1.405417025089263916e-01
6.557171791791915894e-02
1.686791330575942993e-01
-1.445369720458984375e-01
-4.290443658828735352e-02
-1.489188522100448608e-01
1.254160702228546143e-01
1.685871332883834839e-01
1.447799950838088989e-01
1.710283011198043823e-01
-2.503094375133514404e-01
5.397114157676696777e-01
2.653624117374420166e-01
2.471365779638290405e-01
2.465001074597239494e-03
-2.668318450450897217e-01
-9.842240810394287109e-02
-9.117443114519119263e-02
2.077162563800811768e-01
2.944628894329071045e-01
-4.174057543277740479e-01
-1.324355900287628174e-01
2.921523153781890869e-01
1.644956171512603760e-01
3.316343128681182861e-01
-5.703171491622924805e-01
-6.827128678560256958e-02
-1.567657105624675751e-02
2.356029897928237915e-01
-8.657572418451309204e-02
6.598400324583053589e-02
1.757801324129104614e-01
2.288885973393917084e-02
7.967229932546615601e-02
-3.824940025806427002e-01
3.975628912448883057e-01
1.772965639829635620e-01
-2.057588398456573486e-01
4.415785968303680420e-01
-3.555572777986526489e-02
3.401514515280723572e-02
7.720185071229934692e-02
2.505083680152893066e-01
-3.997476994991302490e-01
-5.896928906440734863e-01
4.745712280273437500e-01
5.415286496281623840e-02
-2.312071472406387329e-01
-9.246455505490303040e-03
7.033342868089675903e-02
-2.985253930091857910e-01
-1.429968774318695068e-01
-7.243243604898452759e-02
-1.301504671573638916e-02
6.063714250922203064e-02
-2.788057029247283936e-01
-3.058928847312927246e-01
1.012714281678199768e-01
2.049074470996856689e-01
1.227142568677663803e-02
2.905800044536590576e-01
4.200800880789756775e-02
-1.723649799823760986e-01
2.674604058265686035e-01
1.430827230215072632e-01
-1.729541271924972534e-01
1.349957287311553955e-01
-2.016394287347793579e-01
7.931707799434661865e-02
-2.171600237488746643e-02
-1.385581493377685547e-01
3.046415746212005615e-01
-1.255862861871719360e-01
6.441114842891693115e-02
-3.505714237689971924e-01
-1.938684657216072083e-02
6.370513141155242920e-02
-1.745705143548548222e-03
-3.015742897987365723e-01
-2.993566682562232018e-03
-1.123314276337623596e-01
1.388542652130126953e-01
1.834143139421939850e-02
-3.007888495922088623e-01
1.973538547754287720e-01
-2.891142852604389191e-02
-1.074942946434020996e-01
2.093886397778987885e-02
-1.250797212123870850e-01
4.095817208290100098e-01
4.240485653281211853e-02
-1.197234243154525757e-01
5.098642706871032715e-01
1.821714341640472412e-01
-2.886905893683433533e-02
-4.185834527015686035e-01
-3.405763804912567139e-01
-1.130738630890846252e-01
-3.417538702487945557e-01
2.204385697841644287e-01
-5.144471675157546997e-02
2.873399853706359863e-01
-2.197027057409286499e-01
-4.658714309334754944e-02
-3.258809745311737061e-01
2.316452711820602417e-01
-1.500578671693801880e-01
2.646771371364593506e-01
1.072800010442733765e-01
-1.497458517551422119e-01
-1.915542930364608765e-01
-7.934986054897308350e-02
-3.971507251262664795e-01
-3.582642972469329834e-01
-7.006657123565673828e-02
-2.869459986686706543e-01
1.161095965653657913e-02
6.051828339695930481e-02
1.658587157726287842e-01
-2.615014277398586273e-02
1.680900901556015015e-01
1.928711682558059692e-01
1.359691470861434937e-01
-1.944971382617950439e-01
5.473471879959106445e-01
-1.310028582811355591e-01
-1.735142916440963745e-01
-3.426728770136833191e-02
-1.867451369762420654e-01
6.927342712879180908e-02
2.903871238231658936e-01
-2.924971580505371094e-01
2.590967118740081787e-01
-1.618837267160415649e-01
-9.037929773330688477e-02
-5.080890059471130371e-01
-2.287328541278839111e-01
-2.756057083606719971e-01
2.618270516395568848e-01
2.938899993896484375e-01
2.750357091426849365e-01
3.727694153785705566e-01
2.521582841873168945e-01
2.481375038623809814e-01
3.535782992839813232e-01
-3.048480153083801270e-01
-1.816815510392189026e-02
2.000477164983749390e-01
9.239057451486587524e-02
-4.580428451299667358e-02
-3.657899796962738037e-01
1.050708532333374023e+00
-2.126785665750503540e-01
1.670459955930709839e-01
2.545285522937774658e-01
3.382761478424072266e-01
-4.015268683433532715e-01
-6.685633659362792969e-01
1.592111438512802124e-01
3.412314057350158691e-01
-1.751742810010910034e-01
-5.577218532562255859e-01
-1.477477252483367920e-01
-1.618348658084869385e-01
3.754424452781677246e-01
-3.799067139625549316e-01
1.499595791101455688e-01
7.596010714769363403e-02
-4.776728898286819458e-02
-1.363300085067749023e-01
-5.059557557106018066e-01
-8.332442492246627808e-02
1.282203346490859985e-01
2.996485531330108643e-01
1.295192986726760864e-01
3.907119110226631165e-02
2.496772855520248413e-01
1.271860152482986450e-01
3.558280169963836670e-01
2.565726935863494873e-01
1.433651894330978394e-01
-6.648671627044677734e-02
3.894746005535125732e-01
2.213462889194488525e-01
-6.144628524780273438e-01
3.972142636775970459e-01
2.344457060098648071e-01
-9.316840209066867828e-03
3.531185165047645569e-02
-1.415800005197525024e-01
3.792276978492736816e-01
3.831742331385612488e-02
-2.620480060577392578e-01
-1.898941695690155029e-01
5.004772171378135681e-02
-1.543240249156951904e-01
-9.693014621734619141e-02
1.709676086902618408e-01
-1.339011341333389282e-01
-2.228728309273719788e-02
1.210371404886245728e-01
-2.402231246232986450e-01
2.109917104244232178e-01
-2.330732196569442749e-01
-1.395637094974517822e-01
-1.766671389341354370e-01
-2.348999977111816406e-01
3.065114319324493408e-01
-4.731371402740478516e-01
3.122755885124206543e-01
2.068140059709548950e-01
2.255178540945053101e-01
-1.149497181177139282e-01
-8.728385716676712036e-02
1.703312695026397705e-01
-5.326970666646957397e-02
9.879328310489654541e-02
2.939114272594451904e-01
1.384204179048538208e-01
3.210523128509521484e-01
5.449499487876892090e-01
-1.503800153732299805e-01
-4.937897026538848877e-01
4.665014445781707764e-01
-1.239529997110366821e-01
-1.708194166421890259e-01
5.560027956962585449e-01
-9.714813828468322754e-01
1.312138587236404419e-01
1.602414250373840332e-02
-1.715724468231201172e-01
-3.769385814666748047e-01
-9.465428441762924194e-02
-3.046781420707702637e-01
-2.065114229917526245e-01
2.708056941628456116e-02
-4.780113697052001953e-02
-1.983828283846378326e-02
3.845018520951271057e-02
3.352528214454650879e-01
2.861444652080535889e-01
-3.685206919908523560e-02
-3.270085528492927551e-02
-1.575100123882293701e-01
1.248985752463340759e-01
2.352871447801589966e-01
1.608228385448455811e-01
4.354042708873748779e-01
-3.639875948429107666e-01
-3.419714272022247314e-01
1.445028483867645264e-01
