-3.470941185951232910e-01
-1.545958817005157471e-01
-3.162613511085510254e-01
2.265766821801662445e-02
-5.863344669342041016e-01
8.406544476747512817e-02
-1.688063442707061768e-01
-3.548644855618476868e-02
-3.162873387336730957e-01
-1.026961088180541992e+00
2.747491896152496338e-01
-6.983099877834320068e-02
-3.721228837966918945e-01
1.641766540706157684e-02
-1.331176608800888062e-01
-9.923709928989410400e-02
-2.538344562053680420e-01
5.784618258476257324e-01
1.846555620431900024e-01
-3.879667073488235474e-02
-1.840514540672302246e-01
-1.660113334655761719e-01
-7.533122599124908447e-02
1.095110829919576645e-02
-3.068614304065704346e-01
2.146962285041809082e-01
1.374209299683570862e-02
5.386075749993324280e-02
3.604318797588348389e-01
-3.702611327171325684e-01
5.754118319600820541e-03
5.658366680145263672e-01
-2.455297857522964478e-01
-3.598323464393615723e-01
-8.219444155693054199e-01
1.693988889455795288e-01
4.799666404724121094e-01
-4.564366936683654785e-01
-2.366185486316680908e-01
5.073055997490882874e-02
1.987404227256774902e-01
6.820109207183122635e-03
-1.859167218208312988e-01
4.076451957225799561e-01
-3.018417954444885254e-01
-2.486095428466796875e-01
-1.107184123247861862e-02
-8.815889246761798859e-03
1.289135515689849854e-01
2.958122193813323975e-01
1.687499880790710449e-01
7.597466558218002319e-02
-2.779274284839630127e-01
8.033478260040283203e-02
-5.360788851976394653e-02
1.640591472387313843e-01
-7.623776793479919434e-02
1.105125620961189270e-01
2.065309882164001465e-01
-5.238122344017028809e-01
6.396344304084777832e-01
3.358522430062294006e-02
3.097999989986419678e-01
1.350972056388854980e-01
-1.030546724796295166e-01
-3.230645954608917236e-01
-5.725233256816864014e-02
-8.064804598689079285e-03
3.798233568668365479e-01
-3.914011120796203613e-01
-4.887996315956115723e-01
2.619442045688629150e-01
2.438155561685562134e-01
2.499633431434631348e-01
-3.557244241237640381e-01
-1.317163407802581787e-01
-1.538622230291366577e-01
3.401086628437042236e-01
-2.492617815732955933e-01
-1.471702158451080322e-01
1.454090029001235962e-01
5.387356132268905640e-02
3.157228529453277588e-01
-3.879844248294830322e-01
5.066988468170166016e-01
-6.978332996368408203e-02
-1.322335600852966309e-01
5.760928988456726074e-01
2.285222411155700684e-01
1.096922345459461212e-02
1.345536708831787109e-01
2.086076289415359497e-01
-5.296766757965087891e-01
-5.558221936225891113e-01
4.189165234565734863e-01
1.654562074691057205e-03
-1.655221916735172272e-02
-2.271432876586914062e-01
2.475427836179733276e-01
-4.924738109111785889e-01
6.542217452079057693e-03
-3.264377638697624207e-02
-1.442847773432731628e-02
6.000022590160369873e-02
-1.447288841009140015e-01
-2.444287687540054321e-01
-3.013203740119934082e-01
1.327435523271560669e-01
6.913900375366210938e-02
6.045781075954437256e-03
2.363451123237609863e-01
-2.227772027254104614e-01
3.463329970836639404e-01
3.820721209049224854e-01
-3.104765713214874268e-01
2.546100318431854248e-01
-2.026650160551071167e-01
6.299650669097900391e-02
-7.680511474609375000e-02
-2.696441113948822021e-01
4.350144565105438232e-01
-8.870054781436920166e-02
-2.408935427665710449e-01
-4.224599599838256836e-01
4.814310744404792786e-02
-1.109979972243309021e-01
7.996477931737899780e-02
3.692111372947692871e-02
-1.820954531431198120e-01
-2.680888772010803223e-02
1.552944481372833252e-01
-3.312510848045349121e-01
-5.086447000503540039e-01
2.428187727928161621e-01
-1.306651234626770020e-01
-2.507955729961395264e-01
-3.191043809056282043e-02
-1.731533557176589966e-02
5.651131868362426758e-01
1.098867226392030716e-02
-2.518810033798217773e-01
1.076795533299446106e-01
3.562055528163909912e-02
-4.789389297366142273e-02
-1.073510944843292236e-01
-2.490931898355484009e-01
1.752588897943496704e-02
-3.842652142047882080e-01
1.350825577974319458e-01
-1.717217564582824707e-01
3.232093453407287598e-01
-3.456143140792846680e-01
8.747833222150802612e-02
-2.961985468864440918e-01
5.963088572025299072e-02
3.252943977713584900e-02
3.628122210502624512e-01
-1.193249747157096863e-01
-5.610107444226741791e-03
-8.395986258983612061e-02
4.383333027362823486e-02
-1.846901178359985352e-01
-3.558377623558044434e-01
3.258737549185752869e-02
-1.518788933753967285e-02
1.201437413692474365e-01
-1.027931198477745056e-01
7.889521121978759766e-02
-2.402433753013610840e-02
4.387484490871429443e-01
1.080886647105216980e-01
2.314400076866149902e-01
-1.550943255424499512e-01
4.020755589008331299e-01
-1.449099928140640259e-01
1.498233377933502197e-01
-3.103645443916320801e-01
-2.923155725002288818e-01
2.022161036729812622e-01
5.067344307899475098e-01
-3.565955758094787598e-01
2.010124325752258301e-01
-4.624800086021423340e-01
1.974944211542606354e-02
-1.681861132383346558e-01
-7.426781654357910156e-01
-2.061188817024230957e-01
2.186538428068161011e-01
4.269955456256866455e-01
3.082366883754730225e-01
3.132030963897705078e-01
5.340578779578208923e-02
8.761717379093170166e-02
4.589342474937438965e-01
-1.851942539215087891e-01
3.255621194839477539e-01
2.783784270286560059e-01
1.002876609563827515e-01
-1.313808858394622803e-01
-1.438892334699630737e-01
8.073644638061523438e-01
-1.561451256275177002e-01
3.012931048870086670e-01
2.930389046669006348e-01
2.680547833442687988e-01
-4.195891618728637695e-01
-3.932393491268157959e-01
5.005793571472167969e-01
2.742256522178649902e-01
-8.251866698265075684e-02
-5.809158682823181152e-01
-1.558476686477661133e-01
-1.495344489812850952e-01
3.878274559974670410e-01
-6.275907754898071289e-01
1.122730076313018799e-01
1.373929977416992188e-01
1.170422323048114777e-02
-2.882177829742431641e-01
-5.692766308784484863e-01
-8.189007639884948730e-03
2.106264978647232056e-01
-1.385955978184938431e-02
-4.995389282703399658e-02
1.122047603130340576e-01
1.675700992345809937e-01
6.362622231245040894e-02
1.811106801033020020e-01
-1.290400028228759766e-01
1.343698203563690186e-01
-1.458914577960968018e-01
1.978868842124938965e-01
3.236422315239906311e-02
-4.631470143795013428e-01
5.525666475296020508e-01
-1.408788859844207764e-01
-1.412524431943893433e-01
2.617841362953186035e-01
1.433270871639251709e-01
2.481404095888137817e-01
9.302700310945510864e-02
-2.645928859710693359e-01
7.703122496604919434e-02
4.604445770382881165e-03
-5.644644051790237427e-02
-3.595123067498207092e-02
1.082597747445106506e-01
-1.460269987583160400e-01
-2.713431119918823242e-01
1.380215585231781006e-01
-3.386150002479553223e-01
3.313206434249877930e-01
-3.215061426162719727e-01
-9.245344996452331543e-02
1.086826696991920471e-01
-1.658856123685836792e-02
1.519244462251663208e-01
-4.820959270000457764e-01
3.317344486713409424e-01
2.249338924884796143e-01
4.585522413253784180e-01
-1.282237768173217773e-01
-2.226583361625671387e-01
-1.257638931274414062e-01
-2.071426659822463989e-01
-1.067122742533683777e-01
5.653855800628662109e-01
1.007922217249870300e-01
4.010044634342193604e-01
6.239821910858154297e-01
-7.830889523029327393e-02
-4.533944725990295410e-01
8.862244337797164917e-02
-3.142100870609283447e-01
-3.378757238388061523e-01
4.255010783672332764e-01
-9.778788685798645020e-01
1.292185485363006592e-01
-1.365700643509626389e-02
-1.847452372312545776e-01
-4.465866684913635254e-01
-3.641635477542877197e-01
-5.066674351692199707e-01
-1.422588825225830078e-01
-7.430777698755264282e-02
-7.082333415746688843e-02
-8.390133827924728394e-02
1.252300441265106201e-01
4.458755254745483398e-01
1.961941123008728027e-01
-1.957804858684539795e-01
6.895288825035095215e-02
7.493022084236145020e-02
1.206211149692535400e-01
-7.334777712821960449e-02
1.360599994659423828e-01
4.147722423076629639e-01
-5.782148241996765137e-01
-2.706255316734313965e-01
2.967496812343597412e-01
