-2.671807110309600830e-01
2.080265730619430542e-01
-2.348191440105438232e-01
-1.013071537017822266e-01
-6.947271227836608887e-01
1.065414175391197205e-01
7.638287264853715897e-03
1.401892900466918945e-01
-2.823309898376464844e-01
-1.011348605155944824e+00
1.392657011747360229e-01
-3.981485590338706970e-02
-4.311947226524353027e-01
4.537484794855117798e-02
-4.276271536946296692e-02
5.075828358530998230e-02
-3.242985904216766357e-01
3.107199966907501221e-01
1.840635687112808228e-01
-3.250771164894104004e-01
-2.202232927083969116e-01
-9.752085059881210327e-02
-1.432439982891082764e-01
8.921186625957489014e-02
-1.328615844249725342e-01
1.308466494083404541e-01
1.467331349849700928e-01
5.058570951223373413e-02
-1.326928567141294479e-02
-2.704242765903472900e-01
-4.362228214740753174e-01
4.487386047840118408e-01
-2.255842983722686768e-01
-1.220011338591575623e-01
-7.271457314491271973e-01
2.794042825698852539e-01
3.403514027595520020e-01
-2.817900180816650391e-01
-3.036209940910339355e-01
2.601685822010040283e-01
7.655614614486694336e-02
6.634716410189867020e-03
-3.344214260578155518e-01
4.432477355003356934e-01
-2.085128277540206909e-01
-2.777071595191955566e-01
1.658942252397537231e-01
-2.670994102954864502e-01
-1.105386205017566681e-02
-2.971200644969940186e-02
-1.136471405625343323e-01
2.051680088043212891e-01
-1.955381482839584351e-01
2.285617291927337646e-01
1.381604373455047607e-01
1.656962782144546509e-01
1.030400022864341736e-01
-7.182385027408599854e-02
1.644711494445800781e-01
-2.650405466556549072e-01
3.890914618968963623e-01
2.543347179889678955e-01
2.547557055950164795e-01
-1.931400001049041748e-01
-1.806897073984146118e-01
-2.276585847139358521e-01
-2.053900063037872314e-01
7.810426410287618637e-03
3.916399776935577393e-01
-2.193674296140670776e-01
-3.084919750690460205e-01
5.627257227897644043e-01
2.845114171504974365e-01
4.268285632133483887e-02
-5.745971798896789551e-01
-1.611754447221755981e-01
-5.285715218633413315e-03
1.832845509052276611e-01
-1.922570019960403442e-01
1.153785455971956253e-02
1.921400055289268494e-02
1.072631478309631348e-01
5.414257198572158813e-02
-3.890754282474517822e-01
3.170242607593536377e-01
-4.326785728335380554e-02
-8.211556822061538696e-02
4.520914256572723389e-01
-7.606274634599685669e-02
-8.167328685522079468e-02
2.935891449451446533e-01
2.956342697143554688e-01
-1.564528644084930420e-01
-4.982585608959197998e-01
4.168513715267181396e-01
1.596358567476272583e-01
8.229142427444458008e-02
-1.586665809154510498e-01
1.630998700857162476e-01
-4.907608628273010254e-01
-1.550575643777847290e-01
-1.053038984537124634e-01
1.297204345464706421e-01
-9.812624007463455200e-02
-2.258328646421432495e-01
-1.009085699915885925e-01
8.811099827289581299e-02
5.225414782762527466e-02
-2.321701496839523315e-01
9.453829377889633179e-02
3.694814443588256836e-02
-1.983856782317161560e-02
1.985154300928115845e-01
2.256582826375961304e-01
3.484384343028068542e-02
-8.985713869333267212e-02
-1.917687207460403442e-01
1.623391360044479370e-01
-7.820858620107173920e-03
-1.266391426324844360e-01
2.738498449325561523e-01
1.095624342560768127e-01
6.700957566499710083e-02
-4.078857004642486572e-01
-2.210428938269615173e-02
1.161814332008361816e-01
2.115757167339324951e-01
4.342571273446083069e-02
-1.282748728990554810e-01
-8.174856752157211304e-02
-1.686844378709793091e-01
4.210968688130378723e-02
-2.348085790872573853e-01
-2.631171420216560364e-02
2.150528430938720703e-01
-1.729114353656768799e-01
9.518856555223464966e-02
-2.071873396635055542e-01
2.377514392137527466e-01
-1.473268568515777588e-01
-5.393385887145996094e-02
4.919857382774353027e-01
5.283500626683235168e-02
-1.086794286966323853e-01
-1.792501360177993774e-01
-1.476000100374221802e-01
-1.354134380817413330e-01
-3.941814601421356201e-01
1.199489831924438477e-01
3.225042670965194702e-02
3.438834249973297119e-01
-3.490800261497497559e-01
-5.233432631939649582e-03
-2.639734447002410889e-01
3.835757076740264893e-01
-1.491478532552719116e-01
1.954685449600219727e-01
-2.029540203511714935e-02
-1.663027890026569366e-02
-1.195800155401229858e-01
1.181699801236391068e-02
-2.131505757570266724e-01
-2.003000080585479736e-01
1.045675724744796753e-01
-8.947657048702239990e-02
3.022071421146392822e-01
-6.196356937289237976e-02
1.449617147445678711e-01
1.449113190174102783e-01
1.470917165279388428e-01
3.676051497459411621e-01
4.568285122513771057e-02
4.007428511977195740e-02
4.638113975524902344e-01
-1.765785664319992065e-01
-1.349471509456634521e-01
-3.062442839145660400e-01
-9.716256707906723022e-02
1.575370132923126221e-01
3.714885413646697998e-01
-3.146757185459136963e-01
3.345189690589904785e-01
-2.884300053119659424e-01
-1.982114315032958984e-01
-4.375600218772888184e-01
-1.402632892131805420e-01
-3.391329944133758545e-01
2.450524419546127319e-01
2.945517599582672119e-01
4.016399979591369629e-01
6.195529103279113770e-01
1.623694449663162231e-01
2.324088811874389648e-01
2.377729415893554688e-01
-1.904014796018600464e-01
4.075517877936363220e-02
2.176845818758010864e-01
-1.906552761793136597e-01
4.857743158936500549e-02
-1.382828503847122192e-01
8.739171624183654785e-01
-1.351608484983444214e-01
8.560143411159515381e-02
2.408328801393508911e-01
1.537882983684539795e-01
-9.990414232015609741e-02
-5.801771879196166992e-01
5.419800430536270142e-02
2.772600054740905762e-01
-7.697799056768417358e-02
-5.032351613044738770e-01
-1.128511428833007812e-01
-2.170778512954711914e-01
3.690614402294158936e-01
-4.935005605220794678e-01
2.024514377117156982e-01
1.928533762693405151e-01
-1.895224303007125854e-01
-2.100200206041336060e-01
-3.420771658420562744e-01
-1.341499984264373779e-01
1.698040962219238281e-01
-3.602243214845657349e-02
1.700316965579986572e-01
-4.676256701350212097e-02
8.515436202287673950e-02
5.385714396834373474e-02
1.830421537160873413e-01
-1.826871372759342194e-02
2.411917001008987427e-01
2.015301398932933807e-02
3.567058444023132324e-01
-1.454765908420085907e-02
-4.240882694721221924e-01
4.281742870807647705e-01
3.153191506862640381e-01
-5.569186434149742126e-02
1.453814748674631119e-02
2.571911513805389404e-01
3.700609505176544189e-01
2.107281386852264404e-01
-3.728622794151306152e-01
3.777427366003394127e-03
7.357128779403865337e-04
-3.549142777919769287e-01
-1.578799933195114136e-01
2.377524524927139282e-01
-7.678000628948211670e-02
-8.479042351245880127e-02
8.446355909109115601e-02
-3.059510290622711182e-01
1.445098668336868286e-01
-7.321594655513763428e-02
-3.167092800140380859e-01
-9.809457510709762573e-02
-8.142328262329101562e-02
-9.674289263784885406e-03
-4.961628913879394531e-01
1.235196739435195923e-01
3.550846874713897705e-01
3.599664270877838135e-01
-6.838428229093551636e-02
-5.185148678719997406e-03
1.493719965219497681e-01
-1.480412930250167847e-01
-8.661500364542007446e-02
3.840371668338775635e-01
7.851327955722808838e-02
4.205509126186370850e-01
5.162699818611145020e-01
-1.472742855548858643e-01
-2.967755794525146484e-01
1.051288470625877380e-01
-1.814843118190765381e-01
-2.496791034936904907e-01
6.157128214836120605e-01
-9.122402071952819824e-01
6.505557149648666382e-02
-4.317986965179443359e-02
1.028207913041114807e-01
-3.771785795688629150e-01
-1.789084225893020630e-01
-4.073437154293060303e-01
-2.397467195987701416e-01
1.376891434192657471e-01
6.099699810147285461e-02
-2.234632968902587891e-01
1.599985659122467041e-01
1.960985660552978516e-01
3.908891379833221436e-01
-1.791379898786544800e-01
-1.277468502521514893e-01
-2.038359940052032471e-01
5.472341924905776978e-02
2.327343076467514038e-01
3.558257222175598145e-01
6.584671735763549805e-01
-5.380508303642272949e-01
-2.127100080251693726e-01
1.356141418218612671e-01
