-1.978420317173004150e-01
-1.053745970129966736e-01
-3.144139945507049561e-01
4.280900210142135620e-02
-5.658259987831115723e-01
-2.682019397616386414e-02
-1.948932111263275146e-01
2.328276187181472778e-01
-4.840039610862731934e-01
-1.069033980369567871e+00
4.467779025435447693e-02
4.333000630140304565e-02
-3.601899743080139160e-01
9.543319046497344971e-02
-6.399379670619964600e-02
-1.955346614122390747e-01
-3.333190083503723145e-01
5.311751961708068848e-01
1.692614108324050903e-01
1.403634101152420044e-01
-1.364992111921310425e-01
-2.293571978807449341e-01
-5.960379913449287415e-02
7.133980095386505127e-02
-2.804859913885593414e-02
3.271210193634033203e-01
2.192551195621490479e-01
1.797251254320144653e-01
4.859057962894439697e-01
-5.306079983711242676e-01
-4.281399399042129517e-02
5.387959480285644531e-01
-2.364083975553512573e-01
-2.204446047544479370e-01
-6.428380012512207031e-01
-9.196519851684570312e-02
4.795759618282318115e-01
-6.195880174636840820e-01
-2.710639834403991699e-01
-2.287797629833221436e-02
-9.535800665616989136e-02
1.778634041547775269e-01
-4.701460003852844238e-01
6.293720006942749023e-01
-2.651712000370025635e-01
-3.217290043830871582e-01
1.954079866409301758e-01
-6.500955671072006226e-02
-6.205360218882560730e-02
6.651942431926727295e-02
1.276919990777969360e-01
1.966655999422073364e-01
-1.094392091035842896e-01
1.724070012569427490e-01
-6.804007105529308319e-03
4.221785068511962891e-01
1.426200009882450104e-02
-6.622999906539916992e-02
-1.141114011406898499e-01
-5.377379655838012695e-01
4.793509840965270996e-01
1.784925907850265503e-01
1.956040225923061371e-02
6.192780658602714539e-02
-7.535679638385772705e-02
6.499999668449163437e-03
-1.866933852434158325e-01
8.612479269504547119e-02
2.652960121631622314e-01
-1.730019897222518921e-01
-4.363860189914703369e-01
3.105240166187286377e-01
2.078409940004348755e-01
1.715976148843765259e-01
-3.449920117855072021e-01
-9.046760946512222290e-02
2.139139920473098755e-01
-1.181039772927761078e-02
-2.323460131883621216e-01
-1.664400473237037659e-02
-5.969400331377983093e-02
1.912603974342346191e-01
1.044600009918212891e-01
-5.037119984626770020e-01
2.880060076713562012e-01
-3.574600070714950562e-02
-1.409877985715866089e-01
2.429146021604537964e-01
2.372339963912963867e-01
-2.031549662351608276e-01
-5.283500626683235168e-02
8.000839501619338989e-03
-3.918679654598236084e-01
-5.838259458541870117e-01
4.420440196990966797e-01
-8.872421085834503174e-02
-2.327719926834106445e-01
-3.211360573768615723e-01
2.820439934730529785e-01
-5.978800058364868164e-01
-2.554100155830383301e-01
5.489259958267211914e-02
4.892813414335250854e-02
3.190020024776458740e-01
5.602999776601791382e-02
-4.887800216674804688e-01
-7.616462558507919312e-02
2.536246180534362793e-01
2.504439949989318848e-01
-1.584199629724025726e-02
1.351000089198350906e-02
-6.728920340538024902e-02
2.515463232994079590e-01
3.184844255447387695e-01
-2.519479990005493164e-01
-6.485379487276077271e-02
-1.548520028591156006e-01
3.199601173400878906e-01
-1.614598906598985195e-03
-3.737240135669708252e-01
3.552708029747009277e-01
-2.439374029636383057e-01
-3.038660064339637756e-02
-3.654980063438415527e-01
1.094651967287063599e-01
1.354620009660720825e-01
-1.174933910369873047e-01
-5.075999349355697632e-02
-3.119029998779296875e-01
4.184199869632720947e-02
4.502840340137481689e-02
2.846200391650199890e-02
-5.119019746780395508e-01
2.247784137725830078e-01
4.653996322304010391e-03
-3.149050176143646240e-01
-7.670678943395614624e-02
-1.055260077118873596e-01
3.754879832267761230e-01
-1.113312020897865295e-01
-1.173973903059959412e-01
1.341748237609863281e-01
6.862399727106094360e-02
-1.235681995749473572e-01
-1.630143821239471436e-01
-2.031627893447875977e-01
-2.148800194263458252e-01
-2.381172180175781250e-01
2.152605950832366943e-01
-1.861853897571563721e-01
4.085040092468261719e-01
-3.732940256595611572e-01
5.985996220260858536e-03
-1.457485854625701904e-01
1.923153996467590332e-01
6.700719892978668213e-02
4.747099876403808594e-01
3.661990165710449219e-03
7.072200626134872437e-02
-8.070199936628341675e-02
1.305778026580810547e-01
1.933540031313896179e-02
-4.857900738716125488e-02
5.888039618730545044e-02
-3.158177733421325684e-01
2.116513550281524658e-01
-5.783960968255996704e-02
2.102999761700630188e-02
-2.273133993148803711e-01
2.732920050621032715e-01
9.574200212955474854e-02
5.027419924736022949e-01
-2.249419987201690674e-01
4.628494381904602051e-01
7.070003543049097061e-03
5.225380510091781616e-02
-2.166246175765991211e-01
-2.051201760768890381e-01
2.194688022136688232e-01
4.005460143089294434e-01
-3.439226150512695312e-01
2.940427958965301514e-01
-4.223771989345550537e-01
-1.203902140259742737e-01
-2.528041899204254150e-01
-4.427414536476135254e-01
-2.440039813518524170e-01
1.129416823387145996e-01
2.109899967908859253e-01
1.296095997095108032e-01
4.444752335548400879e-01
-6.218900159001350403e-02
-1.394269429147243500e-02
5.268360376358032227e-01
-2.863532900810241699e-01
2.321003973484039307e-01
3.625084161758422852e-01
-2.064632177352905273e-01
-1.217473968863487244e-01
-3.522947728633880615e-01
6.997140645980834961e-01
-9.596399962902069092e-02
2.079892158508300781e-01
4.629279971122741699e-01
1.817279905080795288e-01
-3.664512038230895996e-01
-4.086299836635589600e-01
2.952882349491119385e-01
2.677330374717712402e-01
-3.338660001754760742e-01
-6.626819968223571777e-01
-3.598179668188095093e-02
-2.094229906797409058e-01
2.569540143013000488e-01
-4.909354150295257568e-01
-3.201999515295028687e-02
1.000607982277870178e-01
4.250679537653923035e-02
-2.724580168724060059e-01
-4.061459898948669434e-01
-1.724061965942382812e-01
1.793390065431594849e-01
1.646824032068252563e-01
6.795220077037811279e-02
-6.681215018033981323e-02
7.600957062095403671e-03
-3.432399779558181763e-02
1.740574091672897339e-01
-5.976219102740287781e-02
2.930509746074676514e-01
-8.721680194139480591e-02
4.502639770507812500e-01
-1.218339949846267700e-01
-2.439719885587692261e-01
5.205559730529785156e-01
-3.865399584174156189e-02
-3.132356107234954834e-01
3.536019846796989441e-02
1.489160060882568359e-01
2.505720257759094238e-01
-2.057879865169525146e-01
-4.727500081062316895e-01
8.468200266361236572e-02
8.624800294637680054e-02
2.794799767434597015e-02
-2.444600127637386322e-02
1.666620001196861267e-02
-4.961794707924127579e-03
-1.138000041246414185e-01
2.869094014167785645e-01
-2.026005983352661133e-01
3.540655970573425293e-01
-2.240116149187088013e-01
-1.180452108383178711e-01
-2.742919921875000000e-01
-2.467974126338958740e-01
9.174600243568420410e-02
-4.123417735099792480e-01
1.683196127414703369e-01
5.344160273671150208e-02
4.791112542152404785e-01
-4.283495843410491943e-01
-1.742396056652069092e-01
-1.827991902828216553e-01
-9.163299947977066040e-02
-7.749500125646591187e-02
5.380359888076782227e-01
1.018002629280090332e-03
1.569256037473678589e-01
5.745679736137390137e-01
-2.255400121212005615e-01
-4.381919801235198975e-01
2.305243909358978271e-01
-4.802559912204742432e-01
-4.466167986392974854e-01
3.549218177795410156e-01
-5.748044252395629883e-01
-3.884179517626762390e-02
-1.629042178392410278e-01
-3.298539668321609497e-02
-3.148827850818634033e-01
-1.689087897539138794e-01
-6.562620401382446289e-01
-1.904187947511672974e-01
1.144225969910621643e-01
-1.115901917219161987e-01
1.218219995498657227e-01
1.589576005935668945e-01
4.112133979797363281e-01
1.871872097253799438e-01
-2.112369984388351440e-01
1.815504133701324463e-01
-1.624540090560913086e-01
-1.373380124568939209e-01
1.881159842014312744e-02
1.185699924826622009e-01
5.339599847793579102e-01
-7.174739837646484375e-01
-3.022219836711883545e-01
1.317273974418640137e-01
