-2.086005657911300659e-01
-7.176532596349716187e-02
-3.735233247280120850e-01
7.946967333555221558e-02
-8.289015889167785645e-01
7.462667673826217651e-02
-6.612282991409301758e-02
3.080849945545196533e-01
-5.421233177185058594e-01
-8.280549645423889160e-01
1.215666066855192184e-02
-2.173666507005691528e-01
-5.969383120536804199e-01
1.691516637802124023e-01
-1.166416630148887634e-01
-9.028199315071105957e-02
-2.222850173711776733e-01
4.327166378498077393e-01
2.170281857252120972e-01
-5.059050396084785461e-02
-2.268966585397720337e-01
-2.323909997940063477e-01
-6.145299971103668213e-02
2.813216485083103180e-02
-3.498842241242527962e-03
2.038408368825912476e-01
2.457704991102218628e-01
9.624665975570678711e-02
2.506463825702667236e-01
-5.730599761009216309e-01
-1.695683151483535767e-01
2.663266658782958984e-01
-2.834716737270355225e-01
-8.881749957799911499e-02
-6.029016375541687012e-01
6.323183327913284302e-02
5.065134763717651367e-01
-5.553733706474304199e-01
-3.059661388397216797e-01
5.890667065978050232e-02
-3.038516938686370850e-01
-1.336912661790847778e-01
-4.945383369922637939e-01
5.542399883270263672e-01
-3.746716678142547607e-01
-3.311366736888885498e-01
3.447379171848297119e-01
-3.344692885875701904e-01
5.568850040435791016e-02
1.850866712629795074e-02
-4.356667026877403259e-02
2.809946835041046143e-01
-1.402193307876586914e-01
1.406436711549758911e-01
-1.634591817855834961e-01
5.461023449897766113e-01
9.575166553258895874e-02
3.620616719126701355e-02
-8.980331569910049438e-02
-5.165733098983764648e-01
3.960516750812530518e-01
2.798716723918914795e-01
-1.409716606140136719e-01
4.022000357508659363e-02
-5.594900250434875488e-02
1.681998372077941895e-03
-3.887499868869781494e-01
1.755821704864501953e-01
3.160383403301239014e-01
2.205733396112918854e-02
-3.785483837127685547e-01
4.800363481044769287e-01
3.327983021736145020e-01
3.138500154018402100e-01
-5.407933592796325684e-01
-1.936985105276107788e-01
3.176416456699371338e-01
-1.278871595859527588e-01
-2.324648350477218628e-01
-1.315783411264419556e-01
2.903833985328674316e-02
8.104699850082397461e-02
1.469966769218444824e-01
-4.090130031108856201e-01
1.090293303132057190e-01
4.779167100787162781e-02
-2.326933294534683228e-01
3.078176677227020264e-01
-3.221167623996734619e-02
-1.722876578569412231e-01
1.679266057908535004e-02
4.772666469216346741e-02
-3.461640179157257080e-01
-5.895599722862243652e-01
2.885166704654693604e-01
2.854517661035060883e-02
-1.260616630315780640e-01
-3.021453320980072021e-01
2.212448269128799438e-01
-4.657516777515411377e-01
-1.335463374853134155e-01
-5.116283521056175232e-02
4.746716096997261047e-02
1.138141751289367676e-01
1.847499608993530273e-02
-2.829816639423370361e-01
-1.334950029850006104e-01
3.582396805286407471e-01
-1.319517195224761963e-02
7.805466651916503906e-02
-1.292133331298828125e-01
5.196666717529296875e-02
1.211409941315650940e-01
2.461381703615188599e-01
-2.502233684062957764e-01
-1.302049905061721802e-01
-2.306634932756423950e-01
2.655033767223358154e-01
-1.546033378690481186e-02
-2.038383334875106812e-01
4.129981994628906250e-01
-1.981488466262817383e-01
1.408556699752807617e-01
-3.594216406345367432e-01
3.102799318730831146e-02
1.058639883995056152e-01
-5.657832697033882141e-02
-4.007500037550926208e-02
-3.652707040309906006e-01
-5.431849882006645203e-02
-2.136493474245071411e-01
1.213966608047485352e-01
-2.745150029659271240e-01
2.369013428688049316e-01
8.898999541997909546e-02
-2.046200186014175415e-01
4.575170110911130905e-03
-1.919025033712387085e-01
2.558716833591461182e-01
-2.270246744155883789e-01
-1.532195061445236206e-01
2.739135026931762695e-01
7.794517278671264648e-02
-8.928471058607101440e-02
-6.556331645697355270e-03
-4.641066491603851318e-02
-3.559983074665069580e-01
-2.355016618967056274e-01
1.107238307595252991e-01
-1.996185034513473511e-01
1.785753369331359863e-01
-2.509033381938934326e-01
-1.308134943246841431e-01
-2.398393303155899048e-01
2.648581564426422119e-01
-1.581066697835922241e-01
3.378883600234985352e-01
-3.143413737416267395e-02
-7.236664649099111557e-03
-1.250551789999008179e-01
2.709964811801910400e-01
-2.180150002241134644e-01
-2.149033397436141968e-01
6.616800278425216675e-02
-3.683748245239257812e-01
3.597383201122283936e-01
-1.280750036239624023e-01
1.833249926567077637e-01
-1.090843304991722107e-01
2.084953188896179199e-01
3.536699712276458740e-01
5.000283718109130859e-01
2.667333744466304779e-02
4.693950116634368896e-01
-1.003366708755493164e-01
-2.015920132398605347e-01
-1.437983363866806030e-01
-8.697099238634109497e-02
1.757514923810958862e-01
3.634233474731445312e-01
-4.092016518115997314e-01
4.568738639354705811e-01
-3.318399786949157715e-01
-3.695320188999176025e-01
-3.252696692943572998e-01
-2.202371805906295776e-01
-3.932799994945526123e-01
1.252988129854202271e-01
3.477376699447631836e-01
3.102850019931793213e-01
6.223616600036621094e-01
-7.197333965450525284e-03
2.428533285856246948e-01
4.805899858474731445e-01
-2.348088771104812622e-01
1.207169964909553528e-01
2.331618517637252808e-01
-2.709325253963470459e-01
-1.747413128614425659e-01
-1.857534646987915039e-01
8.290033340454101562e-01
5.363732576370239258e-02
2.297316640615463257e-01
4.937049448490142822e-01
2.352949827909469604e-01
-1.886889934539794922e-01
-5.054833292961120605e-01
3.311116397380828857e-01
4.065838158130645752e-01
-4.444576501846313477e-01
-5.536723732948303223e-01
1.540615111589431763e-01
-3.070790171623229980e-01
1.611733287572860718e-01
-4.851373732089996338e-01
2.184450179338455200e-01
3.291706144809722900e-01
-2.691878378391265869e-01
-2.625150084495544434e-01
-6.936366558074951172e-01
-7.315499335527420044e-02
1.635569930076599121e-01
1.319803297519683838e-01
1.452816724777221680e-01
1.030273362994194031e-01
1.957359910011291504e-02
5.760900303721427917e-02
2.659666836261749268e-01
-1.517371684312820435e-01
2.781586945056915283e-01
3.205732628703117371e-02
5.537316799163818359e-01
-4.613550007343292236e-02
-2.316583395004272461e-01
4.160842001438140869e-01
-1.988331554457545280e-03
-1.958633512258529663e-01
-4.549999535083770752e-02
1.522066742181777954e-01
2.640769779682159424e-01
-2.895894944667816162e-01
-4.481333196163177490e-01
3.206516429781913757e-02
1.318335533142089844e-03
-2.254783362150192261e-01
4.276832938194274902e-02
2.720036357641220093e-02
1.094083767384290695e-02
-2.937950007617473602e-02
1.403574943542480469e-01
-2.445188313722610474e-01
3.648349940776824951e-01
-1.092062592506408691e-01
-1.982250250875949860e-02
-3.085000216960906982e-01
-1.298996657133102417e-01
3.083833120763301849e-02
-3.339839875698089600e-01
-9.137499146163463593e-03
-1.584828346967697144e-01
5.664507746696472168e-01
-3.839850127696990967e-01
-3.095333836972713470e-02
7.565332204103469849e-02
-6.589033454656600952e-02
2.748316526412963867e-02
4.735616445541381836e-01
3.729116544127464294e-02
2.871433645486831665e-02
7.488716244697570801e-01
-3.042173683643341064e-01
-1.021266579627990723e-01
2.383213490247726440e-01
-4.816750288009643555e-01
-5.094466805458068848e-01
5.943816304206848145e-01
-3.953536748886108398e-01
-7.274498790502548218e-02
-3.897249996662139893e-01
9.792667627334594727e-02
-2.301206588745117188e-01
-1.477479934692382812e-01
-5.395485162734985352e-01
-3.065283298492431641e-01
1.326460093259811401e-01
-3.007910400629043579e-02
8.191615343093872070e-02
1.891793459653854370e-01
1.782478541135787964e-01
1.874431520700454712e-01
-2.219716757535934448e-01
1.379988491535186768e-01
-4.534804821014404297e-01
-9.247333556413650513e-02
1.723416596651077271e-01
3.369366377592086792e-02
6.902583241462707520e-01
-7.195966243743896484e-01
-1.284866631031036377e-01
1.333828419446945190e-01
