-3.080163896083831787e-01
2.659463882446289062e-02
-2.666240036487579346e-01
2.528312429785728455e-02
-5.735374689102172852e-01
1.990598738193511963e-01
-1.286572515964508057e-01
1.055369973182678223e-01
-4.392139911651611328e-01
-1.086740016937255859e+00
1.293713748455047607e-01
8.358412981033325195e-02
-2.963391244411468506e-01
-1.765988022089004517e-02
-1.334474980831146240e-01
-1.775827854871749878e-01
-2.758487462997436523e-01
4.954237639904022217e-01
2.686748802661895752e-01
-5.831249430775642395e-02
-2.525337338447570801e-01
-1.456602513790130615e-01
-9.850075840950012207e-02
1.154237538576126099e-01
-5.178375169634819031e-02
1.495734453201293945e-01
1.879907548427581787e-01
1.325894594192504883e-01
3.406908810138702393e-01
-5.061575174331665039e-01
-1.188899874687194824e-01
5.402874946594238281e-01
-1.690858751535415649e-01
-1.959838867187500000e-01
-5.851712226867675781e-01
2.034342437982559204e-01
3.614373803138732910e-01
-4.110362231731414795e-01
-2.655566036701202393e-01
1.931518614292144775e-01
-7.213750854134559631e-03
5.940124392509460449e-03
-3.505495190620422363e-01
6.670984625816345215e-01
-3.173032402992248535e-01
-2.458131313323974609e-01
1.881679296493530273e-01
5.583032965660095215e-03
1.033856272697448730e-01
1.394654959440231323e-01
-5.488127470016479492e-03
2.749304771423339844e-01
-2.202522605657577515e-01
2.024416178464889526e-01
-3.445437923073768616e-02
1.577209234237670898e-01
7.686125487089157104e-02
1.986737921833992004e-02
6.014788523316383362e-02
-5.134890079498291016e-01
4.122868776321411133e-01
1.164728850126266479e-01
2.766437530517578125e-01
2.243768572807312012e-01
-1.075948849320411682e-01
-1.086382716894149780e-01
-3.541337326169013977e-02
4.293499886989593506e-02
3.390812575817108154e-01
-2.629412412643432617e-01
-4.506871104240417480e-01
2.805165052413940430e-01
3.484674990177154541e-01
1.604262590408325195e-01
-4.908587336540222168e-01
-1.506212502717971802e-01
7.534374296665191650e-02
7.257299125194549561e-02
-5.858450382947921753e-02
-9.443774819374084473e-02
1.550598740577697754e-01
1.930825114250183105e-01
2.273067533969879150e-01
-4.501249790191650391e-01
1.985487639904022217e-01
-8.378311991691589355e-02
-1.468251347541809082e-01
3.934115171432495117e-01
6.525138020515441895e-02
-8.946837484836578369e-02
1.852951347827911377e-01
1.497373431921005249e-01
-3.591751456260681152e-01
-5.172262191772460938e-01
3.134562671184539795e-01
6.907650083303451538e-02
2.134950272738933563e-02
-4.050993621349334717e-01
2.920099794864654541e-01
-5.104355216026306152e-01
6.133764982223510742e-04
-9.463912248611450195e-02
1.229767054319381714e-01
7.897525280714035034e-02
-3.634487092494964600e-02
-1.673973649740219116e-01
-1.161450073122978210e-01
2.201428711414337158e-01
5.274887755513191223e-02
-2.106337063014507294e-02
1.297925114631652832e-01
-2.713899314403533936e-02
2.587815225124359131e-01
2.650048732757568359e-01
-2.245575189590454102e-01
-2.623121067881584167e-02
-2.476018816232681274e-01
1.224246844649314880e-01
-1.181503832340240479e-01
-2.438908815383911133e-01
5.688737630844116211e-01
-3.412299975752830505e-02
-1.564998775720596313e-01
-2.371949851512908936e-01
1.200744882225990295e-01
-9.092494845390319824e-03
7.558000087738037109e-02
1.073751598596572876e-03
-1.921073645353317261e-01
-1.308119893074035645e-01
1.227628439664840698e-03
-2.792700231075286865e-01
-4.326725006103515625e-01
8.633024990558624268e-02
9.791300445795059204e-02
-2.835931181907653809e-01
1.207219958305358887e-01
-2.295017801225185394e-02
2.909658551216125488e-01
-6.850299239158630371e-02
-2.562512457370758057e-01
2.150662690401077271e-01
8.618263155221939087e-02
-1.697829961776733398e-01
-1.797902584075927734e-01
-2.797528803348541260e-01
-1.167208924889564514e-01
-3.072162270545959473e-01
1.516362428665161133e-01
-1.134442389011383057e-01
4.538844823837280273e-01
-2.683393657207489014e-01
6.659562140703201294e-02
-1.935643851757049561e-01
2.117572575807571411e-01
-5.611875653266906738e-02
2.835262417793273926e-01
-9.591852314770221710e-03
-3.119887784123420715e-02
-1.350611150264739990e-01
7.259774953126907349e-02
-9.976775944232940674e-02
-2.396818697452545166e-01
5.011392384767532349e-02
-2.458409816026687622e-01
1.588124632835388184e-01
-2.159277647733688354e-01
9.681370109319686890e-03
-9.284137189388275146e-02
2.816721200942993164e-01
6.417474895715713501e-02
2.112687528133392334e-01
-1.438173651695251465e-01
5.864399671554565430e-01
6.270006299018859863e-03
-3.622574731707572937e-02
-2.727491259574890137e-01
-2.172798514366149902e-01
1.203866302967071533e-01
4.538437128067016602e-01
-3.372287750244140625e-01
3.485071063041687012e-01
-4.158737361431121826e-01
-6.926888227462768555e-02
-4.362226426601409912e-01
-4.655812382698059082e-01
-2.909058630466461182e-01
7.977768033742904663e-02
3.877202570438385010e-01
2.439462542533874512e-01
5.235432386398315430e-01
1.918887495994567871e-01
8.065530657768249512e-02
3.167019486427307129e-01
-2.918062806129455566e-01
3.106659054756164551e-01
3.055340051651000977e-01
-7.080562412738800049e-02
-3.466850146651268005e-02
-7.452924549579620361e-02
6.678787469863891602e-01
-7.024501450359821320e-03
2.067932635545730591e-01
3.324462473392486572e-01
2.294193655252456665e-01
-3.011344075202941895e-01
-4.463512599468231201e-01
3.670341074466705322e-01
3.438026309013366699e-01
-2.859485149383544922e-01
-5.238066315650939941e-01
-6.409949809312820435e-02
-1.988831162452697754e-01
4.753212332725524902e-01
-4.858729839324951172e-01
6.519250571727752686e-02
3.975750207901000977e-01
-1.552562713623046875e-01
-2.525075078010559082e-01
-3.904424905776977539e-01
-1.245038658380508423e-01
9.706941246986389160e-02
2.725324593484401703e-02
2.153179943561553955e-01
1.294019222259521484e-01
6.611191481351852417e-02
-1.438074931502342224e-02
2.602687478065490723e-01
-3.845512121915817261e-02
2.383261024951934814e-01
-1.233817487955093384e-01
2.978613972663879395e-01
-7.093775272369384766e-02
-2.631007432937622070e-01
4.749674797058105469e-01
-2.019249647855758667e-02
-1.919258534908294678e-01
1.503000408411026001e-01
1.248092502355575562e-01
3.550850152969360352e-01
1.518425717949867249e-02
-3.545478880405426025e-01
1.802731305360794067e-01
1.492492854595184326e-03
-2.425550073385238647e-01
5.293687433004379272e-02
2.337137311697006226e-01
-1.793044805526733398e-01
-1.677296310663223267e-01
1.366146206855773926e-01
-2.129077613353729248e-01
2.008345127105712891e-01
-1.813683658838272095e-01
-7.921762764453887939e-02
-7.606697827577590942e-02
-1.037388890981674194e-01
1.866362392902374268e-01
-4.598627686500549316e-01
1.997808367013931274e-01
1.994412541389465332e-01
6.090762615203857422e-01
-2.387235164642333984e-01
-7.551249116659164429e-03
-1.401483714580535889e-01
-1.296264976263046265e-01
-1.448904275894165039e-01
5.315712094306945801e-01
8.200998604297637939e-02
2.408862560987472534e-01
6.056950092315673828e-01
-2.062987536191940308e-01
-4.205049872398376465e-01
3.085337579250335693e-01
-3.091843724250793457e-01
-6.950422376394271851e-02
4.433400034904479980e-01
-7.696274518966674805e-01
5.379012599587440491e-02
-1.561226397752761841e-01
-2.246393263339996338e-02
-3.117526173591613770e-01
-1.782951205968856812e-01
-6.428035497665405273e-01
-1.411175131797790527e-01
1.725865006446838379e-01
-6.101486831903457642e-02
-2.573275566101074219e-02
8.319124579429626465e-03
3.607158660888671875e-01
3.984215259552001953e-01
-1.584137529134750366e-01
9.104324877262115479e-02
-4.834350198507308960e-02
2.984050288796424866e-02
4.041124507784843445e-02
1.155299991369247437e-01
5.163699984550476074e-01
-7.903215885162353516e-01
-3.249175250530242920e-01
1.516515016555786133e-01
