-4.090099930763244629e-01
1.376174986362457275e-01
-2.853450179100036621e-01
1.301572471857070923e-01
-3.684000074863433838e-01
-1.653802543878555298e-01
4.190099984407424927e-02
5.942000076174736023e-02
-3.493809998035430908e-01
-1.635349988937377930e+00
2.812175080180168152e-02
2.449700236320495605e-02
-1.898365020751953125e-01
1.221374794840812683e-01
-2.127877473831176758e-01
-2.061314731836318970e-01
-2.795024812221527100e-01
1.867865473031997681e-01
2.279502451419830322e-01
2.032867521047592163e-01
2.600107491016387939e-01
-8.508399873971939087e-02
1.567304730415344238e-01
-8.105745539069175720e-03
-4.247624874114990234e-01
-1.487000286579132080e-02
1.558289527893066406e-01
2.023050189018249512e-01
4.348149895668029785e-01
-3.619599938392639160e-01
-1.480707526206970215e-01
2.957500219345092773e-01
-2.501077353954315186e-01
-1.914150118827819824e-01
-9.742674827575683594e-01
1.116074621677398682e-02
3.492500633001327515e-03
-5.269700288772583008e-01
-5.156446248292922974e-03
7.326749712228775024e-02
-1.427814960479736328e-01
-1.778653860092163086e-01
-5.977184772491455078e-01
5.191825032234191895e-01
-2.082639932632446289e-01
-2.720414996147155762e-01
3.565349876880645752e-01
-3.893122076988220215e-02
2.773251384496688843e-03
-8.208499848842620850e-02
2.629237473011016846e-01
1.675025075674057007e-01
5.645075067877769470e-02
1.769149899482727051e-01
1.364349946379661560e-02
3.707650005817413330e-01
1.729949861764907837e-01
1.883645057678222656e-01
2.177649736404418945e-02
-2.500420212745666504e-01
6.005074977874755859e-01
2.260817438364028931e-01
-2.222999930381774902e-02
3.112199902534484863e-01
-1.401095092296600342e-01
1.838924735784530640e-02
-1.893849670886993408e-01
2.114959359169006348e-01
1.635925024747848511e-01
-2.263789921998977661e-01
-5.669749900698661804e-02
2.059429883956909180e-01
1.459999978542327881e-01
5.495525002479553223e-01
-1.489799916744232178e-01
1.561319977045059204e-01
3.008925020694732666e-01
-9.798249602317810059e-02
2.098000794649124146e-02
-1.760224848985671997e-01
-1.600020080804824829e-01
1.516050100326538086e-01
3.275204896926879883e-01
-3.524475097656250000e-01
5.862899869680404663e-02
1.589374989271163940e-01
-2.949254810810089111e-01
4.487257599830627441e-01
3.869249820709228516e-01
2.239575237035751343e-02
-6.728275120258331299e-02
2.102221697568893433e-01
-3.558825254440307617e-01
-4.201799929141998291e-01
4.736696779727935791e-01
1.486430019140243530e-01
-2.617985010147094727e-01
-2.690255045890808105e-01
1.639237552881240845e-01
-5.279675126075744629e-01
-2.488387525081634521e-01
-4.705250263214111328e-02
-5.206232517957687378e-02
7.957749813795089722e-02
-2.459647506475448608e-01
-3.415800034999847412e-01
2.305307537317276001e-01
4.883075058460235596e-01
1.737399995326995850e-01
9.528274834156036377e-02
-1.874585002660751343e-01
-3.445049375295639038e-02
5.862651020288467407e-02
-2.542752772569656372e-03
3.574524819850921631e-02
-4.680500179529190063e-02
3.741000592708587646e-02
1.046350076794624329e-01
5.849774926900863647e-02
-1.989850103855133057e-01
3.102990090847015381e-01
-1.972974985837936401e-01
3.731949925422668457e-01
-1.370749622583389282e-02
1.604634970426559448e-01
-5.455099791288375854e-02
-3.328241407871246338e-03
-1.913850009441375732e-01
-1.984287500381469727e-01
-4.415224492549896240e-02
6.472249329090118408e-02
-1.575199961662292480e-01
-4.113404750823974609e-01
1.224412471055984497e-01
-1.967625021934509277e-01
-3.337824940681457520e-01
3.346575051546096802e-02
-1.717824861407279968e-02
2.913154959678649902e-01
5.701698735356330872e-02
-3.795304894447326660e-01
3.120882809162139893e-01
3.676599860191345215e-01
-7.345907390117645264e-02
-3.903824985027313232e-01
1.125207543373107910e-02
-4.010875225067138672e-01
-2.486792504787445068e-01
3.787125051021575928e-01
-2.109324932098388672e-02
1.361464858055114746e-01
-5.529599636793136597e-02
-2.010000124573707581e-02
-3.219874948263168335e-02
6.308149546384811401e-02
-1.691100001335144043e-01
3.888775110244750977e-01
1.225100010633468628e-01
5.434998869895935059e-02
-3.808977603912353516e-01
-1.626192480325698853e-01
-3.826492428779602051e-01
-2.418474853038787842e-01
-8.082125335931777954e-02
-4.544609785079956055e-01
1.998906880617141724e-01
-8.150100708007812500e-02
5.295917391777038574e-01
-9.177249670028686523e-02
1.866307407617568970e-01
1.876749098300933838e-02
3.935300111770629883e-01
-4.629725217819213867e-01
4.617300033569335938e-01
-1.605599820613861084e-01
-2.059562504291534424e-01
-9.012750349938869476e-03
-1.769049912691116333e-01
1.584945023059844971e-01
2.720524966716766357e-01
-1.880975067615509033e-01
1.474830061197280884e-01
-1.353549957275390625e-01
-3.611912429332733154e-01
-2.923099994659423828e-01
-2.213650047779083252e-01
-2.449792474508285522e-01
3.381413519382476807e-01
3.653264641761779785e-01
7.150749862194061279e-02
5.836424827575683594e-01
1.812167465686798096e-01
1.663326174020767212e-01
2.385900020599365234e-01
-1.378182470798492432e-01
9.377498179674148560e-03
2.876577377319335938e-01
7.890749722719192505e-02
-1.530449986457824707e-01
-4.884074926376342773e-01
9.105375409126281738e-01
-2.840574979782104492e-01
3.867300152778625488e-01
3.416575193405151367e-01
3.242124915122985840e-01
-4.376699924468994141e-01
-3.277935087680816650e-01
9.420749545097351074e-02
2.457782328128814697e-01
-4.162747561931610107e-01
-4.701985120773315430e-01
-7.718400657176971436e-02
-2.591274976730346680e-01
3.189267516136169434e-01
-5.616124868392944336e-01
5.468174070119857788e-02
3.946855366230010986e-01
-7.215873897075653076e-02
-2.975749969482421875e-02
-3.218600153923034668e-01
1.036547496914863586e-01
5.768100172281265259e-02
1.145884990692138672e-01
2.822049856185913086e-01
4.367974996566772461e-01
-1.350550055503845215e-01
6.817504763603210449e-03
9.555923938751220703e-02
6.374749541282653809e-02
1.023686081171035767e-01
-1.483775079250335693e-01
3.050705194473266602e-01
-1.176574826240539551e-02
-2.571462392807006836e-01
6.988129019737243652e-02
1.531575024127960205e-01
-1.546894609928131104e-01
-1.389549225568771362e-01
-1.100474894046783447e-01
3.124385178089141846e-01
-1.012367457151412964e-01
-3.826882541179656982e-01
1.580137610435485840e-01
2.533150017261505127e-01
-1.719570010900497437e-01
3.583599999547004700e-02
1.530514955520629883e-01
-2.988419830799102783e-01
4.146124422550201416e-02
-2.843751013278961182e-02
5.655501037836074829e-02
1.697745025157928467e-01
-3.843770027160644531e-01
-1.855265051126480103e-01
-4.022698849439620972e-02
-9.744300693273544312e-02
1.803725063800811768e-01
-3.689639866352081299e-01
-9.215749800205230713e-02
-5.853000283241271973e-02
5.122925043106079102e-01
-3.879774808883666992e-01
3.834025189280509949e-02
-3.747449815273284912e-02
-5.809300020337104797e-02
-5.027599632740020752e-02
1.443774998188018799e-01
1.758150011301040649e-01
9.628748893737792969e-02
6.959924697875976562e-01
-2.741210460662841797e-01
-3.392454981803894043e-01
3.463965058326721191e-01
-3.434565067291259766e-01
-3.912550210952758789e-02
1.415174901485443115e-01
-1.111747980117797852e+00
-1.676825806498527527e-02
-1.114150062203407288e-01
2.780075185000896454e-02
-1.633059978485107422e-01
-2.083174884319305420e-01
-3.171949982643127441e-01
-2.092449963092803955e-01
-9.870499372482299805e-03
-7.778865098953247070e-02
1.307449936866760254e-01
5.427382141351699829e-02
6.918824464082717896e-02
1.433357596397399902e-01
-4.238337650895118713e-02
3.084224089980125427e-02
-2.628799974918365479e-01
-2.010425031185150146e-01
7.355000823736190796e-03
-2.896894812583923340e-01
6.301674842834472656e-01
-5.398949980735778809e-01
1.209774911403656006e-01
5.059997737407684326e-02
