-3.483501970767974854e-01
3.137800097465515137e-01
-2.405939996242523193e-01
7.147160917520523071e-02
-5.475479960441589355e-01
1.951779611408710480e-02
1.247841939330101013e-01
7.623980194330215454e-02
-3.145362138748168945e-01
-1.328851938247680664e+00
-6.270998623222112656e-03
-5.269839614629745483e-02
-1.765732020139694214e-01
1.937920153141021729e-01
-2.502660155296325684e-01
-3.289871811866760254e-01
-3.360140025615692139e-01
3.911752402782440186e-01
2.176713943481445312e-01
1.510140001773834229e-01
2.384899854660034180e-01
-1.285651922225952148e-01
-8.716702461242675781e-02
-5.456259846687316895e-02
-1.338675916194915771e-01
3.094220161437988281e-01
1.680021584033966064e-01
2.116980105638504028e-01
3.869120180606842041e-01
-4.459320008754730225e-01
-1.648885905742645264e-01
4.214960038661956787e-01
-2.149641960859298706e-01
-2.476988285779953003e-01
-7.666000127792358398e-01
-3.302000090479850769e-02
2.730937898159027100e-01
-5.330320000648498535e-01
-1.336369663476943970e-01
4.156599938869476318e-01
-4.322839900851249695e-02
-1.928819864988327026e-01
-6.507848501205444336e-01
7.021099925041198730e-01
-2.487032115459442139e-01
-2.345071732997894287e-01
3.575063943862915039e-01
7.626768201589584351e-02
5.668439716100692749e-02
4.257800057530403137e-02
2.150622159242630005e-01
2.799280285835266113e-01
-1.208400167524814606e-02
1.092760115861892700e-01
8.082200586795806885e-02
2.528420090675354004e-01
3.541359901428222656e-01
1.082879900932312012e-01
3.215699642896652222e-02
-1.262722015380859375e-01
6.952260136604309082e-01
2.316279858350753784e-01
5.042159557342529297e-02
2.750999927520751953e-01
-2.187488079071044922e-01
1.325359940528869629e-02
-7.593239843845367432e-02
2.970407605171203613e-01
2.595719993114471436e-01
-2.926463782787322998e-01
-1.680111885070800781e-01
2.678464055061340332e-01
-4.008205607533454895e-02
4.162259995937347412e-01
-4.150759577751159668e-01
5.815219879150390625e-02
2.270443886518478394e-01
1.911980062723159790e-01
7.788600772619247437e-02
-4.047419875860214233e-02
3.696403000503778458e-03
2.149101942777633667e-01
3.748343884944915771e-01
-4.549459815025329590e-01
1.771079897880554199e-01
3.796958923339843750e-02
-2.624823749065399170e-01
3.733305931091308594e-01
3.283599764108657837e-02
-3.727879747748374939e-02
2.243023738265037537e-02
2.530737221240997314e-01
-3.031869828701019287e-01
-5.366579890251159668e-01
3.015217185020446777e-01
1.982304006814956665e-01
-2.759907841682434082e-01
-2.735000252723693848e-01
2.147910147905349731e-01
-3.679229617118835449e-01
-2.660986185073852539e-01
-9.009126573801040649e-02
8.114653825759887695e-02
9.890226274728775024e-02
-2.877397835254669189e-01
-4.602800309658050537e-01
3.415940105915069580e-01
3.787060379981994629e-01
2.206580191850662231e-01
3.299942016601562500e-01
-2.903739735484123230e-02
-2.021424025297164917e-01
2.395852059125900269e-01
-5.914004053920507431e-03
-1.609503924846649170e-01
-1.093480139970779419e-01
-1.412879973649978638e-01
1.419242024421691895e-01
-2.084579877555370331e-02
-2.528780102729797363e-01
3.524651825428009033e-01
-1.992519795894622803e-01
1.756280064582824707e-01
-1.404819935560226440e-01
1.932038068771362305e-01
1.073120012879371643e-01
-3.227859735488891602e-02
-2.237979918718338013e-01
-2.014390230178833008e-01
-1.593979895114898682e-01
-7.233600318431854248e-02
-1.563444174826145172e-02
-2.121153771877288818e-01
1.667490005493164062e-01
3.493599221110343933e-02
-2.482360154390335083e-01
6.639239937067031860e-02
-1.175316125154495239e-01
2.773903906345367432e-01
4.344959557056427002e-02
-2.027125805616378784e-01
5.913520455360412598e-01
1.740320026874542236e-01
-1.266038417816162109e-01
-3.194614052772521973e-01
-3.013223409652709961e-01
-2.733620107173919678e-01
-3.374553918838500977e-01
3.596120178699493408e-01
9.045988554134964943e-04
3.109579980373382568e-01
-1.832768023014068604e-01
-1.071406006813049316e-01
-1.802310049533843994e-01
2.643474042415618896e-01
-1.593079864978790283e-01
5.976559519767761230e-01
1.546994000673294067e-01
1.920199394226074219e-02
-3.711939752101898193e-01
-2.241673916578292847e-01
-2.779774069786071777e-01
-4.125800728797912598e-01
-1.140367984771728516e-01
-3.096129894256591797e-01
1.285985410213470459e-01
3.981000278145074844e-03
1.997783929109573364e-01
-1.185769438743591309e-01
1.271158456802368164e-01
7.050399482250213623e-02
2.608633935451507568e-01
-1.332480013370513916e-01
5.678279995918273926e-01
8.625997230410575867e-03
-9.374499320983886719e-02
-9.604619443416595459e-02
-1.813319921493530273e-01
1.828376054763793945e-01
1.256959885358810425e-01
-2.192739993333816528e-01
2.455964088439941406e-01
-2.385236024856567383e-01
-2.715930044651031494e-01
-5.173203945159912109e-01
-1.255280077457427979e-01
-1.770076006650924683e-01
2.141312807798385620e-01
4.974860250949859619e-01
1.802779883146286011e-01
4.801440238952636719e-01
3.089914023876190186e-01
4.017620980739593506e-01
1.648534089326858521e-01
-3.575003743171691895e-01
2.338759414851665497e-02
3.478565812110900879e-01
1.478575915098190308e-01
-2.066100202500820160e-02
-5.410259962081909180e-01
8.504459261894226074e-01
-2.944180071353912354e-01
2.313740253448486328e-01
3.680759966373443604e-01
3.949939906597137451e-01
-3.133040070533752441e-01
-5.228227972984313965e-01
1.001235991716384888e-01
3.841080069541931152e-01
-3.427237868309020996e-01
-7.239580154418945312e-01
-1.265659928321838379e-02
-2.384041994810104370e-01
4.407053887844085693e-01
-5.477319955825805664e-01
4.367939755320549011e-02
4.773684144020080566e-01
-9.273159503936767578e-02
-5.689399689435958862e-02
-4.798960089683532715e-01
-1.314801871776580811e-01
1.410067975521087646e-01
2.264529913663864136e-01
2.604824006557464600e-01
1.421600133180618286e-01
1.142020002007484436e-01
6.236800551414489746e-02
3.700999915599822998e-01
3.328219950199127197e-01
2.162868678569793701e-01
-1.976553946733474731e-01
4.229324460029602051e-01
1.062216758728027344e-01
-4.936630129814147949e-01
1.348259896039962769e-01
2.536848187446594238e-01
-1.868085563182830811e-01
-2.266433835029602051e-02
-2.174864113330841064e-01
3.095781207084655762e-01
-2.312664091587066650e-01
-4.364905953407287598e-01
1.334680337458848953e-02
2.527483999729156494e-01
2.844139933586120605e-02
-8.576520532369613647e-02
2.489674091339111328e-01
-1.841485947370529175e-01
-3.344159200787544250e-02
-2.583000622689723969e-02
-1.242039948701858521e-01
1.127979811280965805e-02
-2.821156084537506104e-01
-3.017231822013854980e-01
-3.261680006980895996e-01
-1.882114112377166748e-01
2.338180094957351685e-01
-3.763579726219177246e-01
4.299199953675270081e-02
8.777000010013580322e-02
5.016299486160278320e-01
-3.184539675712585449e-01
2.530100010335445404e-02
-6.882560253143310547e-02
3.515780717134475708e-02
-1.241528019309043884e-01
2.315100133419036865e-01
3.053219914436340332e-01
4.530560076236724854e-01
6.544879674911499023e-01
-2.121220082044601440e-01
-3.956481814384460449e-01
5.809260606765747070e-01
-2.184772044420242310e-01
8.561199530959129333e-03
4.976900219917297363e-01
-8.054924011230468750e-01
6.393120437860488892e-02
-3.533980250358581543e-02
5.977060645818710327e-02
-3.270288109779357910e-01
-2.028878033161163330e-01
-5.179537534713745117e-01
-1.698454022407531738e-01
1.207315921783447266e-01
-2.915859222412109375e-02
4.639219492673873901e-02
3.152166679501533508e-02
2.571739852428436279e-01
2.985460162162780762e-01
3.644130006432533264e-02
2.731338702142238617e-02
-1.574677973985671997e-01
-1.640360057353973389e-01
2.292079925537109375e-01
-3.347600623965263367e-02
5.115579366683959961e-01
-5.164479613304138184e-01
-1.559659987688064575e-01
1.055779829621315002e-01
