-2.670455276966094971e-01
-6.609850376844406128e-02
-5.212033912539482117e-02
3.171734139323234558e-02
-7.158916592597961426e-01
-1.438266485929489136e-01
1.267550140619277954e-02
5.291712880134582520e-01
-3.857316672801971436e-01
-1.167755007743835449e+00
2.958999946713447571e-03
7.567215710878372192e-02
-4.077063500881195068e-01
1.654553264379501343e-01
1.671083271503448486e-02
-2.146149873733520508e-01
-2.651100158691406250e-01
2.575716674327850342e-01
3.464983403682708740e-01
-8.800917863845825195e-02
-3.643845021724700928e-01
-2.727316617965698242e-01
9.581500291824340820e-02
8.508499711751937866e-02
1.110749840736389160e-01
1.003683209419250488e-01
6.607183068990707397e-02
1.409050077199935913e-01
3.026648461818695068e-01
-2.817559242248535156e-01
-1.055033281445503235e-01
1.906926780939102173e-01
-6.233499944210052490e-02
1.542593240737915039e-01
-6.226966381072998047e-01
9.580951184034347534e-02
1.887518167495727539e-01
-3.532799780368804932e-01
-2.478133291006088257e-01
2.970149815082550049e-01
-3.009566664695739746e-01
3.046592175960540771e-01
-5.621916651725769043e-01
4.981211423873901367e-01
-4.499199688434600830e-01
-2.322575002908706665e-01
2.354783564805984497e-01
-1.898804754018783569e-01
2.040170133113861084e-03
-1.138666644692420959e-01
1.773541718721389771e-01
8.669730275869369507e-02
-4.088100418448448181e-02
1.463066693395376205e-02
-2.678029835224151611e-01
5.249966979026794434e-01
1.449033468961715698e-01
5.299016833305358887e-02
4.227833077311515808e-02
-4.908232986927032471e-01
3.383542001247406006e-01
3.584316670894622803e-01
-5.781533941626548767e-02
2.648358345031738281e-01
-1.698485016822814941e-01
-2.796418368816375732e-01
-6.008383631706237793e-01
-4.552750289440155029e-02
2.128873318433761597e-01
-2.266399003565311432e-02
-9.942617267370223999e-02
5.704473853111267090e-01
4.819733202457427979e-01
2.639266550540924072e-01
-4.173649847507476807e-01
-4.599243029952049255e-02
4.920400083065032959e-01
-2.656806707382202148e-01
-2.643366754055023193e-01
-7.132966071367263794e-02
-1.437901705503463745e-01
5.315966904163360596e-02
-1.968800276517868042e-02
-2.497680187225341797e-01
2.782026827335357666e-01
3.956666588783264160e-02
8.013749122619628906e-02
2.984904944896697998e-01
3.794733807444572449e-02
-2.887465059757232666e-01
1.250899862498044968e-02
-6.838666647672653198e-02
-4.148016870021820068e-01
-5.309833288192749023e-01
1.934583336114883423e-01
-7.569099962711334229e-02
1.397016644477844238e-01
-2.177024930715560913e-01
2.090976685285568237e-01
-4.558046758174896240e-01
-3.980701863765716553e-01
1.992178410291671753e-01
-9.098166227340698242e-02
7.474000006914138794e-02
-1.911583393812179565e-01
-3.012733161449432373e-01
-2.647283673286437988e-02
3.422453403472900391e-01
-7.542666792869567871e-02
3.151655197143554688e-03
-2.508006691932678223e-01
-1.480885148048400879e-01
7.975800335407257080e-02
1.266213208436965942e-01
1.978516578674316406e-01
-5.971799790859222412e-02
6.197666749358177185e-02
2.158211618661880493e-01
6.848182529211044312e-02
-1.936468333005905151e-01
5.413649678230285645e-01
-1.041678413748741150e-01
3.138683438301086426e-01
1.078483387827873230e-01
5.182899907231330872e-02
2.657283246517181396e-01
-4.638217017054557800e-02
1.155816614627838135e-01
-3.205566406250000000e-01
-8.848416805267333984e-02
-9.093967080116271973e-02
8.196000009775161743e-02
-5.797800421714782715e-01
1.827143430709838867e-01
1.182519197463989258e-01
-7.517749816179275513e-02
-1.590124964714050293e-01
-1.457708328962326050e-01
2.817633450031280518e-01
-9.923333674669265747e-02
-1.916433423757553101e-01
4.639111459255218506e-01
2.145829945802688599e-01
-1.581522226333618164e-01
-3.162363469600677490e-01
-1.108716893941164017e-02
-2.773214876651763916e-01
-4.014266654849052429e-02
3.971966803073883057e-01
-6.257633119821548462e-02
1.890421658754348755e-01
-5.197499692440032959e-02
7.663366943597793579e-02
-1.366008371114730835e-01
2.285576611757278442e-01
-1.020241603255271912e-01
1.019900068640708923e-01
-8.245333284139633179e-02
2.654581665992736816e-01
1.537681668996810913e-01
2.238433361053466797e-01
-2.264803200960159302e-01
-2.978358268737792969e-01
-7.320896536111831665e-02
-4.379563331604003906e-01
4.018316566944122314e-01
6.059832870960235596e-02
1.875703483819961548e-01
-1.044933423399925232e-01
2.713066525757312775e-02
1.780616641044616699e-01
2.642521560192108154e-01
-1.522533148527145386e-01
7.382032871246337891e-01
-2.446332573890686035e-02
-2.583268284797668457e-01
-1.394464969635009766e-01
-5.887516215443611145e-02
2.650983333587646484e-01
3.439849913120269775e-01
1.264050006866455078e-01
4.832817018032073975e-01
-1.200329512357711792e-03
-3.206076622009277344e-01
-2.760383188724517822e-01
-1.938400119543075562e-01
-3.264866471290588379e-01
1.635349988937377930e-01
3.618700802326202393e-02
4.895533025264739990e-01
4.302233457565307617e-01
2.020866870880126953e-01
1.148926615715026855e-01
1.911543160676956177e-01
-1.860724836587905884e-01
-8.833049982786178589e-02
7.805316895246505737e-02
-1.018016636371612549e-01
-4.748050272464752197e-01
-1.211136579513549805e-01
6.487616896629333496e-01
-8.543500304222106934e-02
4.603564739227294922e-01
4.759100377559661865e-01
6.062049791216850281e-02
-2.998813390731811523e-01
-4.838249981403350830e-01
1.837905049324035645e-01
1.071105003356933594e-01
-5.526533126831054688e-01
-4.925278127193450928e-01
6.502833217382431030e-02
-1.854758262634277344e-01
2.684766948223114014e-01
-3.525190055370330811e-01
2.477233260869979858e-01
1.402892172336578369e-01
-1.498499959707260132e-01
-1.246466636657714844e-01
-2.902400195598602295e-01
1.048803701996803284e-01
2.025468796491622925e-01
1.689749956130981445e-01
2.237046808004379272e-01
1.042504981160163879e-01
-1.150298714637756348e-01
1.546136736869812012e-01
1.443514972925186157e-01
6.778150051832199097e-02
3.485016822814941406e-01
3.554498078301548958e-03
3.951683342456817627e-01
3.089183010160923004e-02
-8.573099225759506226e-02
1.965528577566146851e-01
1.969876736402511597e-01
-1.057100072503089905e-01
-2.624788284301757812e-01
1.295266598463058472e-01
3.354426622390747070e-01
-1.861108094453811646e-01
-3.775421679019927979e-01
3.075700066983699799e-02
-1.875716894865036011e-01
-4.307626485824584961e-01
-1.796925067901611328e-01
1.398403197526931763e-01
-6.425832957029342651e-02
-5.708783492445945740e-02
2.701905071735382080e-01
-3.038036823272705078e-01
2.336339950561523438e-01
-1.027028337121009827e-01
-4.051617085933685303e-01
-1.529996693134307861e-01
8.583168499171733856e-03
-1.949216723442077637e-01
-1.961308270692825317e-01
1.510106623172760010e-01
8.127666264772415161e-02
3.580266535282135010e-01
-4.394483268260955811e-01
4.367299377918243408e-02
1.321223229169845581e-01
-9.735850244760513306e-02
1.535450201481580734e-02
4.741583168506622314e-01
4.065099656581878662e-01
2.170766741037368774e-01
5.417283177375793457e-01
-1.952020376920700073e-01
-1.350203305482864380e-01
2.864284813404083252e-01
-6.179191470146179199e-01
-3.603466451168060303e-01
2.549083232879638672e-01
-3.322506248950958252e-01
-1.822333335876464844e-01
-6.204966828227043152e-02
9.338334202766418457e-02
-1.976145058870315552e-01
-2.814043462276458740e-01
-3.422277867794036865e-01
-3.526200056076049805e-01
2.609066665172576904e-02
-4.719077050685882568e-02
-1.875283271074295044e-01
2.276296615600585938e-01
1.381700038909912109e-01
5.867037177085876465e-02
-2.315230220556259155e-01
-6.211616098880767822e-02
-3.530983626842498779e-01
-4.395499825477600098e-02
2.902933359146118164e-01
3.517570495605468750e-01
4.875066578388214111e-01
-6.164237856864929199e-01
6.166033819317817688e-02
2.478916645050048828e-01
