-2.681842446327209473e-01
4.857378080487251282e-02
-1.881276667118072510e-01
-7.065066695213317871e-02
-4.093810915946960449e-01
1.718151122331619263e-01
1.337066665291786194e-02
2.376517653465270996e-01
-2.817925214767456055e-01
-1.188985466957092285e+00
2.335776686668395996e-01
1.489512175321578979e-01
-2.823770046234130859e-01
1.503068953752517700e-01
-7.379221916198730469e-02
-6.587353069335222244e-03
-3.106677830219268799e-01
3.708079755306243896e-01
1.956167817115783691e-01
-2.813667058944702148e-02
-1.838681101799011230e-01
-2.732966654002666473e-02
2.052677795290946960e-02
2.260436713695526123e-01
8.284666389226913452e-02
1.886255443096160889e-01
1.273532062768936157e-01
1.747750639915466309e-01
2.312198728322982788e-01
-3.692617714405059814e-01
5.033330526202917099e-04
4.671633541584014893e-01
-1.933922618627548218e-01
-1.345894997939467430e-03
-7.727832794189453125e-01
-6.311176717281341553e-02
1.875424385070800781e-01
-3.740183115005493164e-01
-2.120835185050964355e-01
2.453516572713851929e-01
-1.457477807998657227e-01
4.732744395732879639e-02
-4.235648810863494873e-01
5.535585284233093262e-01
-2.544312477111816406e-01
-3.201779723167419434e-01
2.247834205627441406e-01
2.126263640820980072e-02
1.818303316831588745e-01
3.519999980926513672e-02
-1.346777845174074173e-02
2.156063318252563477e-01
-9.691089391708374023e-02
-3.650657460093498230e-02
-1.278368830680847168e-01
2.791028618812561035e-01
1.536388695240020752e-01
-2.161967009305953979e-02
1.440381109714508057e-01
-2.426146417856216431e-01
4.424839615821838379e-01
2.896563112735748291e-01
9.372443705797195435e-02
1.650242209434509277e-01
1.488786656409502029e-03
-1.865466535091400146e-01
-1.657650917768478394e-01
7.953774929046630859e-02
2.243550121784210205e-01
-3.402866721153259277e-01
-1.889474391937255859e-01
3.227488994598388672e-01
2.029882073402404785e-01
1.677006781101226807e-01
-5.942588448524475098e-01
-1.552699506282806396e-01
1.993055343627929688e-01
2.054832875728607178e-02
-1.107766777276992798e-01
-4.440966621041297913e-02
1.085149943828582764e-01
1.175164654850959778e-01
9.457400441169738770e-02
-4.516722261905670166e-01
6.596910208463668823e-02
5.941110849380493164e-02
-1.864407658576965332e-01
2.943817675113677979e-01
1.575844585895538330e-01
-6.893122196197509766e-02
6.295033544301986694e-02
8.229097723960876465e-02
-2.881537675857543945e-01
-4.930056035518646240e-01
3.160765469074249268e-01
-1.886776834726333618e-02
-7.199666649103164673e-02
-2.571757137775421143e-01
2.200397700071334839e-01
-4.333742260932922363e-01
-3.002534508705139160e-01
-7.465335726737976074e-02
4.712041094899177551e-02
-2.844288572669029236e-02
-1.465521156787872314e-01
-2.802132368087768555e-01
1.347877532243728638e-01
3.791738748550415039e-01
7.151477783918380737e-02
1.023494377732276917e-01
4.486335441470146179e-03
-1.519611477851867676e-02
2.550804316997528076e-01
3.742255270481109619e-02
-8.002901077270507812e-02
-5.991222336888313293e-02
-3.052026629447937012e-01
1.681686192750930786e-01
-9.533333592116832733e-03
-3.051046729087829590e-01
3.383395373821258545e-01
-8.739888668060302734e-02
5.757554993033409119e-02
-2.131566554307937622e-01
9.493122249841690063e-02
5.550221726298332214e-02
-2.999110333621501923e-02
1.163166910409927368e-01
-5.130388587713241577e-02
9.587112069129943848e-02
-1.405100338160991669e-02
-9.894055873155593872e-02
-2.916945517063140869e-01
1.191325560212135315e-01
4.404621198773384094e-02
-1.788616776466369629e-01
-7.701443880796432495e-02
-1.890231221914291382e-01
1.527841091156005859e-01
-7.479134202003479004e-02
-2.161313146352767944e-01
2.883338034152984619e-01
2.704853117465972900e-01
-1.381283402442932129e-01
-3.996691107749938965e-01
-1.722996234893798828e-01
-1.959930062294006348e-01
-1.897363364696502686e-01
1.128455698490142822e-01
-1.009316518902778625e-01
3.326484262943267822e-01
-2.510098814964294434e-01
-5.501497071236371994e-03
-1.975577920675277710e-01
1.062732785940170288e-01
1.302307844161987305e-01
3.043523430824279785e-01
-3.331477567553520203e-02
-2.287891227751970291e-03
-7.069222629070281982e-02
1.542145665735006332e-02
-1.853979080915451050e-01
-2.169805467128753662e-01
-1.152100041508674622e-02
-1.436102390289306641e-01
1.684829592704772949e-01
-6.202466785907745361e-02
2.211278304457664490e-02
-1.229256018996238708e-02
2.786773443222045898e-01
5.810756236314773560e-02
1.738357841968536377e-01
-1.996816843748092651e-01
3.881426751613616943e-01
-1.272264271974563599e-01
-2.483999729156494141e-02
-1.318945735692977905e-01
-1.333900261670351028e-02
9.635422378778457642e-02
3.200421929359436035e-01
-1.618682146072387695e-01
2.735552191734313965e-01
-2.774001359939575195e-01
-1.798112094402313232e-01
-2.782775461673736572e-01
-4.493122100830078125e-01
-2.945398390293121338e-01
2.222875952720642090e-01
2.324983477592468262e-01
2.544244527816772461e-01
3.611917495727539062e-01
2.154596596956253052e-01
1.711151599884033203e-01
4.109053611755371094e-01
-2.263381183147430420e-01
8.174410462379455566e-02
2.479497641324996948e-01
-9.523865580558776855e-02
-1.318233460187911987e-01
-2.696982324123382568e-01
9.304311275482177734e-01
-1.157427728176116943e-01
8.538555353879928589e-02
2.771219015121459961e-01
2.109905481338500977e-01
-3.632764518260955811e-01
-4.322482347488403320e-01
1.660605818033218384e-01
3.183877766132354736e-01
-3.299033343791961670e-01
-5.120692253112792969e-01
-6.813066452741622925e-02
-1.935938894748687744e-01
3.190732300281524658e-01
-3.260290920734405518e-01
-3.405077755451202393e-02
9.740412235260009766e-02
-1.130816638469696045e-01
-1.474833339452743530e-01
-3.656499981880187988e-01
2.621878124773502350e-02
-1.915352977812290192e-02
1.615047156810760498e-01
2.564177811145782471e-01
2.376902848482131958e-02
6.827408820390701294e-02
4.860711470246315002e-02
1.588340103626251221e-01
-1.164899952709674835e-02
3.088471591472625732e-01
-6.187077239155769348e-02
3.713291585445404053e-01
1.760555990040302277e-02
-4.253377914428710938e-01
3.683042228221893311e-01
-8.356664329767227173e-03
-9.542821347713470459e-02
2.565521933138370514e-02
1.433010995388031006e-01
2.540055513381958008e-01
-1.913485527038574219e-01
-1.579605638980865479e-01
-1.092752143740653992e-01
-7.517122477293014526e-02
-1.415942311286926270e-01
7.394877821207046509e-02
1.001832187175750732e-01
-2.335952371358871460e-01
-7.547044754028320312e-02
1.307699978351593018e-01
-1.449868679046630859e-01
1.510007828474044800e-01
-6.985944509506225586e-02
-2.104717791080474854e-01
-7.317466288805007935e-02
-1.530608832836151123e-01
2.948522269725799561e-01
-4.396954476833343506e-01
2.091464400291442871e-01
1.382879912853240967e-01
4.654066860675811768e-01
-2.544411122798919678e-01
-3.476142883300781250e-02
5.474277958273887634e-02
-1.507223248481750488e-01
-6.163222342729568481e-02
3.851135075092315674e-01
1.177063360810279846e-01
3.060555458068847656e-01
6.021211147308349609e-01
-1.821366697549819946e-01
-4.438462257385253906e-01
3.298333585262298584e-01
-3.427289724349975586e-01
-2.344902306795120239e-01
3.078333139419555664e-01
-8.525454998016357422e-01
4.122633486986160278e-02
-1.143223196268081665e-01
1.896255835890769958e-02
-2.954002320766448975e-01
-2.293495535850524902e-01
-3.400085866451263428e-01
-2.964655458927154541e-01
4.868599399924278259e-02
5.442900955677032471e-02
-1.477582007646560669e-01
4.069441929459571838e-02
1.967159956693649292e-01
1.678752303123474121e-01
-1.261253952980041504e-01
9.122843295335769653e-02
-1.211649030447006226e-01
-5.776888132095336914e-02
1.084913313388824463e-01
-6.818904075771570206e-04
5.023799538612365723e-01
-4.181473553180694580e-01
-8.134888112545013428e-02
9.129986912012100220e-02
