-2.401477247476577759e-01
-1.945221796631813049e-02
-1.796007752418518066e-01
4.899077862501144409e-02
-5.111377835273742676e-01
9.106098860502243042e-02
4.120511561632156372e-02
2.398142218589782715e-01
-5.281152129173278809e-01
-1.238168954849243164e+00
8.810300379991531372e-02
5.577421933412551880e-02
-3.106876611709594727e-01
1.396099925041198730e-01
-7.827789336442947388e-02
-1.447997838258743286e-01
-3.109833300113677979e-01
3.756906688213348389e-01
2.377556711435317993e-01
7.923299819231033325e-02
-7.892366498708724976e-02
-1.134737879037857056e-01
-2.540746144950389862e-02
1.737196892499923706e-01
-2.667112462222576141e-02
2.071634978055953979e-01
2.382010817527770996e-01
1.197539567947387695e-01
4.125887453556060791e-01
-5.203688740730285645e-01
-3.466588258743286133e-02
3.864722251892089844e-01
-2.629545331001281738e-01
-2.450466752052307129e-01
-7.600388526916503906e-01
4.282900318503379822e-02
2.559799849987030029e-01
-5.087177753448486328e-01
-2.449562251567840576e-01
1.586994528770446777e-01
-2.213651239871978760e-01
-6.143605709075927734e-02
-5.047593116760253906e-01
6.358255147933959961e-01
-2.310873419046401978e-01
-2.209385782480239868e-01
3.260858952999114990e-01
-3.762559592723846436e-02
9.553065896034240723e-02
7.516299188137054443e-02
5.563833191990852356e-02
2.337066829204559326e-01
-2.445185780525207520e-01
1.112955659627914429e-01
-1.651544421911239624e-01
4.850847423076629639e-01
2.014599889516830444e-01
4.352600127458572388e-02
-2.039067260921001434e-02
-3.874093592166900635e-01
4.948967695236206055e-01
1.926763355731964111e-01
2.686444297432899475e-02
2.705642282962799072e-01
-1.721455343067646027e-02
-1.032762154936790466e-01
-2.621707916259765625e-01
1.278681904077529907e-01
1.907487809658050537e-01
-1.453006565570831299e-01
-2.983000278472900391e-01
2.141073346138000488e-01
1.951204389333724976e-01
2.696483433246612549e-01
-4.391988515853881836e-01
-9.395340830087661743e-02
3.821911215782165527e-01
-1.245518773794174194e-01
-6.166110932826995850e-02
-1.353827714920043945e-01
2.633021771907806396e-02
1.757357716560363770e-01
2.810897529125213623e-01
-5.094721913337707520e-01
2.248865924775600433e-02
1.515072137117385864e-01
-2.489323019981384277e-01
2.457209974527359009e-01
1.943723112344741821e-01
-1.219446659088134766e-01
-4.302789270877838135e-02
9.661319106817245483e-02
-3.580389916896820068e-01
-5.251222252845764160e-01
2.840532064437866211e-01
-3.993754088878631592e-02
-6.663599610328674316e-02
-3.310045003890991211e-01
2.402605712413787842e-01
-5.595510601997375488e-01
-2.251449972391128540e-01
-5.246289446949958801e-02
4.600118473172187805e-02
1.200144439935684204e-01
-1.080698892474174500e-01
-2.718911170959472656e-01
5.221366137266159058e-02
3.501288592815399170e-01
1.455688774585723877e-01
4.125289246439933777e-02
-9.775823354721069336e-02
-3.975800052285194397e-02
2.523308992385864258e-01
-1.783121563494205475e-02
-1.283667683601379395e-01
-8.710777014493942261e-02
-2.821899652481079102e-01
1.872867196798324585e-01
-1.371555123478174210e-02
-2.459238916635513306e-01
4.733673632144927979e-01
-1.521171033382415771e-01
1.308172345161437988e-01
-1.090699806809425354e-01
1.239212229847908020e-01
1.015144512057304382e-01
8.125226013362407684e-03
6.874444335699081421e-02
-2.403716444969177246e-01
5.656100809574127197e-02
-3.523745760321617126e-02
-1.641811281442642212e-01
-2.886801958084106445e-01
1.293278932571411133e-01
4.704888164997100830e-02
-2.846499979496002197e-01
7.825000211596488953e-03
-4.551604017615318298e-02
1.214513257145881653e-01
-7.694733887910842896e-02
-3.294413387775421143e-01
1.864867955446243286e-01
2.000973373651504517e-01
-1.519491374492645264e-01
-3.214582204818725586e-01
-1.450835168361663818e-01
-3.033388853073120117e-01
-1.905196607112884521e-01
2.369688898324966431e-01
-1.779378801584243774e-01
2.436064332723617554e-01
-1.925426721572875977e-01
2.896433323621749878e-02
-9.441312402486801147e-02
1.305440068244934082e-01
9.748501330614089966e-02
2.680400013923645020e-01
1.587966829538345337e-02
3.650555387139320374e-02
-1.378056704998016357e-01
1.269156634807586670e-01
-1.099351122975349426e-01
-2.038388848304748535e-01
1.178066618740558624e-02
-3.803071081638336182e-01
2.796191871166229248e-01
-1.365473270416259766e-01
2.018602192401885986e-01
-8.908011019229888916e-02
2.035992294549942017e-01
6.958666443824768066e-02
3.452866673469543457e-01
-1.324455440044403076e-01
4.719015657901763916e-01
-3.526199609041213989e-02
2.401810884475708008e-02
-9.500011056661605835e-02
-1.312388777732849121e-01
9.674534201622009277e-02
2.806389033794403076e-01
-2.470444589853286743e-01
2.694858908653259277e-01
-2.869772315025329590e-01
-1.914141029119491577e-01
-3.706106543540954590e-01
-4.276966452598571777e-01
-2.136117666959762573e-01
1.756901592016220093e-01
3.227953314781188965e-01
2.694500386714935303e-01
4.598251581192016602e-01
3.786633536219596863e-02
1.071600466966629028e-01
2.901897132396697998e-01
-2.342036813497543335e-01
1.610433608293533325e-01
2.251501083374023438e-01
-1.425477862358093262e-01
-8.699777722358703613e-02
-2.663727700710296631e-01
9.139688014984130859e-01
-8.783110976219177246e-02
2.289082258939743042e-01
4.420422315597534180e-01
1.880657821893692017e-01
-3.592487871646881104e-01
-3.958793580532073975e-01
2.234677970409393311e-01
3.780192136764526367e-01
-4.627422094345092773e-01
-4.908270835876464844e-01
-7.968444377183914185e-03
-2.978022396564483643e-01
2.952896654605865479e-01
-4.157504439353942871e-01
1.316921878606081009e-02
3.427713811397552490e-01
-8.103612065315246582e-02
-1.842722296714782715e-01
-4.337333440780639648e-01
-2.992455475032329559e-02
-2.458200603723526001e-02
3.413377702236175537e-02
1.770922243595123291e-01
1.906151324510574341e-01
2.310556545853614807e-02
1.665400154888629913e-02
1.639945507049560547e-01
-9.337132424116134644e-02
3.235782980918884277e-01
3.725810348987579346e-02
3.375747501850128174e-01
-1.234493255615234375e-01
-1.891414523124694824e-01
3.134850263595581055e-01
-9.348899126052856445e-03
-1.932749897241592407e-01
-8.155629038810729980e-02
4.713220894336700439e-02
3.060251176357269287e-01
-1.680396646261215210e-01
-2.816092073917388916e-01
5.940210819244384766e-02
5.227776244282722473e-03
-2.298786640167236328e-01
5.433821678161621094e-02
1.819891035556793213e-01
-1.629441082477569580e-01
-1.370583176612854004e-01
1.839777678251266479e-01
-1.705900132656097412e-01
2.201225757598876953e-01
-1.881720125675201416e-01
-1.480406820774078369e-01
-1.233864352107048035e-01
-1.432968974113464355e-01
2.627610862255096436e-01
-3.832504451274871826e-01
6.284052878618240356e-02
4.590333253145217896e-02
6.219399571418762207e-01
-4.487864077091217041e-01
-7.286106701940298080e-03
-1.272348761558532715e-01
-9.501487761735916138e-02
-7.063622027635574341e-02
4.139788746833801270e-01
5.607444047927856445e-02
1.638644486665725708e-01
7.082933187484741211e-01
-2.498427033424377441e-01
-3.846468925476074219e-01
2.773728966712951660e-01
-3.871428966522216797e-01
-1.945984065532684326e-01
3.535011112689971924e-01
-7.509180307388305664e-01
-7.036478817462921143e-02
-2.988278269767761230e-01
1.468206103891134262e-02
-2.137942165136337280e-01
-2.644314467906951904e-01
-5.014811158180236816e-01
-1.851866543292999268e-01
1.183197796344757080e-01
-6.189399398863315582e-03
-1.023666746914386749e-02
7.348680496215820312e-02
1.920215487480163574e-01
1.430929005146026611e-01
-1.576337218284606934e-01
1.533443331718444824e-01
-1.681713610887527466e-01
-1.435706764459609985e-01
1.076633408665657043e-01
-8.604422211647033691e-02
5.679844021797180176e-01
-7.029425501823425293e-01
-1.251588910818099976e-01
1.480135619640350342e-01
