-2.193201333284378052e-01
-7.277999073266983032e-02
-2.960987091064453125e-01
-7.965009659528732300e-02
-6.427630186080932617e-01
2.055578976869583130e-01
-1.041900888085365295e-01
3.066218197345733643e-01
-5.435205101966857910e-01
-9.987109899520874023e-01
1.014102920889854431e-01
2.093729972839355469e-01
-4.593799710273742676e-01
7.577499002218246460e-02
-1.076590865850448608e-01
-2.218942344188690186e-01
-3.495889902114868164e-01
4.244619905948638916e-01
2.487290203571319580e-01
-2.376430667936801910e-02
-2.465956956148147583e-01
-1.890489906072616577e-01
-3.804989904165267944e-02
1.112339049577713013e-01
1.511289775371551514e-01
1.249110922217369080e-01
3.130424916744232178e-01
2.287545651197433472e-01
3.982329964637756348e-01
-5.713235735893249512e-01
2.593000186607241631e-03
4.354816079139709473e-01
-2.428797930479049683e-01
-1.819836944341659546e-01
-4.752549529075622559e-01
-1.512358933687210083e-01
3.780340552330017090e-01
-4.959799647331237793e-01
-2.940090000629425049e-01
2.593514919281005859e-01
-2.873540222644805908e-01
1.704223453998565674e-01
-5.241536498069763184e-01
7.150429487228393555e-01
-3.222326338291168213e-01
-2.967320978641510010e-01
1.825779080390930176e-01
-4.456165432929992676e-02
1.517263054847717285e-01
1.030292958021163940e-01
3.885950148105621338e-02
2.446139752864837646e-01
-1.429772078990936279e-01
3.089004661887884140e-03
-1.946766078472137451e-01
3.643823266029357910e-01
1.990430057048797607e-01
-4.971659928560256958e-02
-3.032410703599452972e-02
-5.019412636756896973e-01
4.071530699729919434e-01
2.129572927951812744e-01
4.798399657011032104e-02
1.608382910490036011e-01
-5.636719986796379089e-02
-4.770121723413467407e-02
-2.004567086696624756e-01
1.409524977207183838e-01
1.877371072769165039e-01
-2.389085739850997925e-01
-3.291500210762023926e-01
4.643333554267883301e-01
3.454874157905578613e-01
2.563236951828002930e-01
-5.885480046272277832e-01
-2.462479621171951294e-01
4.180060029029846191e-01
-1.904300898313522339e-01
-4.867370054125785828e-02
1.651550270617008209e-02
3.478079289197921753e-02
9.537279605865478516e-02
6.978994701057672501e-03
-5.825937986373901367e-01
4.633794538676738739e-03
7.936699688434600830e-02
-1.025631874799728394e-01
2.848092019557952881e-01
1.141810044646263123e-01
-1.243100017309188843e-01
8.978909254074096680e-02
1.098798662424087524e-01
-3.421587944030761719e-01
-4.683399796485900879e-01
2.610799968242645264e-01
-4.660199210047721863e-02
-1.135099492967128754e-02
-3.717320263385772705e-01
2.554715871810913086e-01
-4.568375647068023682e-01
-2.150700986385345459e-01
-6.234560534358024597e-02
-4.382732883095741272e-02
1.616057157516479492e-01
4.235800355672836304e-02
-2.438888996839523315e-01
2.071629837155342102e-02
4.265032708644866943e-01
1.069381982088088989e-01
8.936090022325515747e-02
-1.914008110761642456e-01
-1.021026000380516052e-01
2.305721938610076904e-01
1.181899085640907288e-01
-2.103972136974334717e-01
-1.459409743547439575e-01
-3.383379578590393066e-01
2.131590545177459717e-01
2.687080577015876770e-02
-2.043135166168212891e-01
5.322090387344360352e-01
-1.549946814775466919e-01
-7.229601033031940460e-03
-2.307250052690505981e-01
-2.548130229115486145e-02
1.923580318689346313e-01
-1.373229920864105225e-02
8.515720814466476440e-02
-1.706174910068511963e-01
-4.940130189061164856e-02
-1.729165911674499512e-01
-2.553309798240661621e-01
-4.298666119575500488e-01
1.080910116434097290e-01
1.626664102077484131e-01
-3.356190025806427002e-01
-2.290570177137851715e-02
-1.617135107517242432e-01
1.091057062149047852e-01
-2.374705970287322998e-01
-2.327370196580886841e-01
1.652947217226028442e-01
1.813196092844009399e-01
-1.936456263065338135e-01
-2.616750001907348633e-01
-1.785829961299896240e-01
-2.546500265598297119e-01
-2.811569869518280029e-01
2.938390374183654785e-01
-2.010717689990997314e-01
3.968029022216796875e-01
-1.218840032815933228e-01
2.415799908339977264e-02
-2.589253187179565430e-01
1.261253952980041504e-01
-3.227899596095085144e-02
2.508032023906707764e-01
4.836269840598106384e-02
-7.759899646043777466e-02
-1.758279800415039062e-01
5.067680031061172485e-02
-4.504790157079696655e-02
-2.781140208244323730e-01
-1.970203965902328491e-02
-3.961800038814544678e-01
2.979293465614318848e-01
-1.078297942876815796e-01
-1.315529830753803253e-02
-1.627095043659210205e-01
3.294809758663177490e-01
1.104239970445632935e-01
3.578346669673919678e-01
-7.878790050745010376e-02
6.290243864059448242e-01
1.051672101020812988e-01
-2.818119898438453674e-02
-8.337019383907318115e-02
-1.842045783996582031e-01
5.578880384564399719e-02
3.383359909057617188e-01
-3.603710234165191650e-01
3.911541104316711426e-01
-2.149297297000885010e-01
-2.230376899242401123e-01
-4.079936146736145020e-01
-4.463300108909606934e-01
-2.918438613414764404e-01
2.119076550006866455e-01
3.078495860099792480e-01
3.582839965820312500e-01
5.572075843811035156e-01
2.016649991273880005e-01
4.495304077863693237e-02
4.116870462894439697e-01
-3.283330798149108887e-01
1.694349944591522217e-01
1.658643037080764771e-01
-1.192886009812355042e-01
-1.857829988002777100e-01
-2.271547764539718628e-01
6.612489819526672363e-01
3.183200955390930176e-02
2.881265878677368164e-01
4.676629900932312012e-01
2.020429819822311401e-01
-3.168330192565917969e-01
-4.731189608573913574e-01
2.514280080795288086e-01
3.695554137229919434e-01
-5.230461359024047852e-01
-5.032944083213806152e-01
-9.825660288333892822e-02
-1.696780025959014893e-01
3.890880048274993896e-01
-4.512363970279693604e-01
7.857760041952133179e-02
3.485218882560729980e-01
-1.515429913997650146e-01
-2.586800158023834229e-01
-4.715139865875244141e-01
-1.216150745749473572e-01
8.707595057785511017e-03
9.677170217037200928e-02
3.037059903144836426e-01
8.603662252426147461e-02
-3.032384440302848816e-02
1.341635882854461670e-01
2.746207118034362793e-01
-1.011522039771080017e-01
3.497059047222137451e-01
-1.409670989960432053e-02
4.059039950370788574e-01
-1.493559777736663818e-01
-1.968223005533218384e-01
4.168455004692077637e-01
-1.847264021635055542e-01
-1.243138089776039124e-01
-2.583999000489711761e-02
8.271439373493194580e-02
3.025165796279907227e-01
-2.651824951171875000e-01
-3.077200055122375488e-01
2.000099513679742813e-03
-1.421420089900493622e-02
-2.561466097831726074e-01
5.260200053453445435e-02
1.444731056690216064e-01
-2.352389097213745117e-01
-6.782998889684677124e-02
2.108362019062042236e-01
-1.064579933881759644e-01
2.655387222766876221e-01
-1.726920008659362793e-01
-2.113575935363769531e-01
-2.820341885089874268e-01
-2.266381084918975830e-01
2.010490000247955322e-01
-3.704527020454406738e-01
1.360022127628326416e-01
1.742900349199771881e-02
5.801349878311157227e-01
-5.165227651596069336e-01
-1.378637999296188354e-01
-6.618019938468933105e-02
-1.648389995098114014e-01
-4.456204548478126526e-02
6.399529576301574707e-01
1.770664900541305542e-01
6.102900579571723938e-02
6.260060071945190430e-01
-2.227554321289062500e-01
-3.699992001056671143e-01
3.343911170959472656e-01
-4.489069879055023193e-01
-2.218769490718841553e-01
4.117170274257659912e-01
-5.149462223052978516e-01
-8.791090548038482666e-02
-3.104320466518402100e-01
1.095832958817481995e-01
-2.486004084348678589e-01
-2.992888092994689941e-01
-4.452618658542633057e-01
-2.944919764995574951e-01
2.593140006065368652e-01
9.476333111524581909e-02
-7.403695490211248398e-03
5.052210018038749695e-02
2.889494001865386963e-01
2.621566355228424072e-01
-1.733815073966979980e-01
1.742069274187088013e-01
-1.913001239299774170e-01
-2.733991947025060654e-03
1.563929915428161621e-01
1.047281995415687561e-01
5.595939755439758301e-01
-6.807052493095397949e-01
-1.658779978752136230e-01
1.205731853842735291e-01
