-1.026730388402938843e-01
2.732940390706062317e-02
-2.716713845729827881e-01
-1.469930112361907959e-01
-5.348199605941772461e-01
-3.627019375562667847e-02
3.554600477218627930e-02
3.401020169258117676e-01
-3.345806002616882324e-01
-1.218248009681701660e+00
-1.507822126150131226e-01
1.693539917469024658e-01
-3.115479946136474609e-01
1.691359281539916992e-02
1.523659974336624146e-01
-2.029999941587448120e-01
-1.321749985218048096e-01
4.291612207889556885e-01
2.070333957672119141e-01
8.395339548587799072e-02
-4.758119466714560986e-04
-1.510080136358737946e-02
-7.689779996871948242e-02
2.291298210620880127e-01
1.357963979244232178e-01
2.427829802036285400e-01
3.134858906269073486e-01
3.397160172462463379e-01
5.430339574813842773e-01
-5.186780095100402832e-01
3.749000281095504761e-02
3.565399944782257080e-01
-3.413923978805541992e-01
-3.535860031843185425e-02
-5.226579904556274414e-01
-1.146291941404342651e-01
2.071840018033981323e-01
-6.056020259857177734e-01
-1.724365800619125366e-01
3.110401704907417297e-02
-3.333880305290222168e-01
4.962139576673507690e-02
-7.142320275306701660e-01
7.644279599189758301e-01
-3.032791912555694580e-01
-1.247372031211853027e-01
2.794378101825714111e-01
2.232438419014215469e-03
5.400399677455425262e-03
-5.039197951555252075e-02
-2.085539847612380981e-01
3.606360256671905518e-01
-1.031078100204467773e-01
2.747100032866001129e-02
-6.514079868793487549e-02
4.859251976013183594e-01
1.180299967527389526e-01
-1.754393875598907471e-01
-5.671939998865127563e-02
-4.856143891811370850e-01
2.282911986112594604e-01
2.758565843105316162e-01
3.268239647150039673e-02
2.237194031476974487e-01
1.846933811902999878e-01
-2.056000195443630219e-02
-2.811239659786224365e-01
3.041242063045501709e-01
2.471518069505691528e-01
-2.688399516046047211e-02
-4.098060131072998047e-01
2.282007932662963867e-01
9.496700018644332886e-02
2.133826017379760742e-01
-4.493740200996398926e-01
-8.799737319350242615e-03
4.803820252418518066e-01
-2.287801951169967651e-01
1.246202038601040840e-03
4.017004277557134628e-03
-8.885799348354339600e-02
2.512303888797760010e-01
7.605800777673721313e-02
-4.793440401554107666e-01
2.798238769173622131e-02
9.250999987125396729e-02
-1.487137973308563232e-01
-7.821639627218246460e-02
2.660340070724487305e-01
-3.387119770050048828e-01
-2.803701162338256836e-02
8.842838928103446960e-03
-2.888399958610534668e-01
-5.419859886169433594e-01
5.432180166244506836e-01
-8.342640101909637451e-02
-3.876819908618927002e-01
-2.959608137607574463e-01
2.589319944381713867e-01
-3.820160031318664551e-01
-3.771353662014007568e-01
1.224534064531326294e-01
-1.013458594679832458e-01
1.657437980175018311e-01
-1.111299842596054077e-01
-4.971440434455871582e-01
2.885319888591766357e-01
2.467799931764602661e-01
1.946094036102294922e-01
-1.447589993476867676e-01
-3.586480021476745605e-01
-8.903200738131999969e-03
1.447923332452774048e-01
-1.311185956001281738e-01
-7.594840228557586670e-02
-2.200696021318435669e-01
-2.510399818420410156e-01
2.569020092487335205e-01
1.697299778461456299e-01
-2.314734160900115967e-01
4.238620400428771973e-01
-3.003720045089721680e-01
1.846713870763778687e-01
-2.315140068531036377e-01
1.116896718740463257e-01
2.123328149318695068e-01
-1.800120025873184204e-01
1.353860050439834595e-01
-3.162330090999603271e-01
5.290599912405014038e-02
-2.777675986289978027e-01
6.217199563980102539e-02
-4.101399779319763184e-01
7.400200515985488892e-02
1.359878033399581909e-01
-1.115390062332153320e-01
-5.077274888753890991e-02
-2.416700124740600586e-01
-2.921999618411064148e-02
-4.591440036892890930e-02
-1.952145695686340332e-01
2.502708435058593750e-01
9.850160032510757446e-02
-9.788596630096435547e-02
-4.862443804740905762e-01
-1.957720071077346802e-01
-2.648499906063079834e-01
-4.675203468650579453e-03
3.550199866294860840e-01
-6.166958808898925781e-02
4.354169964790344238e-01
-2.997040152549743652e-01
-1.020702123641967773e-01
4.812002298422157764e-04
1.939388662576675415e-01
8.412919938564300537e-02
4.616560041904449463e-01
1.551814079284667969e-01
-5.775559693574905396e-02
1.131600141525268555e-02
5.834639072418212891e-02
1.736508160829544067e-01
-4.765700548887252808e-02
-8.097620308399200439e-02
-4.089379906654357910e-01
1.946433335542678833e-01
-1.146719902753829956e-01
-3.624219819903373718e-02
-1.836181282997131348e-01
1.194881945848464966e-01
5.737999826669692993e-02
4.651460051536560059e-01
-1.721859872341156006e-01
3.305901885032653809e-01
1.959984004497528076e-01
-2.572939358651638031e-02
-5.178260058164596558e-02
-2.110280096530914307e-01
1.494178026914596558e-01
1.061919927597045898e-01
-1.555325984954833984e-01
3.156389892101287842e-01
-2.266141921281814575e-01
-1.966561973094940186e-01
-2.722769975662231445e-01
-3.688027858734130859e-01
-2.915177643299102783e-01
2.898570895195007324e-01
2.909960150718688965e-01
2.897755801677703857e-01
3.242387175559997559e-01
7.358579337596893311e-02
4.910898394882678986e-03
4.086279869079589844e-01
-4.052440226078033447e-01
1.546220034360885620e-01
2.457063943147659302e-01
-3.348672091960906982e-01
-8.547540009021759033e-02
-2.430627793073654175e-01
8.978918790817260742e-01
1.763100177049636841e-01
1.501420140266418457e-02
3.838536739349365234e-01
2.750200033187866211e-02
-3.176760077476501465e-01
-4.741159975528717041e-01
1.869760006666183472e-01
3.024190366268157959e-01
-4.540459513664245605e-01
-4.877420067787170410e-01
-9.073120355606079102e-02
-1.886665970087051392e-01
1.241314038634300232e-01
-4.478954374790191650e-01
-6.773819774389266968e-02
1.832355260848999023e-01
-8.138378709554672241e-02
-2.381580173969268799e-01
-2.536559998989105225e-01
-1.480881869792938232e-01
-3.084700740873813629e-02
2.397300004959106445e-01
3.554840087890625000e-01
-1.991860195994377136e-02
-1.074670404195785522e-01
6.656560301780700684e-02
8.347400464117527008e-03
-1.766701936721801758e-01
3.716349899768829346e-01
1.238113865256309509e-01
5.680040121078491211e-01
-9.453760087490081787e-02
-1.163300052285194397e-01
3.924559950828552246e-01
-1.001636013388633728e-01
-2.328288108110427856e-01
-1.629838049411773682e-01
2.101999968290328979e-01
1.237840056419372559e-01
-3.372084200382232666e-01
-3.395519852638244629e-01
5.751540511846542358e-02
3.331001102924346924e-02
-7.931200414896011353e-02
2.336139976978302002e-01
1.528382003307342529e-01
6.851820647716522217e-02
1.390094012022018433e-01
4.472559988498687744e-01
4.365400224924087524e-02
2.751646041870117188e-01
-1.401956081390380859e-01
-7.534319907426834106e-02
-4.137639999389648438e-01
-1.752279996871948242e-01
8.810400217771530151e-02
-2.501758038997650146e-01
2.070359885692596436e-02
-3.620139881968498230e-02
3.800252079963684082e-01
-5.795960426330566406e-01
-2.710299752652645111e-02
-2.233014106750488281e-01
-5.322396755218505859e-03
-1.386532038450241089e-01
3.354219794273376465e-01
1.479659974575042725e-01
1.208044067025184631e-01
6.126860380172729492e-01
-3.020076155662536621e-01
-5.541119575500488281e-01
1.931400001049041748e-01
-4.472859799861907959e-01
-3.464478999376296997e-02
1.152598038315773010e-01
-5.668820142745971680e-01
-6.930979341268539429e-02
-1.416758000850677490e-01
4.345060139894485474e-02
-1.891528069972991943e-01
-1.798768043518066406e-01
-5.343939661979675293e-01
-2.082888185977935791e-01
1.504313945770263672e-01
-9.030820429325103760e-02
-3.759599849581718445e-02
7.703179866075515747e-02
1.576925963163375854e-01
3.331062197685241699e-01
-1.615105867385864258e-01
1.791692078113555908e-01
-1.636084020137786865e-01
-3.323239982128143311e-01
2.504256367683410645e-01
4.226000234484672546e-02
4.854999482631683350e-01
-5.888925790786743164e-01
-2.507855892181396484e-01
1.171200126409530640e-01
