-3.682155311107635498e-01
6.063163280487060547e-03
-2.234636545181274414e-01
-1.455833553336560726e-03
-7.167549729347229004e-01
3.930149972438812256e-02
-3.465433418750762939e-02
9.895083308219909668e-02
-2.933395206928253174e-01
-9.232816696166992188e-01
6.098483130335807800e-02
-3.570783138275146484e-02
-4.529933035373687744e-01
2.058401554822921753e-01
-6.628832966089248657e-02
-1.448455452919006348e-01
-3.860483169555664062e-01
4.940933287143707275e-01
2.216526716947555542e-01
-4.689833521842956543e-02
-2.091016769409179688e-01
-2.215043306350708008e-01
-1.361431479454040527e-01
1.945461630821228027e-01
-1.842063218355178833e-01
3.111433684825897217e-01
2.179086655378341675e-01
-3.740072622895240784e-02
3.717381954193115234e-01
-4.261899888515472412e-01
-1.835416555404663086e-01
3.243650197982788086e-01
-1.879003196954727173e-01
-2.103155106306076050e-01
-6.695366501808166504e-01
1.526889950037002563e-01
4.490716457366943359e-01
-4.423350095748901367e-01
-3.638483285903930664e-01
2.331025153398513794e-01
-3.134782984852790833e-02
5.223616585135459900e-02
-3.672416508197784424e-01
6.838294863700866699e-01
-2.282176762819290161e-01
-2.387208193540573120e-01
1.819153428077697754e-01
-1.409851461648941040e-01
2.820866368710994720e-02
1.041636690497398376e-01
5.540166795253753662e-02
2.477523237466812134e-01
-1.723631620407104492e-01
1.813014894723892212e-01
1.139965374022722244e-02
2.859787344932556152e-01
-3.610999882221221924e-02
3.155716881155967712e-02
-2.761666476726531982e-02
-4.858150184154510498e-01
4.328608512878417969e-01
9.966433793306350708e-02
3.059716522693634033e-01
5.462583899497985840e-02
-7.148000597953796387e-02
-1.062628254294395447e-01
-1.679078340530395508e-01
1.816333383321762085e-01
4.013149738311767578e-01
-1.567136645317077637e-01
-3.624061644077301025e-01
3.202883303165435791e-01
2.027916461229324341e-01
1.225799992680549622e-01
-5.433849692344665527e-01
-9.236166626214981079e-02
1.359983235597610474e-01
-1.166500151157379150e-03
-1.697733402252197266e-01
-2.100883610546588898e-02
4.940151050686836243e-02
1.222566738724708557e-01
2.163443118333816528e-01
-3.847496509552001953e-01
2.969583570957183838e-01
8.723166584968566895e-02
-1.455186754465103149e-01
3.870071470737457275e-01
-2.712666057050228119e-02
-9.758266806602478027e-02
-1.128964647650718689e-01
9.414810687303543091e-02
-2.751481533050537109e-01
-6.477766633033752441e-01
3.407783508300781250e-01
-1.877999119460582733e-02
-5.809332802891731262e-02
-2.667225301265716553e-01
2.019814997911453247e-01
-3.751813173294067383e-01
-1.911950111389160156e-01
1.839227788150310516e-02
8.163011074066162109e-02
-3.703107358887791634e-03
-1.726883202791213989e-01
-3.276416659355163574e-01
-4.836335778236389160e-02
1.777870059013366699e-01
-1.629500649869441986e-02
-4.283336456865072250e-03
-5.667383596301078796e-02
-3.341916203498840332e-02
2.331930249929428101e-01
1.981281638145446777e-01
-5.797883495688438416e-02
-5.578333139419555664e-02
-2.423976659774780273e-01
2.740446031093597412e-01
3.934616595506668091e-02
-2.492995113134384155e-01
3.876975476741790771e-01
-1.092906594276428223e-01
6.227833032608032227e-02
-3.390416800975799561e-01
-2.248133532702922821e-02
8.176832646131515503e-02
-5.395496729761362076e-03
3.485500812530517578e-02
-2.610875070095062256e-01
-6.533599644899368286e-02
1.035200525075197220e-02
-5.869567394256591797e-05
-4.168166816234588623e-01
2.477900236845016479e-01
5.889332666993141174e-02
-1.534924954175949097e-01
1.567503362894058228e-01
-1.164083257317543030e-01
3.417433500289916992e-01
-1.660310029983520508e-01
-2.274899929761886597e-01
2.622073590755462646e-01
-2.553661586716771126e-03
-1.996574997901916504e-01
-2.215654850006103516e-01
-2.839154899120330811e-01
-4.980783537030220032e-02
-3.013966679573059082e-01
2.576816678047180176e-01
-7.267566770315170288e-02
3.848043382167816162e-01
-2.887749969959259033e-01
-3.457716852426528931e-02
-2.658291757106781006e-01
1.983045190572738647e-01
-2.975083328783512115e-02
4.482983350753784180e-01
-4.456216469407081604e-02
-4.602682963013648987e-02
-1.098449900746345520e-01
3.762501478195190430e-02
-1.659225076436996460e-01
-2.210691571235656738e-01
-4.894116520881652832e-02
-2.730398178100585938e-01
1.987244486808776855e-01
-1.818081736564636230e-01
1.552183274179697037e-02
6.643738597631454468e-02
2.651736438274383545e-01
1.911079883575439453e-01
3.037716448307037354e-01
-1.377716660499572754e-01
6.568133234977722168e-01
6.546670105308294296e-03
-9.402182698249816895e-02
-2.074321955442428589e-01
-1.814476698637008667e-01
2.124739736318588257e-01
2.236250042915344238e-01
-4.062733352184295654e-01
3.824551403522491455e-01
-3.212016820907592773e-01
-5.164350196719169617e-02
-4.085518419742584229e-01
-4.132616519927978516e-01
-2.935501635074615479e-01
6.736008077859878540e-02
3.711633384227752686e-01
2.307416796684265137e-01
4.128010272979736328e-01
4.955850541591644287e-02
2.453704327344894409e-01
3.746741712093353271e-01
-3.321973383426666260e-01
1.322578340768814087e-01
3.798949718475341797e-01
-1.263763308525085449e-01
-1.473666578531265259e-01
-3.043323159217834473e-01
8.325650095939636230e-01
-1.753167249262332916e-02
2.349781543016433716e-01
3.563266992568969727e-01
2.282304912805557251e-01
-4.428896903991699219e-01
-4.499349892139434814e-01
3.472536504268646240e-01
2.281783372163772583e-01
-2.503151595592498779e-01
-6.138638257980346680e-01
-3.867016360163688660e-02
-2.209499664604663849e-02
3.829916715621948242e-01
-4.592023789882659912e-01
1.078466773033142090e-01
2.334631085395812988e-01
-1.481933444738388062e-01
-2.364116907119750977e-01
-3.179566860198974609e-01
-2.031701803207397461e-01
1.727835536003112793e-01
1.160334944725036621e-01
1.226745024323463440e-01
4.503754898905754089e-02
2.326613105833530426e-02
4.881066456437110901e-02
1.680998355150222778e-01
1.096696630120277405e-01
1.223111674189567566e-01
-2.129715494811534882e-02
4.254849851131439209e-01
3.155405400320887566e-03
-4.414266645908355713e-01
5.395833253860473633e-01
7.198566943407058716e-02
-7.050365954637527466e-02
-1.424050331115722656e-02
-3.612199798226356506e-02
1.874194592237472534e-01
-1.720988303422927856e-01
-4.032121598720550537e-01
-3.025483153760433197e-02
-2.590500004589557648e-02
-1.710233539342880249e-01
-4.100083559751510620e-02
1.803725361824035645e-01
-3.401083126664161682e-02
-6.939283013343811035e-02
2.335866689682006836e-01
-3.673570156097412109e-01
2.796654999256134033e-01
-1.954890936613082886e-01
-1.878809928894042969e-01
-1.516833454370498657e-01
-2.157359868288040161e-01
8.534333854913711548e-02
-4.398014843463897705e-01
1.744578331708908081e-01
1.449796706438064575e-01
4.090874493122100830e-01
-2.728730142116546631e-01
-1.016430035233497620e-01
-7.574333995580673218e-02
-1.461061686277389526e-01
-8.437816053628921509e-02
5.482266545295715332e-01
2.050871700048446655e-01
3.176976740360260010e-01
5.286383032798767090e-01
-3.635549843311309814e-01
-3.577798306941986084e-01
2.299100011587142944e-01
-2.754141986370086670e-01
-2.873966693878173828e-01
5.698183178901672363e-01
-8.314866423606872559e-01
1.034116744995117188e-01
-5.413167551159858704e-02
-3.162616491317749023e-02
-3.193261325359344482e-01
-1.747110038995742798e-01
-5.183079838752746582e-01
-1.796895116567611694e-01
5.952233076095581055e-02
-1.389219909906387329e-01
-5.327999591827392578e-02
1.521896570920944214e-01
3.266244828701019287e-01
3.553853332996368408e-01
-1.508005112409591675e-01
4.072299972176551819e-02
-2.281548380851745605e-01
-6.728166341781616211e-02
2.256683111190795898e-01
1.234483346343040466e-01
3.421500027179718018e-01
-5.278654694557189941e-01
-3.858000040054321289e-01
3.762834146618843079e-02
