-2.272433042526245117e-01
1.762000024318695068e-01
-1.147874966263771057e-01
-9.579874575138092041e-02
-5.081624984741210938e-01
1.033672392368316650e-01
1.589499786496162415e-02
2.391197532415390015e-01
-2.560107409954071045e-01
-1.138232469558715820e+00
4.372522234916687012e-04
8.782751113176345825e-02
-2.505642771720886230e-01
2.670475244522094727e-01
6.963250041007995605e-02
-2.739024758338928223e-01
-2.248400151729583740e-01
4.147815108299255371e-01
1.276915073394775391e-01
1.530700027942657471e-01
-2.500624954700469971e-01
-1.470339894294738770e-01
-1.401274949312210083e-01
1.544167399406433105e-01
2.606205046176910400e-01
3.986625075340270996e-01
3.414264917373657227e-01
2.829374969005584717e-01
4.239450097084045410e-01
-5.163725018501281738e-01
7.568251341581344604e-03
3.478425145149230957e-01
-6.380254775285720825e-02
1.435792446136474609e-01
-4.464874863624572754e-01
-6.190900132060050964e-02
4.150200188159942627e-01
-6.124150156974792480e-01
-3.767650127410888672e-01
2.390699982643127441e-01
-2.211152464151382446e-01
-2.283824793994426727e-02
-6.485824584960937500e-01
8.975424766540527344e-01
-3.504689931869506836e-01
-5.250837206840515137e-01
3.272674977779388428e-01
-9.059195220470428467e-02
2.417729943990707397e-01
-7.022750377655029297e-02
3.360010683536529541e-03
3.947374820709228516e-01
2.855724841356277466e-02
2.588952183723449707e-01
1.711549907922744751e-01
4.116007387638092041e-01
5.090500041842460632e-02
-1.816717386245727539e-01
-1.569249927997589111e-01
-3.644125163555145264e-01
3.745087385177612305e-01
1.140139997005462646e-01
2.593999356031417847e-02
3.137850165367126465e-01
5.480575188994407654e-02
1.810525059700012207e-01
-1.436674892902374268e-01
3.185924887657165527e-01
3.139324784278869629e-01
-8.946549147367477417e-02
-1.967950016260147095e-01
3.892009854316711426e-01
8.137249201536178589e-02
1.545025110244750977e-01
-5.368924736976623535e-01
-6.645300239324569702e-02
3.019775152206420898e-01
-6.941325217485427856e-02
-4.450750350952148438e-02
-8.538025617599487305e-02
1.418549865484237671e-01
2.664507925510406494e-01
2.853074967861175537e-01
-3.694375157356262207e-01
-7.432000339031219482e-02
-9.587500989437103271e-02
-4.220050573348999023e-02
2.025589942932128906e-01
6.589750200510025024e-02
-1.835524886846542358e-01
-5.016920715570449829e-02
-1.012703180313110352e-01
-1.008812487125396729e-01
-6.713299751281738281e-01
9.301501512527465820e-02
1.296525001525878906e-01
-1.012600064277648926e-01
-4.901224970817565918e-01
2.707032561302185059e-01
-3.415625095367431641e-01
-2.134842574596405029e-01
-1.176473349332809448e-01
2.640701532363891602e-01
1.595324603840708733e-03
-4.459974169731140137e-02
-3.837197422981262207e-01
1.920775026082992554e-01
5.426750183105468750e-01
1.890907436609268188e-01
5.256249755620956421e-02
6.316425651311874390e-02
5.653625726699829102e-02
1.945852488279342651e-01
-4.193399846553802490e-02
-1.014782488346099854e-01
-3.203474879264831543e-01
-2.722392380237579346e-01
4.603425264358520508e-01
-2.131000161170959473e-02
-5.533499717712402344e-01
3.001974821090698242e-01
-3.544650077819824219e-01
1.235829964280128479e-01
-2.773749828338623047e-01
1.747134923934936523e-01
1.263506710529327393e-03
-3.493257462978363037e-01
2.008350193500518799e-02
-2.541112601757049561e-01
5.820850282907485962e-02
-1.192372441291809082e-01
-2.293054759502410889e-02
-3.191365003585815430e-01
2.452850043773651123e-01
8.472399413585662842e-02
-2.669187784194946289e-01
2.478825002908706665e-01
-2.130025029182434082e-01
1.290437579154968262e-01
-1.946794986724853516e-01
-1.095599979162216187e-01
3.040535449981689453e-01
1.775119900703430176e-01
-3.954900205135345459e-01
-2.427822649478912354e-01
-1.782179921865463257e-01
-3.142449855804443359e-01
-1.914474964141845703e-01
1.533624976873397827e-01
-2.638124860823154449e-02
4.581890106201171875e-01
-3.751524686813354492e-01
-1.993557512760162354e-01
-1.352040022611618042e-01
1.921396255493164062e-01
3.247249871492385864e-02
8.252099752426147461e-01
-5.056574940681457520e-02
9.610250592231750488e-02
-1.136499941349029541e-01
-4.745524376630783081e-02
-8.324249833822250366e-02
-2.436937689781188965e-01
-8.373725414276123047e-02
-1.496177315711975098e-01
1.385391652584075928e-01
-2.441252619028091431e-01
-2.194082587957382202e-01
-1.234236806631088257e-01
2.837874889373779297e-01
2.598750591278076172e-02
4.073099792003631592e-01
-3.199499845504760742e-02
6.500049829483032227e-01
1.134375035762786865e-01
-6.705749779939651489e-02
-1.375632584095001221e-01
1.090600192546844482e-01
1.392345130443572998e-01
1.514850109815597534e-01
-2.757124900817871094e-01
4.290750026702880859e-01
-5.437150001525878906e-01
-2.196202427148818970e-01
-2.464350163936614990e-01
-3.705900013446807861e-01
-4.782352447509765625e-01
1.630411297082901001e-02
4.165149927139282227e-01
7.484000176191329956e-02
4.530400037765502930e-01
2.878174781799316406e-01
4.120326340198516846e-01
3.803542554378509521e-01
-3.222717642784118652e-01
4.475000128149986267e-02
5.763049721717834473e-01
-1.664920002222061157e-01
-2.695524990558624268e-01
-4.689484834671020508e-01
6.826850175857543945e-01
-1.122175008058547974e-01
6.502675265073776245e-02
4.045867621898651123e-01
4.262574911117553711e-01
-4.289549887180328369e-01
-2.586725056171417236e-01
3.917050063610076904e-01
1.503950059413909912e-01
-4.808999896049499512e-01
-8.152800202369689941e-01
2.075167596340179443e-01
-6.395900994539260864e-02
3.949130177497863770e-01
-4.736792445182800293e-01
-1.618099808692932129e-01
5.701974630355834961e-01
-1.701525002717971802e-01
-2.540300190448760986e-01
-3.337574899196624756e-01
-2.210802435874938965e-01
1.906687468290328979e-01
2.931327521800994873e-01
3.153305053710937500e-01
-6.649325788021087646e-02
-1.554410457611083984e-01
5.245550721883773804e-02
-4.004999995231628418e-03
1.237897574901580811e-01
3.123762607574462891e-01
-2.169104665517807007e-01
5.754500031471252441e-01
-1.342086493968963623e-01
-3.534975051879882812e-01
4.619950056076049805e-01
-3.620399534702301025e-02
-2.270684838294982910e-01
1.483500003814697266e-02
9.534449875354766846e-02
1.329391747713088989e-01
-6.054024696350097656e-01
-4.325150251388549805e-01
6.063950434327125549e-02
1.186549961566925049e-01
1.914800107479095459e-01
2.830324769020080566e-01
1.202294975519180298e-01
-2.594587206840515137e-01
5.202675238251686096e-02
6.905749440193176270e-02
-1.188449934124946594e-01
1.289372593164443970e-01
-4.283999651670455933e-02
-1.898915022611618042e-01
-3.983525037765502930e-01
-2.091560065746307373e-01
1.775750219821929932e-01
-3.640047609806060791e-01
1.349699869751930237e-02
-7.325500249862670898e-02
7.495725154876708984e-01
-3.885030150413513184e-01
1.746955066919326782e-01
-1.163350045680999756e-01
2.678499743342399597e-02
-1.651477515697479248e-01
4.190955162048339844e-01
2.373374849557876587e-01
3.318674862384796143e-01
6.309325098991394043e-01
-2.777250111103057861e-01
-3.012502491474151611e-01
5.782675147056579590e-01
-5.701450109481811523e-01
-2.862875163555145264e-01
4.400700330734252930e-01
-5.630750060081481934e-01
-1.037575006484985352e-01
-1.048097386956214905e-01
2.640407681465148926e-01
-2.127679884433746338e-01
-7.716849446296691895e-02
-7.324000000953674316e-01
-2.694617509841918945e-01
5.355500057339668274e-02
-1.120859980583190918e-01
-7.108750194311141968e-02
1.366145014762878418e-01
2.722892463207244873e-01
3.096177577972412109e-01
-1.512012481689453125e-01
1.702244877815246582e-01
-1.791747659444808960e-01
-3.308174908161163330e-01
2.094704806804656982e-01
-6.542499363422393799e-02
4.183649718761444092e-01
-5.548825263977050781e-01
-1.381999999284744263e-01
-1.324643045663833618e-01
