-3.679096102714538574e-01
3.892185539007186890e-02
-1.472091525793075562e-01
7.225923240184783936e-02
-5.620216131210327148e-01
-1.484515238553285599e-02
9.620706737041473389e-02
1.314071565866470337e-01
-2.668879628181457520e-01
-1.050399184226989746e+00
1.106483116745948792e-01
2.781084924936294556e-02
-2.850257754325866699e-01
1.273069977760314941e-01
-1.026763841509819031e-01
-1.206408813595771790e-01
-2.773684859275817871e-01
3.785689473152160645e-01
2.066005319356918335e-01
-1.886030286550521851e-02
-6.127921398729085922e-03
-1.989630907773971558e-01
7.738762069493532181e-03
9.978414326906204224e-02
-2.538875639438629150e-01
2.434023022651672363e-01
6.537628918886184692e-02
1.414285600185394287e-01
3.194064795970916748e-01
-2.969030737876892090e-01
-1.311671584844589233e-01
3.479661345481872559e-01
-1.833479255437850952e-01
-2.481094449758529663e-01
-7.792346477508544922e-01
6.374561786651611328e-02
3.144899904727935791e-01
-4.623792469501495361e-01
-1.890250742435455322e-01
1.215300112962722778e-01
-3.879022970795631409e-02
3.484141454100608826e-02
-4.568418264389038086e-01
5.264567136764526367e-01
-2.642017006874084473e-01
-2.444536089897155762e-01
6.876729428768157959e-02
-6.636030226945877075e-02
7.312499731779098511e-02
4.572038352489471436e-02
1.839896142482757568e-01
1.550964713096618652e-01
-2.003335356712341309e-01
8.615354448556900024e-02
-7.762153632938861847e-03
3.123627007007598877e-01
5.646383762359619141e-02
9.325215220451354980e-02
7.065661996603012085e-02
-2.990446388721466064e-01
5.361193418502807617e-01
1.708194315433502197e-01
1.890622228384017944e-01
1.173510029911994934e-01
-5.777292698621749878e-02
-2.182492464780807495e-01
-2.574933767318725586e-01
1.250549107789993286e-01
2.475073933601379395e-01
-2.520093321800231934e-01
-2.650036215782165527e-01
2.798303067684173584e-01
1.977341473102569580e-01
2.312649935483932495e-01
-3.736561536788940430e-01
5.225564353168010712e-03
1.689292490482330322e-01
9.698538109660148621e-03
-8.393384516239166260e-02
-6.413584202527999878e-02
4.201226402074098587e-03
6.957623362541198730e-02
1.490769982337951660e-01
-3.236705958843231201e-01
3.139436841011047363e-01
1.118800118565559387e-01
-1.117103025317192078e-01
3.384371399879455566e-01
2.048940062522888184e-01
-6.528984010219573975e-02
1.646847650408744812e-02
1.670074760913848877e-01
-3.176399469375610352e-01
-4.830945730209350586e-01
3.952237665653228760e-01
-8.709304966032505035e-03
-6.309723109006881714e-02
-1.614065468311309814e-01
2.047310769557952881e-01
-4.772798418998718262e-01
-2.904385924339294434e-01
6.425897777080535889e-02
-3.507450595498085022e-02
1.012009941041469574e-02
-2.835183739662170410e-01
-3.339676856994628906e-01
6.907484680414199829e-02
2.208265364170074463e-01
5.999307334423065186e-02
6.056968122720718384e-02
-4.836300387978553772e-02
-1.916736066341400146e-01
2.655117809772491455e-01
1.509883105754852295e-01
-3.463415801525115967e-02
3.081008419394493103e-02
-9.114507585763931274e-02
1.558752357959747314e-01
6.912961602210998535e-02
-1.781091690063476562e-01
3.221678137779235840e-01
-7.168699800968170166e-02
1.594506055116653442e-01
-2.467130571603775024e-01
1.891222968697547913e-02
9.897755086421966553e-02
1.834031566977500916e-02
1.648076996207237244e-02
-2.445753663778305054e-01
2.519309520721435547e-03
-4.968922957777976990e-02
-8.273708820343017578e-02
-4.303286373615264893e-01
1.771583855152130127e-01
-7.521455734968185425e-02
-1.859484612941741943e-01
4.518390633165836334e-03
-7.192716002464294434e-02
3.353324532508850098e-01
-8.438476920127868652e-02
-3.198817074298858643e-01
2.709486782550811768e-01
1.309961378574371338e-01
-1.207497939467430115e-01
-2.943184971809387207e-01
-1.795319020748138428e-01
-1.028925478458404541e-01
-3.013434410095214844e-01
3.555223047733306885e-01
-6.502246111631393433e-02
3.204627335071563721e-01
-2.180287688970565796e-01
1.072245649993419647e-02
-1.742010861635208130e-01
1.127910166978836060e-01
-2.553576603531837463e-02
3.406153917312622070e-01
-6.438924930989742279e-03
-2.887623198330402374e-02
-1.194008439779281616e-01
-1.974684186279773712e-02
-2.612562477588653564e-01
-2.927800416946411133e-01
-6.628353893756866455e-02
-2.546632885932922363e-01
2.176591753959655762e-01
-2.559315785765647888e-02
2.079355865716934204e-01
2.010947652161121368e-02
2.262905389070510864e-01
1.598653048276901245e-01
2.637423276901245117e-01
-1.383430808782577515e-01
5.524202585220336914e-01
-1.131098344922065735e-01
-4.478268325328826904e-02
-9.059030562639236450e-02
-2.241800725460052490e-01
1.288678348064422607e-01
2.278976738452911377e-01
-2.125315517187118530e-01
2.346164435148239136e-01
-2.428808361291885376e-01
-1.615199893712997437e-01
-2.743174731731414795e-01
-3.836138844490051270e-01
-1.782658994197845459e-01
1.626037657260894775e-01
3.354375958442687988e-01
2.902230918407440186e-01
3.755578398704528809e-01
1.154859960079193115e-01
1.785586923360824585e-01
3.004579842090606689e-01
-2.004428654909133911e-01
7.177515327930450439e-02
2.872101068496704102e-01
4.919387865811586380e-03
-9.843999892473220825e-02
-3.192118406295776367e-01
8.127861618995666504e-01
-2.556846439838409424e-01
2.829247713088989258e-01
3.592415153980255127e-01
1.772263795137405396e-01
-4.865475893020629883e-01
-4.470779597759246826e-01
1.868616938591003418e-01
2.291686683893203735e-01
-2.587931454181671143e-01
-4.671997725963592529e-01
-1.283128559589385986e-01
-1.728242337703704834e-01
3.035905659198760986e-01
-5.165566802024841309e-01
1.048810034990310669e-01
1.956787705421447754e-01
-5.545653775334358215e-02
-1.179738491773605347e-01
-3.919108211994171143e-01
-4.053853452205657959e-02
1.217504814267158508e-01
7.311885058879852295e-02
7.103008776903152466e-02
1.715677380561828613e-01
2.120445854961872101e-02
4.284876957535743713e-02
1.180973872542381287e-01
3.504069149494171143e-02
1.846270561218261719e-01
-3.361314535140991211e-02
3.031732738018035889e-01
3.232641890645027161e-02
-2.928783297538757324e-01
3.150085806846618652e-01
9.118878096342086792e-02
-8.309598267078399658e-02
-5.587021261453628540e-02
1.532292552292346954e-02
2.536518871784210205e-01
-7.974999397993087769e-02
-3.034057915210723877e-01
9.628772735595703125e-03
1.771461591124534607e-02
-1.894082725048065186e-01
-5.544083938002586365e-02
1.814513951539993286e-01
-1.432843804359436035e-01
-1.006731465458869934e-01
2.158792316913604736e-01
-3.057478666305541992e-01
2.422373890876770020e-01
-2.608394324779510498e-01
-3.090516626834869385e-01
-1.360575258731842041e-01
-1.348233073949813843e-01
1.207261607050895691e-01
-4.060443043708801270e-01
1.269345432519912720e-01
2.118429094552993774e-01
3.923711478710174561e-01
-2.918135523796081543e-01
-1.314694583415985107e-01
-5.966815724968910217e-02
-1.448559910058975220e-01
-5.333838611841201782e-02
4.142799973487854004e-01
2.870817780494689941e-01
3.593566119670867920e-01
5.922684073448181152e-01
-2.036567777395248413e-01
-3.379823565483093262e-01
1.299466192722320557e-01
-2.872339487075805664e-01
-2.481916844844818115e-01
3.934485018253326416e-01
-7.084932327270507812e-01
2.045745961368083954e-02
-5.428153648972511292e-02
-5.433876812458038330e-02
-2.980503141880035400e-01
-2.914978861808776855e-01
-3.249521553516387939e-01
-1.593182384967803955e-01
-7.687291502952575684e-02
-8.385050296783447266e-02
-6.123537197709083557e-02
1.380627006292343140e-01
2.604446113109588623e-01
2.321787923574447632e-01
-1.486497223377227783e-01
4.954361543059349060e-02
-1.091593056917190552e-01
-6.585229933261871338e-02
9.137999266386032104e-02
1.079840138554573059e-01
4.159361124038696289e-01
-4.478350877761840820e-01
-1.245372295379638672e-01
1.057084724307060242e-01
