-2.609838545322418213e-01
-7.624632865190505981e-02
-9.663832187652587891e-02
4.638749733567237854e-02
-6.688399910926818848e-01
-1.458599884063005447e-02
-2.552933432161808014e-02
2.658478319644927979e-01
-3.808528184890747070e-01
-1.055178284645080566e+00
-6.661651283502578735e-02
9.149334579706192017e-02
-3.066131770610809326e-01
1.759443283081054688e-01
-4.942005034536123276e-03
-2.747620344161987305e-01
-3.127391934394836426e-01
4.969343245029449463e-01
2.010105103254318237e-01
8.771266788244247437e-02
-1.723055094480514526e-01
-3.056643605232238770e-01
-1.382700055837631226e-01
5.952816084027290344e-02
3.147533163428306580e-02
3.854075372219085693e-01
1.393309086561203003e-01
1.789592951536178589e-01
5.104991793632507324e-01
-5.127683281898498535e-01
-5.531832948327064514e-02
4.033416509628295898e-01
-1.309919953346252441e-01
-1.933755129575729370e-01
-6.477400064468383789e-01
3.233066573739051819e-02
5.454633235931396484e-01
-5.882516503334045410e-01
-3.760166466236114502e-01
1.223750188946723938e-01
-1.660711914300918579e-01
1.626778393983840942e-01
-6.595883369445800781e-01
7.383199334144592285e-01
-3.299510180950164795e-01
-3.148258328437805176e-01
1.108919978141784668e-01
-3.343896567821502686e-02
4.012700170278549194e-02
9.141284227371215820e-02
2.196217030286788940e-01
1.955916434526443481e-01
-1.655028462409973145e-01
1.446136683225631714e-01
-3.195999935269355774e-02
4.594870805740356445e-01
5.515166744589805603e-02
-7.048116624355316162e-02
-9.251282364130020142e-02
-4.479883015155792236e-01
5.358591675758361816e-01
1.285326629877090454e-01
1.540268361568450928e-01
2.683314979076385498e-01
-4.305166378617286682e-02
-1.138316616415977478e-01
-2.416978329420089722e-01
7.921516150236129761e-02
2.990678250789642334e-01
-9.617766737937927246e-02
-4.059250354766845703e-01
3.491649925708770752e-01
1.699608117341995239e-01
1.403280049562454224e-01
-4.119033515453338623e-01
-1.070211604237556458e-01
3.040283322334289551e-01
7.206832524389028549e-03
-1.540849953889846802e-01
3.947849944233894348e-02
-6.339249759912490845e-02
1.803548336029052734e-01
2.460255026817321777e-01
-4.480166733264923096e-01
3.803816735744476318e-01
-2.574166841804981232e-02
-1.656483672559261322e-02
2.642054855823516846e-01
-1.051321625709533691e-03
-2.397591471672058105e-01
-5.900613963603973389e-02
-5.007762834429740906e-02
-3.883224725723266602e-01
-5.982533097267150879e-01
1.963583379983901978e-01
-1.144583057612180710e-02
-9.965499490499496460e-02
-3.401767015457153320e-01
3.613750040531158447e-01
-5.226966738700866699e-01
-2.827149927616119385e-01
1.253201216459274292e-01
5.471783224493265152e-03
2.582252025604248047e-01
-1.383566707372665405e-01
-4.799816608428955078e-01
3.579999087378382683e-03
2.579688429832458496e-01
1.988383531570434570e-01
5.292166396975517273e-02
6.793583184480667114e-02
-2.227160185575485229e-01
2.697019577026367188e-01
1.879536658525466919e-01
-1.400021761655807495e-01
-5.108632519841194153e-02
-8.974166959524154663e-02
3.354201018810272217e-01
4.715783521533012390e-02
-3.527678251266479492e-01
4.597933292388916016e-01
-2.616695165634155273e-01
3.702450171113014221e-02
-2.300799638032913208e-01
1.353129893541336060e-01
1.608849912881851196e-01
-1.417138427495956421e-01
1.177533343434333801e-01
-4.008841514587402344e-01
-1.606499776244163513e-02
-7.930132746696472168e-02
-4.393696319311857224e-03
-5.441733002662658691e-01
2.413619905710220337e-01
8.787345886230468750e-02
-1.742391735315322876e-01
-3.772566840052604675e-02
-1.315750032663345337e-01
3.823066949844360352e-01
-1.744660139083862305e-01
-1.823499947786331177e-01
3.176856935024261475e-01
1.883133687078952789e-02
-1.683866828680038452e-01
-2.123481631278991699e-01
-2.485616654157638550e-01
-1.475260108709335327e-01
-1.823306679725646973e-01
4.465033113956451416e-01
-1.498698294162750244e-01
4.798510074615478516e-01
-3.277916908264160156e-01
3.218716755509376526e-02
-1.685554981231689453e-01
2.159428149461746216e-01
2.311766706407070160e-02
4.972249567508697510e-01
-6.300497800111770630e-03
1.569883376359939575e-01
4.238833114504814148e-02
1.608816534280776978e-01
-5.387714877724647522e-02
-2.327874898910522461e-01
-5.215800181031227112e-02
-3.252885043621063232e-01
3.258511126041412354e-01
-1.400650385767221451e-02
-6.329333782196044922e-02
-2.166926115751266479e-01
2.001870125532150269e-01
6.667017191648483276e-02
4.695766866207122803e-01
-8.409333229064941406e-02
6.877245306968688965e-01
1.406133323907852173e-01
1.601316966116428375e-02
-1.714505106210708618e-01
-1.982358098030090332e-01
2.410973310470581055e-01
2.670116722583770752e-01
-2.198921889066696167e-01
4.193785190582275391e-01
-3.389453589916229248e-01
-1.701768487691879272e-01
-3.329584896564483643e-01
-3.767523467540740967e-01
-1.776651740074157715e-01
-5.830675736069679260e-02
2.369171828031539917e-01
2.770896553993225098e-01
3.170893490314483643e-01
4.541833326220512390e-02
1.425160914659500122e-01
3.598993122577667236e-01
-3.686200082302093506e-01
1.249683424830436707e-01
4.067400395870208740e-01
-1.259513348340988159e-01
-2.497211694717407227e-01
-3.127246499061584473e-01
7.314832806587219238e-01
-1.324950009584426880e-01
2.942411601543426514e-01
5.692250132560729980e-01
1.071433424949645996e-01
-4.013216793537139893e-01
-3.604583442211151123e-01
3.651916682720184326e-01
1.984325051307678223e-01
-4.279735088348388672e-01
-7.039499282836914062e-01
1.556450035423040390e-02
-1.850626915693283081e-01
3.426233530044555664e-01
-5.617244839668273926e-01
-3.283346595708280802e-04
2.461736649274826050e-01
-5.075150355696678162e-02
-2.170600146055221558e-01
-3.774133622646331787e-01
-1.783983260393142700e-01
3.056375086307525635e-01
1.836168169975280762e-01
5.721267685294151306e-02
-2.869845367968082428e-02
-5.571136996150016785e-02
1.867500133812427521e-02
1.051150038838386536e-01
5.623983219265937805e-02
3.393908441066741943e-01
-9.705714136362075806e-02
4.540749788284301758e-01
-3.166776522994041443e-02
-1.867271661758422852e-01
4.323826730251312256e-01
4.582339432090520859e-03
-2.124020010232925415e-01
-2.692650072276592255e-02
9.220466762781143188e-02
1.461194455623626709e-01
-3.761433064937591553e-01
-4.778200089931488037e-01
8.617267757654190063e-02
1.581500470638275146e-02
-2.624833025038242340e-02
-4.444499686360359192e-02
1.414535045623779297e-01
-1.700166426599025726e-02
-1.630344986915588379e-01
3.673900365829467773e-01
-4.207849800586700439e-01
2.370581775903701782e-01
-1.550346612930297852e-01
-3.278943300247192383e-01
-3.181149959564208984e-01
-2.108185142278671265e-01
5.861333385109901428e-02
-3.370448350906372070e-01
1.781646758317947388e-01
1.284388154745101929e-01
5.230810046195983887e-01
-4.626463353633880615e-01
-2.108663320541381836e-01
-2.648023068904876709e-01
-4.770016670227050781e-02
-1.247079968452453613e-01
6.347733139991760254e-01
3.632199764251708984e-01
2.765363156795501709e-01
5.859900116920471191e-01
-1.925290077924728394e-01
-3.406568467617034912e-01
3.182450234889984131e-01
-4.952966868877410889e-01
-3.496656715869903564e-01
4.345098435878753662e-01
-3.979049921035766602e-01
-8.798333257436752319e-02
-6.210650131106376648e-02
-6.100784614682197571e-02
-2.946573197841644287e-01
-2.881673276424407959e-01
-7.098982930183410645e-01
-1.650351732969284058e-01
7.025116682052612305e-02
-1.795824915170669556e-01
-3.624666854739189148e-02
1.907130032777786255e-01
3.907995223999023438e-01
2.275601625442504883e-01
-2.270091772079467773e-01
4.215900227427482605e-02
-1.082015112042427063e-01
-1.349733322858810425e-01
1.010946631431579590e-01
2.553933560848236084e-01
3.597433269023895264e-01
-7.197366356849670410e-01
-3.316756486892700195e-01
1.834950000047683716e-01
