-1.889311969280242920e-01
2.091927975416183472e-01
2.024615705013275146e-01
-7.351239770650863647e-02
-5.167520046234130859e-01
-8.096700161695480347e-02
4.892602562904357910e-03
1.216936111450195312e-01
-1.133068054914474487e-01
-1.280995965003967285e+00
5.667000263929367065e-02
1.693222075700759888e-01
-6.867339462041854858e-02
1.419203877449035645e-01
-1.083224043250083923e-01
8.357881009578704834e-02
-2.942500114440917969e-01
5.230123922228813171e-02
3.504422008991241455e-01
1.048298105597496033e-01
-2.169199883937835693e-01
1.360820084810256958e-01
1.176964044570922852e-01
-1.478059738874435425e-01
1.694619804620742798e-01
1.316300034523010254e-01
-1.141202449798583984e-01
5.611599609255790710e-02
1.430307924747467041e-01
-1.844199746847152710e-02
-4.030059650540351868e-02
4.072600007057189941e-01
-9.823200106620788574e-02
1.445699930191040039e-01
-7.308099865913391113e-01
2.140496224164962769e-01
1.326219737529754639e-01
-2.464080303907394409e-01
-2.024119645357131958e-01
3.716780245304107666e-01
-1.997231990098953247e-01
1.738480292260646820e-02
-4.158427715301513672e-01
2.522134184837341309e-01
-3.177980184555053711e-01
-6.436119973659515381e-02
1.600495874881744385e-01
-2.351179905235767365e-02
-1.817020028829574585e-01
6.769799441099166870e-02
3.408559560775756836e-01
-1.515792310237884521e-01
1.293942034244537354e-01
7.502540200948715210e-02
-3.621904253959655762e-01
1.182160228490829468e-01
1.660660058259963989e-01
2.805579900741577148e-01
2.379208803176879883e-01
-2.955659925937652588e-01
3.286300003528594971e-01
3.878147602081298828e-01
2.982017993927001953e-01
1.952500045299530029e-01
-1.279584467411041260e-01
-2.130439728498458862e-01
-2.974039912223815918e-01
1.811287552118301392e-01
2.899094223976135254e-01
-2.081079781055450439e-02
1.555540226399898529e-02
5.126060247421264648e-01
1.050983890891075134e-01
1.410911977291107178e-01
-1.481679975986480713e-01
-2.993399836122989655e-02
1.453272104263305664e-01
9.894719347357749939e-03
-1.859000325202941895e-02
-9.279999881982803345e-02
7.781720161437988281e-02
5.845960229635238647e-02
3.835358023643493652e-01
-3.274620175361633301e-01
4.265959858894348145e-01
-1.196599975228309631e-01
-1.250845938920974731e-01
2.293388098478317261e-01
-3.496759757399559021e-02
-2.545444369316101074e-01
1.584476083517074585e-01
1.345259994268417358e-01
-3.734499812126159668e-01
-6.817080378532409668e-01
9.055453538894653320e-02
-4.517459869384765625e-02
-3.218805883079767227e-03
-2.585826218128204346e-01
2.383390218019485474e-01
-3.500595986843109131e-01
-2.258442193269729614e-01
5.544004030525684357e-03
2.335140258073806763e-01
1.535800099372863770e-02
-2.615439891815185547e-01
-1.996439993381500244e-01
9.397280216217041016e-02
1.103972047567367554e-01
-1.128900051116943359e-01
6.587198376655578613e-02
5.962879583239555359e-02
4.522199556231498718e-02
3.360666036605834961e-01
-4.449220374226570129e-02
2.026033848524093628e-01
2.684482038021087646e-01
5.457600206136703491e-02
-2.115646153688430786e-01
1.040414124727249146e-01
-1.773588210344314575e-01
3.355231881141662598e-01
-1.997605860233306885e-01
7.489960640668869019e-02
-5.368999764323234558e-02
1.478767991065979004e-01
1.346040070056915283e-01
-1.048040017485618591e-01
3.352060019969940186e-01
-1.728140115737915039e-01
-1.809900104999542236e-01
1.397543847560882568e-01
-1.212120056152343750e-01
-2.669672071933746338e-01
-1.089540030807256699e-02
2.216421365737915039e-01
7.985399663448333740e-02
-2.070960104465484619e-01
-4.169055819511413574e-01
2.643284201622009277e-01
1.342899948358535767e-01
-1.810443848371505737e-01
3.716816008090972900e-01
-9.426200389862060547e-02
1.078325957059860229e-01
-5.254800245165824890e-02
9.173706173896789551e-02
-1.170686036348342896e-01
-1.804689913988113403e-01
5.359200239181518555e-01
1.391096115112304688e-01
5.912199616432189941e-02
-1.387566030025482178e-01
4.800021706614643335e-04
-2.392654120922088623e-01
2.787939906120300293e-01
-2.287230193614959717e-01
2.095079869031906128e-01
-2.781559824943542480e-01
9.869579970836639404e-02
-7.440090412274003029e-04
3.161739557981491089e-02
-3.430843949317932129e-01
-4.381060004234313965e-01
-7.785800099372863770e-02
-1.969424039125442505e-01
3.378840088844299316e-01
9.377519041299819946e-02
3.010582029819488525e-01
-7.296013645827770233e-03
-3.366239368915557861e-02
2.300698012113571167e-01
1.137799993157386780e-01
-7.478800415992736816e-02
3.595580160617828369e-01
1.393320113420486450e-01
3.634599596261978149e-02
-2.363415956497192383e-01
3.183240443468093872e-02
2.258832007646560669e-01
2.291619777679443359e-01
2.835980057716369629e-01
2.461111992597579956e-01
-2.699591815471649170e-01
-6.983040273189544678e-02
-3.004603981971740723e-01
-2.563759982585906982e-01
1.434600353240966797e-02
2.629979848861694336e-01
1.409146040678024292e-01
4.865539968013763428e-01
2.709880173206329346e-01
3.615973889827728271e-01
3.067352175712585449e-01
4.498939961194992065e-02
-3.527571856975555420e-01
-3.266806006431579590e-01
-1.379879843443632126e-02
2.640680074691772461e-01
-1.839940100908279419e-01
1.545919477939605713e-02
1.027058005332946777e+00
-7.415081560611724854e-02
1.480704098939895630e-01
4.139440059661865234e-01
1.565226018428802490e-01
-1.169916018843650818e-01
-3.960848152637481689e-01
2.479585856199264526e-01
2.642139792442321777e-01
-2.505118250846862793e-01
-5.976665616035461426e-01
-2.505199909210205078e-01
-2.496200241148471832e-02
4.245414137840270996e-01
-4.239653646945953369e-01
-1.685405820608139038e-01
-2.360017970204353333e-02
-5.308059975504875183e-02
-7.359993644058704376e-03
6.906799972057342529e-02
-1.770697981119155884e-01
1.444344669580459595e-01
1.843879558145999908e-02
2.861948013305664062e-01
3.323202487081289291e-03
1.246116012334823608e-01
1.768112033605575562e-01
6.326780468225479126e-02
-1.193679943680763245e-01
2.241038978099822998e-01
8.129598945379257202e-02
1.329843997955322266e-01
7.598979771137237549e-02
-2.972306013107299805e-01
-5.094880983233451843e-02
4.492599964141845703e-01
1.101664155721664429e-01
-1.369086056947708130e-01
1.627180129289627075e-01
3.989560008049011230e-01
-1.366140879690647125e-02
-2.892611920833587646e-01
-2.446180023252964020e-02
2.278800681233406067e-02
-3.397555947303771973e-01
-1.363010108470916748e-01
-1.098780054599046707e-02
-1.044885963201522827e-01
-1.088189929723739624e-01
2.719399929046630859e-01
-2.283004075288772583e-01
1.516207903623580933e-01
-1.598789989948272705e-01
-1.611915975809097290e-01
5.342999845743179321e-02
1.301130056381225586e-01
-8.736599981784820557e-02
-3.135100007057189941e-01
1.200459972023963928e-01
7.839989848434925079e-03
1.291479915380477905e-01
-1.905360072851181030e-01
-3.737540915608406067e-02
-5.355380102992057800e-02
-3.726340085268020630e-02
-2.909998297691345215e-01
9.428600966930389404e-02
3.517825901508331299e-01
3.468340039253234863e-01
6.168700456619262695e-01
-1.464308053255081177e-01
-4.925719797611236572e-01
3.057619929313659668e-01
-3.969701826572418213e-01
1.851359941065311432e-02
2.443419992923736572e-01
-7.042039632797241211e-01
-1.241228133440017700e-01
1.040109843015670776e-01
-6.899879872798919678e-02
-3.237220346927642822e-01
-4.005424082279205322e-01
-4.542254507541656494e-01
-1.339540034532546997e-01
-2.884151935577392578e-01
3.701984824147075415e-04
-1.835675984621047974e-01
-1.918494142591953278e-02
1.297519952058792114e-01
-1.436597085557878017e-03
2.964098704978823662e-03
-2.749239802360534668e-01
-3.208059966564178467e-01
7.950002327561378479e-03
3.320899903774261475e-01
-3.358199074864387512e-02
4.942840039730072021e-01
-3.625505864620208740e-01
2.264911830425262451e-01
3.854159712791442871e-01
