-3.004927635192871094e-01
-3.449774533510208130e-02
-2.192193269729614258e-01
-9.532921947538852692e-03
-6.678249835968017578e-01
-1.035117506980895996e-01
1.661824993789196014e-02
3.145530819892883301e-01
-3.106955587863922119e-01
-1.039546847343444824e+00
-4.579475149512290955e-02
2.541525103151798248e-02
-3.795090019702911377e-01
9.138765931129455566e-02
-1.350558176636695862e-02
-1.886158436536788940e-01
-2.213066667318344116e-01
2.290683239698410034e-01
2.293137311935424805e-01
-6.551425158977508545e-02
-1.816600710153579712e-01
-2.596184909343719482e-01
2.314167283475399017e-02
-4.015830811113119125e-03
-1.404639929533004761e-01
5.209207534790039062e-02
9.181607514619827271e-02
2.699441909790039062e-01
3.422465026378631592e-01
-3.250338137149810791e-01
-1.576700061559677124e-01
1.617030054330825806e-01
-1.848076581954956055e-01
1.496258098632097244e-02
-6.403974890708923340e-01
8.168692141771316528e-02
2.731052339076995850e-01
-4.883457720279693604e-01
-1.966555863618850708e-01
9.728333353996276855e-02
-2.121080756187438965e-01
1.303851753473281860e-01
-6.153491735458374023e-01
5.362630486488342285e-01
-3.579255044460296631e-01
-3.041670620441436768e-01
1.737724542617797852e-01
-2.538068890571594238e-01
5.674457922577857971e-02
-4.713167250156402588e-02
2.091720849275588989e-01
1.075936332345008850e-01
-5.965333804488182068e-02
1.189197525382041931e-01
-4.545825347304344177e-02
4.250969886779785156e-01
4.031500965356826782e-02
-4.041416104882955551e-03
-3.498333320021629333e-02
-4.473158121109008789e-01
3.862179219722747803e-01
2.397038340568542480e-01
4.688993096351623535e-03
1.720129251480102539e-01
-1.399014145135879517e-01
-1.236010864377021790e-01
-3.606024980545043945e-01
7.448541373014450073e-02
2.535661458969116211e-01
-5.532233044505119324e-02
-1.430789083242416382e-01
5.595586299896240234e-01
3.260008394718170166e-01
3.083633482456207275e-01
-3.247441649436950684e-01
-3.419755399227142334e-02
3.291716873645782471e-01
-7.822365313768386841e-02
-1.603815853595733643e-01
-7.319908589124679565e-02
-1.675467491149902344e-01
4.774816706776618958e-02
8.364516496658325195e-02
-2.812406718730926514e-01
2.111498266458511353e-01
2.499999664723873138e-02
6.262107938528060913e-02
3.905952870845794678e-01
1.010645031929016113e-01
-1.239219233393669128e-01
7.314493507146835327e-02
6.148572266101837158e-02
-3.309637308120727539e-01
-4.421857893466949463e-01
3.013683557510375977e-01
6.767532974481582642e-02
2.750750444829463959e-02
-1.969532370567321777e-01
2.047921419143676758e-01
-4.427873194217681885e-01
-2.212582379579544067e-01
8.930339664220809937e-02
-9.119302034378051758e-02
9.703218191862106323e-02
-2.431766837835311890e-01
-2.313966751098632812e-01
-9.815083816647529602e-03
3.301010727882385254e-01
3.452907502651214600e-02
-1.006842940114438534e-03
-1.309547424316406250e-01
-6.406467407941818237e-02
2.892850898206233978e-02
1.338654905557632446e-01
8.991058915853500366e-02
-4.223566129803657532e-02
4.219292104244232178e-02
2.570630609989166260e-01
1.077492535114288330e-01
-2.041084170341491699e-01
4.526291787624359131e-01
-1.758755594491958618e-01
2.685516774654388428e-01
-1.265374869108200073e-01
4.823983088135719299e-02
9.281766414642333984e-02
-3.900016471743583679e-02
9.623331017792224884e-03
-3.074074387550354004e-01
-1.101069152355194092e-01
-1.805531531572341919e-01
-4.721018299460411072e-02
-5.078650116920471191e-01
1.803221702575683594e-01
1.654178835451602936e-02
-2.384737581014633179e-01
1.182308420538902283e-02
-1.144604161381721497e-01
3.746300041675567627e-01
-1.472349911928176880e-01
-2.215124964714050293e-01
3.489311039447784424e-01
1.723067313432693481e-01
-1.332840770483016968e-01
-2.661645710468292236e-01
5.950057506561279297e-02
-3.588499128818511963e-01
-1.843888163566589355e-01
4.110391438007354736e-01
-6.850934028625488281e-02
2.762529253959655762e-01
-1.016599908471107483e-01
5.286149680614471436e-02
-1.797287464141845703e-01
1.855325698852539062e-01
-1.783362627029418945e-01
2.015866637229919434e-01
3.422601893544197083e-02
1.077024117112159729e-01
-2.325858734548091888e-02
7.871083915233612061e-02
-2.530885040760040283e-01
-2.809362709522247314e-01
-3.694048523902893066e-02
-3.367232382297515869e-01
3.675588667392730713e-01
1.283907983452081680e-02
2.136590927839279175e-01
-1.349578946828842163e-01
1.469453126192092896e-01
1.816049963235855103e-01
3.553827702999114990e-01
-1.209716573357582092e-01
6.348733305931091309e-01
-1.132049933075904846e-01
-2.344884127378463745e-01
-1.068585142493247986e-01
-1.879742592573165894e-01
2.031539082527160645e-01
2.832166552543640137e-01
-1.124650016427040100e-01
3.757316768169403076e-01
-1.035518422722816467e-01
-3.538334369659423828e-01
-2.381713390350341797e-01
-2.363983392715454102e-01
-2.836442291736602783e-01
1.662131994962692261e-01
1.901678442955017090e-01
3.674124777317047119e-01
5.192241668701171875e-01
1.897191554307937622e-01
1.105947121977806091e-01
2.835660874843597412e-01
-1.581027358770370483e-01
5.403558537364006042e-02
1.657780855894088745e-01
-7.832857966423034668e-02
-4.187206923961639404e-01
-2.225653976202011108e-01
6.290541887283325195e-01
-1.190930008888244629e-01
4.092505276203155518e-01
4.258941411972045898e-01
1.427969038486480713e-01
-3.555938303470611572e-01
-3.816166818141937256e-01
2.008477300405502319e-01
1.481274217367172241e-01
-4.587372839450836182e-01
-4.388037621974945068e-01
1.397224236279726028e-02
-2.230296880006790161e-01
3.069291412830352783e-01
-5.012444853782653809e-01
2.034108191728591919e-01
2.995312511920928955e-01
-1.501766592264175415e-01
-1.953766494989395142e-01
-3.676350116729736328e-01
1.065267622470855713e-01
2.534781396389007568e-01
1.480242460966110229e-01
1.745728701353073120e-01
1.981285810470581055e-01
-1.862282752990722656e-01
5.625267326831817627e-02
5.839991569519042969e-02
-1.113675255328416824e-02
2.446079254150390625e-01
4.127734154462814331e-02
3.876742124557495117e-01
1.411152334185317159e-04
-1.005071699619293213e-01
2.217714786529541016e-01
-5.453329533338546753e-03
-7.779368013143539429e-02
-1.937402337789535522e-01
1.614131629467010498e-01
2.580972611904144287e-01
-1.873727440834045410e-01
-3.493869304656982422e-01
6.447266787290573120e-02
-4.198166728019714355e-02
-2.725696563720703125e-01
-3.970291838049888611e-02
1.236664131283760071e-01
-1.476725786924362183e-01
-1.226891484111547470e-02
1.149367317557334900e-01
-2.062251716852188110e-01
2.309944033622741699e-01
-2.224105596542358398e-01
-3.777759075164794922e-01
-1.314938515424728394e-01
-6.041575595736503601e-02
-7.950916141271591187e-02
-2.228564172983169556e-01
3.741783276200294495e-02
6.926833838224411011e-02
4.357408285140991211e-01
-3.752000033855438232e-01
-2.006033807992935181e-02
4.584616422653198242e-02
-1.162258386611938477e-01
-2.496858499944210052e-02
4.501425027847290039e-01
3.718630373477935791e-01
1.470666676759719849e-01
5.712766051292419434e-01
-1.554875522851943970e-01
-1.248172521591186523e-01
1.765602380037307739e-01
-5.177578926086425781e-01
-3.303699791431427002e-01
3.268825113773345947e-01
-5.265712141990661621e-01
-1.372008323669433594e-01
-1.111080646514892578e-01
8.476942032575607300e-02
-1.841180771589279175e-01
-3.125705122947692871e-01
-3.849599063396453857e-01
-2.907522320747375488e-01
6.637033075094223022e-02
-7.790164649486541748e-02
-1.035294234752655029e-01
2.266598194837570190e-01
1.305013298988342285e-01
1.376940160989761353e-01
-1.970977336168289185e-01
-6.306857615709304810e-02
-2.706551849842071533e-01
-5.765083804726600647e-02
9.853666275739669800e-02
1.991188526153564453e-01
4.999874532222747803e-01
-5.502752065658569336e-01
5.016516521573066711e-02
1.174658238887786865e-01
