-3.719195425510406494e-01
-1.895484179258346558e-01
-3.288918435573577881e-01
6.226524710655212402e-02
-6.570158600807189941e-01
5.789317190647125244e-02
-5.852666497230529785e-02
8.954916149377822876e-02
-4.179261624813079834e-01
-9.581074714660644531e-01
2.246771603822708130e-01
-7.502741366624832153e-02
-3.930096626281738281e-01
1.211973205208778381e-01
-2.088759392499923706e-01
-1.589438468217849731e-01
-3.786866664886474609e-01
5.050055384635925293e-01
2.072359323501586914e-01
-2.687025070190429688e-02
-6.992476433515548706e-02
-2.129885107278823853e-01
6.935166660696268082e-03
1.257011741399765015e-01
-3.483450412750244141e-01
2.394458502531051636e-01
8.863898366689682007e-02
1.084354054182767868e-02
4.531073868274688721e-01
-4.267325401306152344e-01
-9.351775050163269043e-02
3.892133235931396484e-01
-3.147211968898773193e-01
-2.976094782352447510e-01
-9.085333943367004395e-01
8.488974720239639282e-02
4.579217731952667236e-01
-5.117608904838562012e-01
-1.904457360506057739e-01
1.164558306336402893e-01
5.942291021347045898e-02
2.410962246358394623e-02
-3.610570132732391357e-01
5.270472764968872070e-01
-2.481635063886642456e-01
-2.457275837659835815e-01
1.089949980378150940e-01
-1.036522984504699707e-01
8.904374390840530396e-02
2.288276553153991699e-01
1.760530024766921997e-01
1.005719900131225586e-01
-2.740663588047027588e-01
3.058241866528987885e-02
-1.308189928531646729e-01
2.296266555786132812e-01
-2.757000178098678589e-02
1.462717503309249878e-01
7.546240836381912231e-02
-4.866378009319305420e-01
6.198604702949523926e-01
9.512666612863540649e-02
3.022639751434326172e-01
8.320166915655136108e-02
-1.053514257073402405e-01
-1.753489971160888672e-01
-1.215708330273628235e-01
1.019911691546440125e-01
3.306800127029418945e-01
-3.180738389492034912e-01
-3.332144320011138916e-01
2.307940125465393066e-01
2.403574585914611816e-01
2.921858131885528564e-01
-3.942149877548217773e-01
-8.893016725778579712e-02
-6.998164113610982895e-03
1.741359233856201172e-01
-1.992241591215133667e-01
-8.811682462692260742e-02
1.092809066176414490e-01
2.671758271753787994e-02
2.044046670198440552e-01
-3.737981617450714111e-01
3.939388096332550049e-01
1.170640066266059875e-01
-1.634682565927505493e-01
5.075235962867736816e-01
1.527133435010910034e-01
-3.562665544450283051e-03
-8.004967123270034790e-02
1.698281168937683105e-01
-4.787236452102661133e-01
-5.950866937637329102e-01
4.564631879329681396e-01
-7.123666256666183472e-02
-7.084750384092330933e-02
-1.252219825983047485e-01
1.773595064878463745e-01
-4.686577320098876953e-01
-9.096465259790420532e-02
1.396416593343019485e-02
-2.150388807058334351e-02
1.244741678237915039e-01
-2.164558172225952148e-01
-2.920133173465728760e-01
-2.003505975008010864e-01
2.058825939893722534e-01
1.112808212637901306e-01
4.394500330090522766e-02
1.183188334107398987e-01
-1.478683352470397949e-01
3.131986558437347412e-01
3.053598403930664062e-01
-2.182624340057373047e-01
2.079575061798095703e-01
-1.908613443374633789e-01
1.458533406257629395e-01
8.337918668985366821e-03
-2.445130795240402222e-01
4.311442673206329346e-01
-1.609538048505783081e-01
-2.580667845904827118e-02
-3.662074804306030273e-01
-5.015580449253320694e-03
-2.681550197303295135e-02
-7.628581020981073380e-03
-9.652415663003921509e-02
-1.494983285665512085e-01
1.785458251833915710e-02
2.084559947252273560e-01
-1.477558165788650513e-01
-4.601497352123260498e-01
2.983589172363281250e-01
-1.345174908638000488e-01
-2.282287627458572388e-01
3.599159047007560730e-02
-3.526775166392326355e-02
5.339543223381042480e-01
-2.422583848237991333e-02
-2.768718898296356201e-01
1.561780720949172974e-01
1.069814935326576233e-01
-1.053708717226982117e-01
-2.773288190364837646e-01
-2.410578727722167969e-01
-9.126476198434829712e-02
-3.375830650329589844e-01
2.887058556079864502e-01
-1.970660686492919922e-01
3.242451548576354980e-01
-2.579065859317779541e-01
7.176583260297775269e-02
-2.948891520500183105e-01
5.718858167529106140e-02
2.289625070989131927e-02
3.186883330345153809e-01
-2.033362834481522441e-04
-6.850925087928771973e-02
-1.080667451024055481e-01
7.392842322587966919e-02
-2.459394931793212891e-01
-3.129512369632720947e-01
-3.292341902852058411e-02
-2.510493099689483643e-01
1.216544508934020996e-01
-6.782883405685424805e-02
1.616143137216567993e-01
-4.767116904258728027e-02
3.344728648662567139e-01
1.200581789016723633e-01
3.006172776222229004e-01
-2.201191633939743042e-01
5.898550152778625488e-01
-1.785758286714553833e-01
-2.793416380882263184e-03
-1.482720077037811279e-01
-2.838647067546844482e-01
1.089666560292243958e-01
3.981632888317108154e-01
-4.152941703796386719e-01
2.177283167839050293e-01
-3.426606655120849609e-01
-2.202633209526538849e-02
-3.017295002937316895e-01
-6.103625297546386719e-01
-2.072458267211914062e-01
1.651203185319900513e-01
3.312737941741943359e-01
2.335783243179321289e-01
3.240411579608917236e-01
1.484900712966918945e-02
1.054725721478462219e-01
5.157506465911865234e-01
-2.335297614336013794e-01
2.134570926427841187e-01
3.033968210220336914e-01
2.110649459064006805e-02
-1.911254376173019409e-01
-3.096919953823089600e-01
9.167799949645996094e-01
-1.789341717958450317e-01
3.447040617465972900e-01
3.439116775989532471e-01
2.721977531909942627e-01
-5.625382065773010254e-01
-4.309720098972320557e-01
3.742724955081939697e-01
2.858502268791198730e-01
-2.369019389152526855e-01
-5.450322628021240234e-01
-1.520625054836273193e-01
-1.620724201202392578e-01
3.729214370250701904e-01
-4.825245141983032227e-01
1.006214097142219543e-01
8.301255851984024048e-02
4.054183140397071838e-02
-2.498799711465835571e-01
-5.218400359153747559e-01
-4.700266197323799133e-02
1.801972836256027222e-01
1.418108344078063965e-01
-5.550541356205940247e-02
1.241743490099906921e-01
9.620723128318786621e-02
3.306167200207710266e-02
1.692827492952346802e-01
1.151732634752988815e-02
1.335292905569076538e-01
-2.619209140539169312e-02
2.890576720237731934e-01
6.800591945648193359e-02
-4.576316177845001221e-01
5.361720919609069824e-01
-5.740499868988990784e-02
-6.319592148065567017e-02
6.583541631698608398e-02
-1.998833008110523224e-02
2.603169977664947510e-01
-2.134440839290618896e-02
-2.653504610061645508e-01
-8.084250241518020630e-02
-2.828649990260601044e-02
-9.309858083724975586e-02
-3.207091614603996277e-02
1.131959334015846252e-01
-1.534564942121505737e-01
-2.024120837450027466e-01
2.170408368110656738e-01
-3.815535008907318115e-01
4.037558138370513916e-01
-3.216060400009155273e-01
-1.487768292427062988e-01
-2.398650348186492920e-02
-1.961867362260818481e-01
2.482900023460388184e-01
-4.944204092025756836e-01
2.890797555446624756e-01
1.849673390388488770e-01
4.141845405101776123e-01
-2.147418260574340820e-01
-2.224149256944656372e-01
-4.634591937065124512e-02
-1.566399186849594116e-01
-7.346916943788528442e-03
5.354016423225402832e-01
1.323477476835250854e-01
2.519430220127105713e-01
6.261425018310546875e-01
-1.658061742782592773e-01
-4.450108706951141357e-01
1.903788298368453979e-01
-3.299934566020965576e-01
-3.512203395366668701e-01
4.888233244419097900e-01
-9.471299052238464355e-01
1.093623563647270203e-01
-8.273449540138244629e-02
-2.324870079755783081e-01
-3.409555852413177490e-01
-2.672470808029174805e-01
-4.337015151977539062e-01
-1.316291689872741699e-01
-2.788883633911609650e-02
-1.350561231374740601e-01
-3.438824415206909180e-02
1.243755221366882324e-01
4.186007976531982422e-01
1.698973327875137329e-01
-1.675957888364791870e-01
8.067283034324645996e-02
-5.042334273457527161e-02
8.392417430877685547e-02
-5.832495633512735367e-03
1.019268259406089783e-01
3.783732950687408447e-01
-5.312601923942565918e-01
-3.193558156490325928e-01
1.622291654348373413e-01
