-3.780097067356109619e-01
-5.618833005428314209e-02
-3.493795096874237061e-01
2.171933092176914215e-02
-5.321249961853027344e-01
3.604966774582862854e-02
-5.945508833974599838e-03
1.870313286781311035e-01
-3.702521324157714844e-01
-1.116146683692932129e+00
6.589467078447341919e-02
1.756683439016342163e-01
-2.820933461189270020e-01
4.502665624022483826e-02
-5.369183421134948730e-02
-2.219620496034622192e-01
-3.092350065708160400e-01
5.151683688163757324e-01
2.226099967956542969e-01
1.553011685609817505e-01
-7.611884176731109619e-02
-1.954499930143356323e-01
5.268517136573791504e-02
1.773840039968490601e-01
-2.647366821765899658e-01
2.669299840927124023e-01
2.485241740942001343e-01
2.967042922973632812e-01
5.904917120933532715e-01
-5.358250141143798828e-01
-6.533327046781778336e-03
3.811233341693878174e-01
-2.500140070915222168e-01
-2.072238326072692871e-01
-7.099583148956298828e-01
-1.098538339138031006e-01
3.445318639278411865e-01
-7.172467112541198730e-01
-1.752200126647949219e-01
-6.889583915472030640e-02
-2.091799974441528320e-01
1.586358994245529175e-01
-5.340616703033447266e-01
8.071200251579284668e-01
-2.612570226192474365e-01
-2.596593201160430908e-01
2.036621570587158203e-01
-2.200297079980373383e-02
1.414174884557723999e-01
6.808217614889144897e-02
2.020883411169052124e-01
2.508216500282287598e-01
-1.916794776916503906e-01
1.488033384084701538e-01
-5.285267531871795654e-02
5.125671029090881348e-01
-7.004166394472122192e-02
-1.545649766921997070e-02
-1.618866473436355591e-01
-5.874353647232055664e-01
4.321093559265136719e-01
1.353276520967483521e-01
1.064749956130981445e-01
2.004196643829345703e-01
-1.903033442795276642e-02
-3.405183553695678711e-02
-1.972128301858901978e-01
2.560600042343139648e-01
2.161981612443923950e-01
-2.074393033981323242e-01
-3.099499940872192383e-01
2.889900207519531250e-01
2.410356551408767700e-01
2.306475043296813965e-01
-4.711549580097198486e-01
-7.513614837080240250e-03
3.504733145236968994e-01
-1.697449833154678345e-01
-2.943000197410583496e-02
-7.567916065454483032e-02
-4.245666787028312683e-02
1.586319953203201294e-01
1.326733231544494629e-01
-4.883616864681243896e-01
1.317079812288284302e-01
2.399533241987228394e-01
-1.012006700038909912e-01
2.608054876327514648e-01
4.367383420467376709e-01
-3.167700022459030151e-02
-6.787900626659393311e-02
5.704122781753540039e-02
-3.581283092498779297e-01
-5.353416800498962402e-01
5.684400200843811035e-01
-1.133883297443389893e-01
-2.310983389616012573e-01
-2.953633666038513184e-01
2.488350123167037964e-01
-5.335766673088073730e-01
-2.874773442745208740e-01
4.639783501625061035e-02
-5.726976692676544189e-02
1.399483233690261841e-01
-1.695249825716018677e-01
-3.912450075149536133e-01
4.821593465749174356e-04
3.433521687984466553e-01
2.751183509826660156e-01
-8.999083191156387329e-02
-1.866516619920730591e-01
-7.691667880862951279e-03
1.797518283128738403e-01
7.757818698883056641e-02
-6.288199871778488159e-02
-7.360000163316726685e-02
-2.458883076906204224e-01
3.348567485809326172e-01
1.097748354077339172e-01
-2.961441874504089355e-01
4.140267074108123779e-01
-2.571123540401458740e-01
1.319503188133239746e-01
-3.184283077716827393e-01
3.466349840164184570e-02
4.482933878898620605e-02
-1.106021627783775330e-01
-5.998165905475616455e-02
-2.863133251667022705e-01
-1.422502100467681885e-03
-6.416633725166320801e-02
-2.340899705886840820e-01
-5.968132615089416504e-01
2.585876882076263428e-01
-1.506216526031494141e-01
-4.115358293056488037e-01
1.236608400940895081e-01
2.305916883051395416e-02
3.280149996280670166e-01
-1.528013348579406738e-01
-3.933883607387542725e-01
1.294530578888952732e-03
1.873913407325744629e-01
-2.093637138605117798e-01
-4.622753560543060303e-01
-1.334783285856246948e-01
-2.801316678524017334e-01
-2.682700157165527344e-01
3.206750154495239258e-01
-1.472843140363693237e-01
4.723469913005828857e-01
-2.524116933345794678e-01
1.027149707078933716e-02
-1.668266654014587402e-01
6.334882974624633789e-02
7.844332605600357056e-02
3.734133243560791016e-01
4.622283577919006348e-02
-1.998066753149032593e-01
-1.473701596260070801e-01
-1.235699187964200974e-02
-1.887531727552413940e-01
-1.046441569924354553e-01
-4.558416828513145447e-02
-3.832800090312957764e-01
2.105005830526351929e-01
-1.463746726512908936e-01
8.972650021314620972e-02
-1.140401661396026611e-01
3.656983077526092529e-01
7.153332233428955078e-03
5.052816867828369141e-01
-2.955333292484283447e-01
6.262740492820739746e-01
-6.247466430068016052e-02
-8.631017059087753296e-02
-4.164100065827369690e-02
-3.476816713809967041e-01
1.067259982228279114e-01
1.882450133562088013e-01
-3.137883245944976807e-01
2.927418053150177002e-01
-2.995774745941162109e-01
-1.276676654815673828e-01
-3.076973259449005127e-01
-5.744366645812988281e-01
-2.326064556837081909e-01
1.489139795303344727e-01
3.540443181991577148e-01
2.284549921751022339e-01
4.748860299587249756e-01
1.007183417677879333e-01
1.075683254748582840e-02
4.978382885456085205e-01
-2.155201584100723267e-01
2.838049829006195068e-01
2.877015173435211182e-01
-1.142553314566612244e-01
-2.508350014686584473e-01
-4.015873372554779053e-01
7.344599366188049316e-01
-1.039533317089080811e-01
2.069161683320999146e-01
4.458400011062622070e-01
2.270200103521347046e-01
-7.205716967582702637e-01
-4.040333330631256104e-01
3.148066699504852295e-01
2.863088250160217285e-01
-4.336334764957427979e-01
-4.565306603908538818e-01
-5.678866431117057800e-02
-1.578091681003570557e-01
3.423033654689788818e-01
-5.164978504180908203e-01
-1.301566790789365768e-02
2.684916555881500244e-01
-2.713833935558795929e-02
-2.786533534526824951e-01
-3.213183581829071045e-01
5.444466695189476013e-02
1.041683088988065720e-02
1.741066575050354004e-01
1.971716731786727905e-01
2.499731928110122681e-01
-1.092073693871498108e-01
-6.453432887792587280e-02
7.450399547815322876e-02
-4.231516644358634949e-02
2.148733288049697876e-01
1.042760014533996582e-01
4.606584012508392334e-01
-1.542739868164062500e-01
-1.703149825334548950e-01
4.665992259979248047e-01
-2.985033392906188965e-01
-1.674630045890808105e-01
-1.395816653966903687e-01
6.652500480413436890e-02
2.334773391485214233e-01
-2.997989952564239502e-01
-2.580483257770538330e-01
5.431650578975677490e-02
-4.316832497715950012e-02
-1.644866615533828735e-01
1.379050016403198242e-01
1.116923317313194275e-01
-1.912748217582702637e-01
2.528449892997741699e-02
2.816133201122283936e-01
-5.760332942008972168e-02
3.173035085201263428e-01
-3.429699838161468506e-01
-1.983403116464614868e-01
-1.585880070924758911e-01
-2.986085116863250732e-01
3.002833127975463867e-01
-3.869658708572387695e-01
1.238313317298889160e-01
1.303533315658569336e-01
5.326600074768066406e-01
-4.836246967315673828e-01
-1.120863333344459534e-01
-2.337166666984558105e-01
-2.142018228769302368e-01
-4.822266474366188049e-02
5.206133127212524414e-01
1.396849900484085083e-01
1.306966692209243774e-01
6.435966491699218750e-01
-3.569290339946746826e-01
-4.467619955539703369e-01
1.265926808118820190e-01
-4.258649647235870361e-01
-3.792516291141510010e-01
3.088716566562652588e-01
-8.107633590698242188e-01
-8.634132891893386841e-02
-2.683651745319366455e-01
-1.870399899780750275e-02
-2.813528180122375488e-01
-2.606672942638397217e-01
-4.852584898471832275e-01
-2.545533478260040283e-01
8.674500137567520142e-02
-1.580209285020828247e-01
1.261516660451889038e-01
1.282079964876174927e-01
2.609328329563140869e-01
2.482424974441528320e-01
-1.655366569757461548e-01
1.743558198213577271e-01
-1.587820053100585938e-01
-1.462199985980987549e-01
1.611499674618244171e-02
-1.195263341069221497e-01
4.366899728775024414e-01
-5.497954487800598145e-01
-1.861983388662338257e-01
-1.127350032329559326e-01
