-2.288808673620223999e-01
1.323586255311965942e-01
-2.819077372550964355e-01
-1.037488877773284912e-01
-5.418487787246704102e-01
6.522087752819061279e-02
-5.475099757313728333e-02
1.801833808422088623e-01
-2.520763874053955078e-01
-1.185688734054565430e+00
7.414750009775161743e-02
3.533137589693069458e-02
-3.889744877815246582e-01
9.881611913442611694e-02
-8.584988117218017578e-02
2.928188629448413849e-02
-3.105381131172180176e-01
2.849315404891967773e-01
1.470828801393508911e-01
-1.339641213417053223e-01
-1.063153594732284546e-01
-8.209237456321716309e-02
-1.382711231708526611e-01
-8.002378046512603760e-03
5.764870438724756241e-03
9.859749674797058105e-02
5.594553798437118530e-02
2.222400158643722534e-01
1.058821156620979309e-01
-3.354245126247406006e-01
-1.869503706693649292e-01
4.805275201797485352e-01
-2.595974802970886230e-01
-1.051284968852996826e-01
-7.928887605667114258e-01
2.784375473856925964e-02
2.835314869880676270e-01
-3.483381271362304688e-01
-2.445710897445678711e-01
2.229806333780288696e-01
-7.175412029027938843e-02
-9.748749434947967529e-03
-5.209717154502868652e-01
4.316483736038208008e-01
-2.199156284332275391e-01
-3.310795128345489502e-01
1.910599321126937866e-01
-1.019235625863075256e-01
5.865124985575675964e-03
3.426801413297653198e-02
3.692375123500823975e-02
1.499406248331069946e-01
-1.002787239849567413e-02
3.788475319743156433e-02
3.598237410187721252e-02
2.181292474269866943e-01
2.443249821662902832e-01
-9.085962176322937012e-02
1.779820024967193604e-01
-1.568662524223327637e-01
5.327137708663940430e-01
3.416796326637268066e-01
4.085149616003036499e-02
9.511746466159820557e-03
-1.385571062564849854e-01
-1.924950033426284790e-01
-1.148223727941513062e-01
-1.654077693819999695e-02
3.133944869041442871e-01
-2.886927723884582520e-01
-2.657383680343627930e-01
5.369675159454345703e-01
1.290031373500823975e-01
1.991661190986633301e-01
-4.925037622451782227e-01
-2.037908732891082764e-01
1.106312498450279236e-01
2.696307599544525146e-01
-1.883286237716674805e-01
4.862337186932563782e-02
-1.159543767571449280e-01
1.168106272816658020e-01
1.431507468223571777e-01
-5.003987550735473633e-01
2.369849830865859985e-01
-1.255675107240676880e-01
-1.619933694601058960e-01
4.462025165557861328e-01
-5.064499378204345703e-02
-7.826949656009674072e-02
2.288882732391357422e-01
2.144356817007064819e-01
-2.941623926162719727e-01
-4.117012619972229004e-01
3.203823268413543701e-01
1.775286495685577393e-01
-1.128575056791305542e-01
-2.227488905191421509e-01
2.650968730449676514e-01
-4.791684746742248535e-01
-2.550863623619079590e-01
-8.115968853235244751e-02
-7.214251905679702759e-03
7.741629332304000854e-02
-1.844124943017959595e-01
-2.915100157260894775e-01
1.720033735036849976e-01
2.459128797054290771e-01
1.670863106846809387e-02
2.077160030603408813e-01
6.882551312446594238e-02
-6.799512356519699097e-02
1.507909595966339111e-01
1.667438745498657227e-01
-1.152814999222755432e-01
-6.859987229108810425e-02
-1.373465061187744141e-01
1.560421288013458252e-01
1.074112486094236374e-02
-2.354258596897125244e-01
3.169224858283996582e-01
-5.004986748099327087e-02
4.318162798881530762e-02
-3.096937537193298340e-01
1.291602700948715210e-01
1.067712530493736267e-01
1.130475029349327087e-01
1.149069964885711670e-01
-1.418780088424682617e-01
-5.026599392294883728e-02
-1.926787346601486206e-01
2.619285508990287781e-02
-2.351543605327606201e-01
3.324613347649574280e-02
1.790975034236907959e-01
-1.886462569236755371e-01
-1.706832647323608398e-01
-2.897522747516632080e-01
2.831715047359466553e-01
-1.058422476053237915e-01
-4.268112033605575562e-02
5.389825105667114258e-01
1.420518755912780762e-01
1.527587603777647018e-02
-1.924008727073669434e-01
-1.024260818958282471e-01
-2.576696276664733887e-01
-2.808253765106201172e-01
1.973166167736053467e-01
-5.568862706422805786e-02
3.169055283069610596e-01
-2.667423486709594727e-01
2.117293700575828552e-02
-2.547583878040313721e-01
2.826888859272003174e-01
-8.920837938785552979e-02
2.909388542175292969e-01
6.093527376651763916e-02
1.263361424207687378e-01
-1.413112580776214600e-01
-3.226876258850097656e-03
-1.629240065813064575e-01
-2.309787422418594360e-01
7.794988155364990234e-02
-9.798400104045867920e-02
3.378737568855285645e-01
8.289437741041183472e-02
1.110528707504272461e-01
-9.074658900499343872e-02
1.771520078182220459e-01
2.149072587490081787e-01
1.956127583980560303e-01
-8.949438482522964478e-02
2.684783935546875000e-01
-1.399074941873550415e-01
-5.757500603795051575e-02
-2.562997341156005859e-01
-8.878275007009506226e-02
2.452473938465118408e-01
3.880949914455413818e-01
-2.176371216773986816e-01
3.007048964500427246e-01
-2.008915096521377563e-01
-3.532000184059143066e-01
-3.311677575111389160e-01
-1.740308851003646851e-01
-2.236776351928710938e-01
2.562603652477264404e-01
2.181056141853332520e-01
3.189397752285003662e-01
5.031937360763549805e-01
1.759877502918243408e-01
1.709420084953308105e-01
3.417780995368957520e-01
-2.589747905731201172e-01
6.834987550973892212e-02
2.106699943542480469e-01
-1.034048795700073242e-01
-9.191688150167465210e-02
-2.481428682804107666e-01
9.069799184799194336e-01
-1.140751242637634277e-01
1.554911136627197266e-01
3.101525008678436279e-01
1.234381273388862610e-01
-3.314399719238281250e-02
-4.804730117321014404e-01
4.045449197292327881e-02
3.545206487178802490e-01
-2.297768741846084595e-01
-5.849591493606567383e-01
-8.285375684499740601e-02
-3.105738461017608643e-01
3.231896460056304932e-01
-4.967581331729888916e-01
1.064983829855918884e-01
1.064726188778877258e-01
-1.692438721656799316e-01
-1.421824991703033447e-01
-4.565575122833251953e-01
-1.525374874472618103e-02
1.900391727685928345e-01
9.557193517684936523e-02
2.211233675479888916e-01
-4.386599734425544739e-02
7.183124870061874390e-02
3.815950080752372742e-02
2.433877587318420410e-01
-2.557249739766120911e-02
3.163474202156066895e-01
-8.772899210453033447e-02
3.810527324676513672e-01
9.451530873775482178e-02
-4.340850114822387695e-01
2.584385275840759277e-01
1.361992657184600830e-01
-1.215599924325942993e-01
5.444599688053131104e-02
2.500172555446624756e-01
2.381770908832550049e-01
-6.987337023019790649e-02
-3.405781090259552002e-01
-4.497687146067619324e-02
7.073862850666046143e-02
-1.260372400283813477e-01
-1.353301256895065308e-01
8.777799457311630249e-02
-8.032849431037902832e-02
-1.085034981369972229e-01
1.701187342405319214e-02
-1.970156133174896240e-01
6.251437962055206299e-02
-8.058662712574005127e-02
-3.395406007766723633e-01
-1.116542518138885498e-01
-9.728787839412689209e-02
6.374124437570571899e-02
-3.923037648200988770e-01
1.210262402892112732e-01
1.525987535715103149e-01
3.802795112133026123e-01
-2.081449925899505615e-01
-1.453966200351715088e-01
8.461736887693405151e-02
-1.188428774476051331e-01
-1.216259971261024475e-01
4.036387503147125244e-01
1.822442561388015747e-01
3.240897655487060547e-01
5.721725225448608398e-01
-7.170499861240386963e-02
-3.105883598327636719e-01
2.606190145015716553e-01
-2.778101563453674316e-01
-2.294257432222366333e-01
4.282911121845245361e-01
-8.073765039443969727e-01
7.540312409400939941e-02
-3.373112529516220093e-02
5.693625286221504211e-02
-3.471746444702148438e-01
-3.092652559280395508e-01
-4.209609031677246094e-01
-3.064889013767242432e-01
1.902758628129959106e-01
1.100507527589797974e-01
-1.615646481513977051e-01
1.196764707565307617e-01
1.698350012302398682e-01
1.989323645830154419e-01
-1.303691864013671875e-01
-9.759899973869323730e-02
-1.869854927062988281e-01
-1.785000041127204895e-02
8.259350061416625977e-02
2.138578742742538452e-01
6.511200070381164551e-01
-5.134191513061523438e-01
-8.226248621940612793e-02
2.567328810691833496e-01
