5.257209017872810364e-02
-1.094133704900741577e-01
-2.346012443304061890e-01
-1.239059939980506897e-01
-4.272687733173370361e-01
4.845250397920608521e-02
-1.365367472171783447e-01
3.323272764682769775e-01
-4.762067198753356934e-01
-1.321022510528564453e+00
-2.236000820994377136e-02
2.213884890079498291e-01
-2.953970134258270264e-01
1.016383767127990723e-01
-3.314124792814254761e-02
-8.153040707111358643e-02
-2.550725042819976807e-01
2.460100203752517700e-01
4.678862914443016052e-02
-2.175399661064147949e-02
-2.822379581630229950e-03
-6.779537349939346313e-02
-1.225002557039260864e-01
8.334925025701522827e-02
2.059212476015090942e-01
8.964125812053680420e-02
1.283425986766815186e-01
9.215945750474929810e-02
3.884562253952026367e-01
-4.361650049686431885e-01
-1.687303781509399414e-01
5.548174977302551270e-01
-3.929349780082702637e-01
-2.119512557983398438e-01
-8.328425288200378418e-01
-7.707449793815612793e-02
4.253187477588653564e-01
-4.056981205940246582e-01
-2.576874792575836182e-01
1.515581756830215454e-01
-1.735844910144805908e-01
1.538712717592716217e-02
-6.702641844749450684e-01
4.313549995422363281e-01
-1.832218766212463379e-01
-3.532163798809051514e-01
1.739525198936462402e-01
-3.779166564345359802e-02
-9.895250201225280762e-02
1.246197968721389771e-01
-7.962875813245773315e-02
1.263349950313568115e-01
-1.155057549476623535e-01
-2.049999870359897614e-02
-1.109537631273269653e-01
2.847390770912170410e-01
2.424699962139129639e-01
-1.635196208953857422e-01
1.185515001416206360e-01
-2.163800001144409180e-01
3.026506304740905762e-01
2.604267597198486328e-01
9.387974441051483154e-02
8.447137475013732910e-02
-2.850624732673168182e-02
-1.842312142252922058e-02
-1.226121187210083008e-01
-5.823027715086936951e-02
1.732857525348663330e-01
-2.158087491989135742e-01
-3.121699988842010498e-01
2.301874905824661255e-01
1.013325005769729614e-01
1.919316351413726807e-01
-1.940424889326095581e-01
-2.289223670959472656e-01
2.284187376499176025e-01
8.124013245105743408e-02
-2.077612578868865967e-01
2.425562441349029541e-01
-1.272580027580261230e-01
1.363866180181503296e-01
6.197499856352806091e-02
-5.351575016975402832e-01
2.914512455463409424e-01
-7.875125110149383545e-02
-1.466328799724578857e-01
1.623528599739074707e-01
-1.287724971771240234e-01
-2.383898794651031494e-01
7.164748013019561768e-02
8.034024387598037720e-02
-4.119167625904083252e-01
-5.144912600517272949e-01
1.952885985374450684e-01
-2.263350225985050201e-02
-2.247387468814849854e-01
-2.108880430459976196e-01
2.450168579816818237e-01
-5.835600495338439941e-01
-1.866388618946075439e-01
7.452587038278579712e-02
-1.090296283364295959e-01
4.261825084686279297e-01
9.038375318050384521e-02
-4.038250446319580078e-01
2.100349962711334229e-01
2.483741194009780884e-01
1.288449913263320923e-01
5.226875096559524536e-02
1.500571221113204956e-01
-5.709924176335334778e-02
1.693074256181716919e-01
8.469350636005401611e-02
-2.171386331319808960e-01
2.535175718367099762e-02
2.281374484300613403e-02
2.039513140916824341e-01
6.301325559616088867e-02
-2.546199858188629150e-01
3.173082470893859863e-01
-2.540887296199798584e-01
-5.217350274324417114e-02
-1.969299912452697754e-01
1.684955060482025146e-01
1.423200070858001709e-01
-1.462500542402267456e-03
1.694245040416717529e-01
-1.381687521934509277e-01
9.637462347745895386e-02
-3.083724528551101685e-02
9.995999932289123535e-02
-4.350806176662445068e-01
3.293412923812866211e-02
3.079112768173217773e-01
-1.079456210136413574e-01
-3.325517475605010986e-01
-3.362060189247131348e-01
2.286639809608459473e-01
-1.195942386984825134e-01
5.516003817319869995e-03
4.198704659938812256e-01
1.860597580671310425e-01
9.385999292135238647e-02
-2.623164951801300049e-01
-1.717827171087265015e-01
-2.388912737369537354e-01
-6.601887941360473633e-02
3.737500011920928955e-01
-2.028758674860000610e-01
4.033457636833190918e-01
-3.038136065006256104e-01
1.467984318733215332e-01
-2.635350264608860016e-02
2.448037415742874146e-01
2.209550142288208008e-02
1.976488828659057617e-01
1.340124905109405518e-01
3.159900307655334473e-01
4.222499579191207886e-02
2.383345067501068115e-01
1.766583770513534546e-01
-3.944563120603561401e-02
5.158737301826477051e-02
-4.098392426967620850e-01
2.536025047302246094e-01
1.013859957456588745e-01
-2.582187578082084656e-02
-3.928491473197937012e-01
5.801700055599212646e-02
1.332112699747085571e-01
4.108702540397644043e-01
-2.315243929624557495e-01
1.988672614097595215e-01
1.552499979734420776e-01
1.427023857831954956e-01
2.971649728715419769e-02
-8.266237378120422363e-02
1.669732332229614258e-01
4.338262975215911865e-01
-2.431502491235733032e-01
3.078583776950836182e-01
-1.265999972820281982e-01
-2.257782369852066040e-01
-1.878616213798522949e-01
-2.745795249938964844e-01
-1.993162631988525391e-01
1.764378547668457031e-01
-8.400750160217285156e-02
1.077602580189704895e-01
3.066757321357727051e-01
-1.040166169404983521e-01
-1.652692407369613647e-01
4.053899943828582764e-01
-3.947190046310424805e-01
-4.403000324964523315e-02
3.178085088729858398e-01
-3.050800263881683350e-01
-2.042474783957004547e-02
-2.661029994487762451e-01
1.185503721237182617e+00
4.612625390291213989e-02
2.724559903144836426e-01
4.632900059223175049e-01
-6.130249798297882080e-02
7.633745670318603516e-03
-3.826230168342590332e-01
6.091625243425369263e-02
2.153325527906417847e-01
-3.939900100231170654e-01
-4.517699778079986572e-01
-1.902575194835662842e-01
-3.699993491172790527e-01
7.928587496280670166e-02
-3.846771121025085449e-01
-5.213412642478942871e-02
1.514038722962141037e-02
-2.772387862205505371e-02
-1.889237463474273682e-01
-4.493212401866912842e-01
-2.144337445497512817e-01
2.047600001096725464e-01
1.329653114080429077e-01
9.703250229358673096e-02
-1.307625770568847656e-01
1.564272120594978333e-02
9.085474908351898193e-02
5.384249985218048096e-02
-2.274551093578338623e-01
4.192049205303192139e-01
-1.151829883456230164e-01
2.737302482128143311e-01
4.343874752521514893e-02
-7.774125039577484131e-02
3.684799969196319580e-01
1.751262247562408447e-01
-2.005669772624969482e-01
8.335674554109573364e-02
2.743625044822692871e-01
1.512182503938674927e-01
-1.746896207332611084e-01
-4.506028592586517334e-01
5.930252373218536377e-03
1.932973861694335938e-01
-1.327734887599945068e-01
5.059175193309783936e-02
1.015152484178543091e-01
2.895900420844554901e-02
-1.624815016984939575e-01
2.772424817085266113e-01
-2.977225184440612793e-01
2.502624988555908203e-01
-1.865625381469726562e-02
-1.856074929237365723e-01
-2.304487228393554688e-01
-2.361999750137329102e-01
7.708874344825744629e-02
-3.310736417770385742e-01
1.949822455644607544e-01
-1.481850445270538330e-02
3.278492391109466553e-01
-4.928047358989715576e-01
-2.621596157550811768e-01
-1.014673709869384766e-01
-4.012437164783477783e-02
2.291725017130374908e-02
4.975537359714508057e-01
1.283867359161376953e-01
-1.273350045084953308e-02
5.109549760818481445e-01
3.033624775707721710e-02
-4.899699687957763672e-01
3.819637298583984375e-01
-3.567507565021514893e-01
-8.508099615573883057e-02
2.134919911623001099e-01
-7.538099884986877441e-01
-5.514799803495407104e-02
5.077862367033958435e-02
-1.099925041198730469e-01
-1.090281158685684204e-01
-2.153805047273635864e-01
-5.198336243629455566e-01
-1.308319866657257080e-01
1.225597485899925232e-01
2.390699833631515503e-02
-8.700300008058547974e-02
1.375341713428497314e-01
2.871421277523040771e-01
1.368652582168579102e-01
-2.669826745986938477e-01
2.038299664855003357e-02
-1.452177613973617554e-01
-2.948874607682228088e-02
4.797649756073951721e-02
3.562287390232086182e-01
5.114224553108215332e-01
-7.060775160789489746e-01
-3.512250185012817383e-01
5.466170310974121094e-01
