-3.247174024581909180e-01
1.825424134731292725e-01
-2.719859778881072998e-01
8.950439840555191040e-02
-4.916059970855712891e-01
-1.144073978066444397e-01
-1.313800066709518433e-01
2.787420153617858887e-01
-3.021619915962219238e-01
-1.316738009452819824e+00
-1.712004072032868862e-03
3.062240183353424072e-01
-9.359579533338546753e-02
-2.088460326194763184e-02
-1.052301973104476929e-01
-3.272741734981536865e-01
-3.135049939155578613e-01
4.311271607875823975e-01
2.273394167423248291e-01
1.854191869497299194e-01
1.131880283355712891e-02
-2.093364000320434570e-01
1.388302147388458252e-01
-8.987080305814743042e-02
-1.525745838880538940e-01
2.997329831123352051e-01
1.791670918464660645e-01
3.697420060634613037e-01
4.115467965602874756e-01
-4.413899779319763184e-01
-2.243999987840652466e-01
6.040700674057006836e-01
-2.881279587745666504e-02
-2.061720564961433411e-02
-6.769340634346008301e-01
-1.821159869432449341e-01
3.398300111293792725e-01
-6.903980374336242676e-01
-1.063800007104873657e-01
-1.097669824957847595e-01
-1.890360116958618164e-01
3.391880095005035400e-01
-6.764180064201354980e-01
7.101379632949829102e-01
-2.978163957595825195e-01
-3.531139791011810303e-01
1.847020089626312256e-01
5.642479658126831055e-02
-6.271321326494216919e-02
-2.022505700588226318e-01
2.893880009651184082e-01
2.175475656986236572e-01
1.112227886915206909e-01
2.601603865623474121e-01
9.757000207901000977e-02
5.032299757003784180e-01
3.580000251531600952e-02
-1.368065923452377319e-01
-1.390273869037628174e-01
-3.956580162048339844e-01
5.109440088272094727e-01
2.763732075691223145e-01
1.388202654197812080e-03
1.097228080034255981e-01
-1.780024021863937378e-01
4.897600412368774414e-02
-2.414159774780273438e-01
1.156507879495620728e-01
1.686794012784957886e-01
-2.326107919216156006e-01
-2.321000099182128906e-01
4.636380076408386230e-01
3.108490109443664551e-01
1.506675928831100464e-01
-4.238519668579101562e-01
4.199899360537528992e-02
3.143100142478942871e-01
-1.546944081783294678e-01
-5.616999790072441101e-02
1.316224038600921631e-01
-2.013409882783889771e-01
2.425101995468139648e-01
-6.011540815234184265e-02
-4.441339969635009766e-01
4.025579988956451416e-01
5.344200134277343750e-02
1.353479921817779541e-02
2.501399815082550049e-01
4.058104157447814941e-01
-1.692339777946472168e-01
1.176420003175735474e-01
-3.858541697263717651e-02
-3.013919889926910400e-01
-4.489640295505523682e-01
6.176200509071350098e-01
7.611919939517974854e-02
-4.088859558105468750e-01
-3.063636124134063721e-01
3.342999815940856934e-01
-6.496440172195434570e-01
-4.933739602565765381e-01
7.731519639492034912e-02
-4.742772132158279419e-02
2.664059996604919434e-01
-1.126780062913894653e-01
-5.930700302124023438e-01
2.235974073410034180e-01
2.950220108032226562e-01
2.326039969921112061e-01
1.267800033092498779e-01
-1.223423928022384644e-01
-2.273562252521514893e-01
1.330861151218414307e-01
2.437103986740112305e-01
5.067998077720403671e-03
-2.067755907773971558e-01
5.159199982881546021e-02
3.595860004425048828e-01
7.665319740772247314e-02
-3.114613890647888184e-01
1.603848040103912354e-01
-2.384291887283325195e-01
2.018509805202484131e-01
-3.525100052356719971e-01
8.709119260311126709e-02
1.959960013628005981e-01
-2.288074046373367310e-01
-1.997300088405609131e-01
-3.152939677238464355e-01
-3.149880096316337585e-02
-4.842799901962280273e-02
1.746400073170661926e-02
-7.284460067749023438e-01
8.744599670171737671e-02
-1.329958438873291016e-01
-3.143360018730163574e-01
-5.234400182962417603e-02
-7.937000691890716553e-02
3.504080176353454590e-01
-1.347948014736175537e-01
-5.361939594149589539e-02
3.346140384674072266e-01
2.190844118595123291e-01
-1.456501930952072144e-01
-3.796139955520629883e-01
-1.620347946882247925e-01
-2.156172096729278564e-01
-2.867268025875091553e-01
3.676325678825378418e-01
4.104479774832725525e-02
5.172607898712158203e-01
-3.648039996623992920e-01
-8.927280455827713013e-02
-1.091540008783340454e-01
2.517228126525878906e-01
-1.323048025369644165e-01
5.352999567985534668e-01
7.702399790287017822e-02
-3.928399831056594849e-02
-1.441279947757720947e-01
-7.942619174718856812e-02
-2.923299670219421387e-01
2.067201212048530579e-02
-1.628600433468818665e-02
-4.025817811489105225e-01
2.818807065486907959e-01
8.182398974895477295e-02
9.574680030345916748e-02
-2.222071886062622070e-01
1.795123964548110962e-01
1.051220763474702835e-02
5.184980630874633789e-01
-3.657859861850738525e-01
6.800134778022766113e-01
6.383199989795684814e-02
-2.619259953498840332e-01
-1.088791936635971069e-01
-2.090111970901489258e-01
1.733752042055130005e-01
3.304499983787536621e-01
-1.347466111183166504e-01
3.654746115207672119e-01
-2.777144014835357666e-01
-2.801679968833923340e-01
-3.975679874420166016e-01
-3.111740015447139740e-02
-2.780419886112213135e-01
7.796217501163482666e-02
1.584626138210296631e-01
1.895616054534912109e-01
5.473300218582153320e-01
2.347749918699264526e-01
3.411620110273361206e-02
4.087577760219573975e-01
-2.216092646121978760e-01
-1.368160266429185867e-02
3.744243979454040527e-01
-9.406439960002899170e-02
-1.501874029636383057e-01
-4.827067852020263672e-01
5.377039909362792969e-01
-3.635960221290588379e-01
7.464180886745452881e-02
5.106120109558105469e-01
1.601220071315765381e-01
-4.933232367038726807e-01
-4.572919905185699463e-01
1.186942085623741150e-01
1.377970278263092041e-01
-3.225798010826110840e-01
-7.004580497741699219e-01
-2.603700198233127594e-02
-1.576859951019287109e-01
3.561440110206604004e-01
-6.442600488662719727e-01
-5.997199937701225281e-02
5.601539462804794312e-02
4.883880168199539185e-02
-1.051460132002830505e-01
-1.064060106873512268e-01
-9.784020483493804932e-02
2.080864012241363525e-01
3.056883811950683594e-01
2.732750177383422852e-01
-1.397400815039873123e-02
-1.493647992610931396e-01
-6.408278644084930420e-02
8.205279707908630371e-02
1.557740122079849243e-01
3.017159998416900635e-01
-2.057040035724639893e-01
5.821939706802368164e-01
-1.334329843521118164e-01
-1.714925915002822876e-01
3.768472075462341309e-01
1.198860034346580505e-01
-2.932479977607727051e-01
-1.179537996649742126e-01
1.544580012559890747e-01
2.847875952720642090e-01
-2.397699803113937378e-01
-5.561259984970092773e-01
2.126096040010452271e-01
1.677259951829910278e-01
-3.169600293040275574e-02
-1.054100021719932556e-01
1.491280086338520050e-02
-8.706079423427581787e-02
1.197494044899940491e-01
4.269393980503082275e-01
8.531403727829456329e-03
1.693831980228424072e-01
-1.995415985584259033e-01
-2.894584238529205322e-01
-4.473499655723571777e-01
-3.272044062614440918e-01
1.148540005087852478e-01
-4.488419890403747559e-01
1.088539958000183105e-01
2.023496180772781372e-01
3.628031909465789795e-01
-4.256719946861267090e-01
-1.988516151905059814e-01
-2.164687812328338623e-01
-3.583679720759391785e-02
-6.628819555044174194e-02
3.992919921875000000e-01
1.464180052280426025e-01
1.220436096191406250e-01
5.091539621353149414e-01
-2.696887850761413574e-01
-4.140819907188415527e-01
3.028203845024108887e-01
-4.607339799404144287e-01
-4.498027861118316650e-01
2.085857838392257690e-01
-4.414084553718566895e-01
-1.773276031017303467e-01
-6.104380637407302856e-02
2.021120488643646240e-02
-3.959273695945739746e-01
-3.781400248408317566e-02
-5.689840316772460938e-01
-3.344927728176116943e-01
1.035846024751663208e-01
-2.067541778087615967e-01
2.456000149250030518e-01
1.189419999718666077e-01
3.205240070819854736e-01
3.275366127490997314e-01
-1.834199875593185425e-01
-1.288839895278215408e-02
-1.915339976549148560e-01
-1.947079896926879883e-01
3.384960070252418518e-02
1.337179988622665405e-01
5.948339700698852539e-01
-6.421359777450561523e-01
-1.912708133459091187e-01
-1.552385985851287842e-01
