-1.650474965572357178e-01
2.393067479133605957e-01
-4.474500566720962524e-02
1.296950876712799072e-02
-4.537775218486785889e-01
-1.258774995803833008e-01
1.255227476358413696e-01
1.374797523021697998e-01
-2.789477407932281494e-01
-1.523822426795959473e+00
-1.156255006790161133e-01
-3.317549824714660645e-02
-2.571790218353271484e-01
2.722867429256439209e-01
-4.105749726295471191e-02
-1.390014737844467163e-01
-2.064412534236907959e-01
2.024355530738830566e-01
1.139509975910186768e-01
8.860175311565399170e-02
1.932367384433746338e-01
-1.222074925899505615e-01
-2.325595170259475708e-01
-5.694925785064697266e-04
3.936049714684486389e-02
2.265037447214126587e-01
7.044507563114166260e-02
1.487450152635574341e-01
3.278574943542480469e-01
-2.859950065612792969e-01
-1.344407498836517334e-01
4.019024968147277832e-01
-2.668947577476501465e-01
-3.518075346946716309e-01
-8.262599706649780273e-01
8.623499423265457153e-02
2.634597420692443848e-01
-3.991149961948394775e-01
-2.705139517784118652e-01
3.472537696361541748e-01
-6.475575268268585205e-02
-2.684749960899353027e-01
-6.863759756088256836e-01
4.921274781227111816e-01
-2.181375026702880859e-01
-3.019890189170837402e-01
2.433505058288574219e-01
-1.852372102439403534e-02
-8.587750047445297241e-02
4.775927215814590454e-02
1.083462536334991455e-01
2.027074992656707764e-01
-6.005924940109252930e-02
1.211362481117248535e-01
1.383050084114074707e-01
2.957650125026702881e-01
3.920999765396118164e-01
2.904999256134033203e-02
1.445722430944442749e-01
-2.555450238287448883e-02
5.692675113677978516e-01
2.371067404747009277e-01
5.323000252246856689e-03
2.778710126876831055e-01
-6.036650016903877258e-02
-9.946550428867340088e-02
-2.048124969005584717e-01
1.177936941385269165e-01
2.519899904727935791e-01
-1.818280071020126343e-01
-2.599374949932098389e-01
1.892054975032806396e-01
-1.267512440681457520e-01
3.640894889831542969e-01
-1.189850047230720520e-01
3.022524714469909668e-02
2.779350280761718750e-01
1.620852351188659668e-01
-7.761249691247940063e-02
-2.353525906801223755e-02
-1.421944946050643921e-01
2.021799981594085693e-01
4.350154995918273926e-01
-4.083074927330017090e-01
1.987274885177612305e-01
-1.408199965953826904e-01
-2.672954797744750977e-01
2.465157657861709595e-01
-6.258749961853027344e-02
-1.986925005912780762e-01
1.718654669821262360e-02
2.262813746929168701e-01
-2.986262440681457520e-01
-5.330300331115722656e-01
8.893467485904693604e-02
1.635899990797042847e-01
-1.562135070562362671e-01
-2.934395074844360352e-01
2.450587451457977295e-01
-4.971700012683868408e-01
-3.021952509880065918e-01
3.564841672778129578e-02
2.261000871658325195e-02
1.356703341007232666e-01
-1.970697343349456787e-01
-4.785150289535522461e-01
3.908950090408325195e-01
3.062674999237060547e-01
1.330450028181076050e-01
1.576152443885803223e-01
3.654824942350387573e-02
-1.627520024776458740e-01
2.181916534900665283e-01
-6.524699926376342773e-02
-1.217354983091354370e-01
-9.180474281311035156e-02
6.400499492883682251e-02
1.397500038146972656e-01
2.848275378346443176e-02
-2.660475075244903564e-01
3.324514925479888916e-01
-1.496149897575378418e-01
2.013962417840957642e-01
-2.882750332355499268e-02
2.706049978733062744e-01
1.648850142955780029e-01
6.642675399780273438e-02
1.481699943542480469e-01
-3.309075236320495605e-01
-1.905849575996398926e-02
-1.765750050544738770e-01
9.661944210529327393e-02
-2.079479992389678955e-01
9.308224916458129883e-02
2.085149884223937988e-01
-1.248124986886978149e-01
-1.751690059900283813e-01
-2.550745010375976562e-01
1.964679956436157227e-01
-5.874998867511749268e-03
-2.063579857349395752e-01
6.307525038719177246e-01
1.306899935007095337e-01
-3.172494471073150635e-03
-1.518017500638961792e-01
-1.985229253768920898e-01
-2.519025206565856934e-01
-1.900457441806793213e-01
4.283449947834014893e-01
-2.894574962556362152e-02
2.173774987459182739e-01
-1.975059807300567627e-01
6.959250662475824356e-03
1.527124643325805664e-02
2.592374980449676514e-01
-7.532849907875061035e-02
5.349974632263183594e-01
9.113425016403198242e-02
3.973200023174285889e-01
-2.052100002765655518e-01
-4.042175039649009705e-02
3.488251008093357086e-03
-3.466725349426269531e-01
-5.103600025177001953e-02
-3.020237386226654053e-01
2.597639858722686768e-01
3.263124451041221619e-02
2.305624932050704956e-01
-1.685236841440200806e-01
5.858244374394416809e-03
1.961374878883361816e-01
2.962374985218048096e-01
-7.316501438617706299e-02
2.441267520189285278e-01
7.267999649047851562e-02
1.490387469530105591e-01
-7.865199446678161621e-02
-6.340499222278594971e-02
3.052425086498260498e-01
1.821700036525726318e-01
-1.252257525920867920e-01
2.223654985427856445e-01
-1.901365071535110474e-01
-3.382750153541564941e-01
-2.198580056428909302e-01
-1.836610138416290283e-01
-1.351394951343536377e-01
2.305977493524551392e-01
3.257350027561187744e-01
1.365019977092742920e-01
3.912700116634368896e-01
5.141925439238548279e-02
2.521000206470489502e-01
6.735175102949142456e-02
-3.685429990291595459e-01
-6.884250044822692871e-02
4.082580208778381348e-01
-3.596650063991546631e-02
5.367574840784072876e-02
-4.304899871349334717e-01
1.105502367019653320e+00
-1.766850054264068604e-01
3.867149949073791504e-01
4.066224694252014160e-01
1.434625089168548584e-01
-3.350249305367469788e-02
-4.105210006237030029e-01
2.172499895095825195e-02
2.644512653350830078e-01
-3.604997396469116211e-01
-6.196774840354919434e-01
-6.630675494670867920e-02
-3.428727388381958008e-01
1.982892602682113647e-01
-5.433549880981445312e-01
5.207924917340278625e-02
4.445202648639678955e-01
-1.401009857654571533e-01
-2.118749916553497314e-02
-5.264350175857543945e-01
-2.081199884414672852e-01
2.046869993209838867e-01
1.716374792158603668e-02
1.531479954719543457e-01
1.040949970483779907e-01
6.582975387573242188e-02
1.122490093111991882e-01
1.705582439899444580e-01
3.332500159740447998e-02
2.979098558425903320e-01
-2.190772294998168945e-01
2.355480045080184937e-01
1.306920945644378662e-01
-2.557812631130218506e-01
4.350250586867332458e-02
4.110310077667236328e-01
-2.378579676151275635e-01
1.038032770156860352e-02
-4.915498197078704834e-03
1.966591775417327881e-01
-1.881257444620132446e-01
-5.385107994079589844e-01
9.538550674915313721e-02
3.380525112152099609e-01
-3.786199539899826050e-02
-6.897149980068206787e-02
2.599332630634307861e-01
-2.274575084447860718e-02
-1.660537421703338623e-01
-1.727500185370445251e-02
-3.108450174331665039e-01
3.958524763584136963e-02
-1.848739981651306152e-01
-3.506850004196166992e-01
-2.279774993658065796e-01
-2.684175223112106323e-02
-5.701750144362449646e-02
-2.822949886322021484e-01
-5.256499722599983215e-02
-3.456425666809082031e-02
4.808390140533447266e-01
-4.549899995326995850e-01
-4.768744111061096191e-03
-9.215849637985229492e-02
1.406450103968381882e-02
-1.586034893989562988e-01
2.856150269508361816e-01
3.810874819755554199e-01
4.609594941139221191e-01
6.505700349807739258e-01
-9.907750040292739868e-02
-3.253452479839324951e-01
4.155750274658203125e-01
-2.603139877319335938e-01
1.117109954357147217e-01
3.458672761917114258e-01
-7.804754376411437988e-01
4.876374453306198120e-02
1.121777370572090149e-01
9.197000414133071899e-02
-1.592777520418167114e-01
-3.470175266265869141e-01
-4.959847629070281982e-01
-7.072775065898895264e-02
-2.196375280618667603e-02
4.336649924516677856e-02
-1.401450037956237793e-01
1.556638330221176147e-01
1.811524927616119385e-01
1.881349980831146240e-01
-1.050996258854866028e-01
3.214199095964431763e-02
-1.771622449159622192e-01
-2.812575101852416992e-01
1.925169974565505981e-01
1.268550157546997070e-01
5.238724946975708008e-01
-6.051625013351440430e-01
-6.521250307559967041e-02
4.812249839305877686e-01
