-2.769401073455810547e-01
-1.617770269513130188e-02
-2.731733918190002441e-01
-1.798350177705287933e-02
-5.066040158271789551e-01
5.300389975309371948e-02
-4.175549373030662537e-02
1.671283990144729614e-01
-4.141120016574859619e-01
-1.215682029724121094e+00
6.773169338703155518e-02
6.452159583568572998e-02
-3.177343010902404785e-01
-6.242000963538885117e-03
-7.515810430049896240e-02
-4.754222556948661804e-02
-3.123214840888977051e-01
3.609185814857482910e-01
1.984216123819351196e-01
-1.176645979285240173e-01
-1.567980051040649414e-01
-1.182731837034225464e-01
-3.786360844969749451e-02
1.934662014245986938e-01
-1.481530070304870605e-01
3.356015682220458984e-02
1.557172536849975586e-01
1.329625546932220459e-01
3.077406287193298340e-01
-4.133099913597106934e-01
-2.466009855270385742e-01
4.072810113430023193e-01
-2.693730890750885010e-01
-9.728080034255981445e-02
-7.766619920730590820e-01
1.841917186975479126e-01
2.458459883928298950e-01
-3.687939941883087158e-01
-2.039292752742767334e-01
1.364590227603912354e-01
-1.951400563120841980e-02
6.257783621549606323e-02
-4.386990070343017578e-01
5.522644519805908203e-01
-2.384955883026123047e-01
-2.710635066032409668e-01
2.047557532787322998e-01
-1.406038701534271240e-01
-1.318440120667219162e-02
2.799711562693119049e-02
-2.802749909460544586e-02
2.002408057451248169e-01
-1.802572160959243774e-01
1.719357967376708984e-01
1.950569450855255127e-02
1.718876361846923828e-01
4.283500090241432190e-02
2.214696723967790604e-03
6.035770103335380554e-02
-4.119852185249328613e-01
3.179464936256408691e-01
2.099312841892242432e-01
2.360831946134567261e-01
6.521890312433242798e-02
-1.314292103052139282e-01
-1.168775931000709534e-01
-1.208556890487670898e-01
-4.445898346602916718e-03
3.042239844799041748e-01
-1.924265921115875244e-01
-3.038554191589355469e-01
3.250891864299774170e-01
3.187845051288604736e-01
1.542958170175552368e-01
-3.384459912776947021e-01
-7.854329794645309448e-02
9.230300039052963257e-02
7.010459899902343750e-02
-1.359198987483978271e-01
-4.844339936971664429e-02
-2.393120154738426208e-02
1.683720052242279053e-01
1.044619902968406677e-01
-3.955529928207397461e-01
2.147965878248214722e-01
-2.127950079739093781e-02
-1.164818033576011658e-01
3.746595978736877441e-01
5.774409696459770203e-02
-1.002536043524742126e-01
1.065754890441894531e-01
1.938164234161376953e-01
-3.124510645866394043e-01
-4.994589686393737793e-01
4.285489916801452637e-01
1.382200140506029129e-02
4.741595592349767685e-03
-2.477807998657226562e-01
2.047269791364669800e-01
-5.525745749473571777e-01
-8.162869513034820557e-02
6.092702038586139679e-03
8.207536488771438599e-02
1.277774870395660400e-01
-1.096649020910263062e-01
-1.704400181770324707e-01
-4.937112098559737206e-04
2.048934996128082275e-01
2.061689272522926331e-02
-8.978109806776046753e-02
7.369600236415863037e-02
1.075026988983154297e-01
1.419089734554290771e-01
2.457809001207351685e-01
-1.269006752409040928e-03
7.273098919540643692e-03
-9.411950409412384033e-02
1.519194394350051880e-01
7.924988749437034130e-04
-2.100683897733688354e-01
4.559420049190521240e-01
-4.564139991998672485e-02
4.313397221267223358e-03
-1.588099896907806396e-01
1.316609829664230347e-01
-8.678400889039039612e-03
1.378926932811737061e-01
-2.291699685156345367e-02
-1.234319061040878296e-01
-7.621190696954727173e-02
1.253010332584381104e-02
-4.336399957537651062e-02
-4.327929913997650146e-01
6.615120172500610352e-02
1.444489955902099609e-01
-2.586625218391418457e-01
6.234630197286605835e-02
-1.003316417336463928e-01
3.372929990291595459e-01
-4.318240284919738770e-02
-2.110259979963302612e-01
2.854126989841461182e-01
1.600030958652496338e-01
-1.137953251600265503e-01
-3.093031942844390869e-01
-1.115485876798629761e-01
-2.503103911876678467e-01
-2.159285992383956909e-01
2.378030121326446533e-01
-1.033317893743515015e-01
4.386382102966308594e-01
-2.701835036277770996e-01
1.337079107761383057e-01
-1.224147081375122070e-01
2.606856226921081543e-01
-4.181990399956703186e-02
1.338540017604827881e-01
4.553351923823356628e-02
4.149680212140083313e-02
-6.409510225057601929e-02
1.018781885504722595e-01
-7.610239833593368530e-02
-1.006314978003501892e-01
5.517150089144706726e-02
-2.868685722351074219e-01
1.941422969102859497e-01
-1.225992217659950256e-01
1.319262087345123291e-01
-9.503309428691864014e-02
1.766806989908218384e-01
1.079316139221191406e-01
2.067510187625885010e-01
-2.694500088691711426e-01
5.138596296310424805e-01
-1.385969817638397217e-01
-1.070195883512496948e-01
-2.159983217716217041e-01
-2.188611924648284912e-01
1.534682959318161011e-01
4.200479984283447266e-01
-2.601052820682525635e-01
2.881456911563873291e-01
-2.614975869655609131e-01
-1.425870954990386963e-01
-3.410689234733581543e-01
-3.686524033546447754e-01
-2.743646800518035889e-01
1.832203567028045654e-01
1.784568130970001221e-01
1.832837760448455811e-01
5.293796062469482422e-01
8.278401196002960205e-02
6.659850478172302246e-03
3.542273640632629395e-01
-2.167724817991256714e-01
2.060214281082153320e-01
2.673369050025939941e-01
-1.968984901905059814e-01
-9.048049896955490112e-02
-1.537173837423324585e-01
8.205320239067077637e-01
-3.120959736406803131e-02
2.454607933759689331e-01
2.883640229701995850e-01
1.339187920093536377e-01
-2.679693102836608887e-01
-4.258779883384704590e-01
1.450746059417724609e-01
2.586668133735656738e-01
-2.881238162517547607e-01
-3.771869540214538574e-01
-1.330166161060333252e-01
-2.816014885902404785e-01
3.340229988098144531e-01
-3.941990733146667480e-01
6.722700595855712891e-02
2.110838890075683594e-01
-9.773190319538116455e-02
-2.457810193300247192e-01
-2.866230010986328125e-01
-1.238709967583417892e-02
1.264207661151885986e-01
5.176839977502822876e-02
1.695673912763595581e-01
1.082511395215988159e-01
-3.717748075723648071e-02
-5.853599309921264648e-02
1.363128870725631714e-01
-6.455610692501068115e-02
2.390114963054656982e-01
9.655600413680076599e-03
2.980450987815856934e-01
-4.607850313186645508e-02
-2.020862847566604614e-01
4.010545313358306885e-01
1.047979816794395447e-01
-1.413446962833404541e-01
2.654832554981112480e-03
2.028570175170898438e-01
3.363839983940124512e-01
6.197500973939895630e-02
-3.346185982227325439e-01
8.044730126857757568e-02
-2.675000205636024475e-02
-3.271529674530029297e-01
2.065700292587280273e-02
2.276560962200164795e-01
-1.549525856971740723e-01
-1.238396987318992615e-01
1.082808002829551697e-01
-2.283424139022827148e-01
2.497245818376541138e-01
-1.706361770629882812e-01
-2.296061068773269653e-01
-6.015994586050510406e-03
-1.394672095775604248e-01
9.309000521898269653e-02
-4.128905236721038818e-01
1.637456715106964111e-01
2.467983067035675049e-01
4.561205804347991943e-01
-2.250917851924896240e-01
6.664809770882129669e-03
-2.107590436935424805e-02
-1.519512981176376343e-01
-7.560619711875915527e-02
4.037609696388244629e-01
8.677531033754348755e-02
1.920217871665954590e-01
5.373169779777526855e-01
-1.554914414882659912e-01
-4.064232409000396729e-01
2.017056196928024292e-01
-3.321920037269592285e-01
-1.170917749404907227e-01
3.449128866195678711e-01
-1.003491163253784180e+00
2.836610004305839539e-02
-8.219210803508758545e-02
-2.080214582383632660e-02
-2.173958122730255127e-01
-1.783383041620254517e-01
-5.061717033386230469e-01
-1.503544151782989502e-01
1.538722962141036987e-01
-5.895135924220085144e-02
-9.556829929351806641e-02
9.862780570983886719e-02
2.314179837703704834e-01
2.844994962215423584e-01
-1.698907911777496338e-01
-4.783502314239740372e-03
-1.509182751178741455e-01
4.511139914393424988e-02
4.567280784249305725e-02
2.018222063779830933e-01
5.564500093460083008e-01
-6.625335812568664551e-01
-2.373350113630294800e-01
1.902092099189758301e-01
