-1.578750461339950562e-02
1.672360002994537354e-01
-1.568525135517120361e-01
1.203949749469757080e-02
-2.832275032997131348e-01
-1.319324970245361328e-01
4.930246621370315552e-03
2.804849743843078613e-01
-3.523309826850891113e-01
-1.673624992370605469e+00
-6.891800463199615479e-02
1.357219964265823364e-01
-1.489764899015426636e-01
1.430310010910034180e-01
-8.646000176668167114e-02
-8.737897127866744995e-02
-1.323724985122680664e-01
1.238020509481430054e-01
8.297625184059143066e-02
7.680100202560424805e-02
2.492359876632690430e-01
-2.319999411702156067e-02
-7.960702478885650635e-02
5.045599862933158875e-02
1.072499901056289673e-01
8.357499539852142334e-02
1.658644899725914001e-02
1.464300155639648438e-01
3.382700085639953613e-01
-2.477799952030181885e-01
-1.967607587575912476e-01
5.397324562072753906e-01
-3.452972471714019775e-01
-2.409300059080123901e-01
-9.279900789260864258e-01
-6.572496145963668823e-03
1.862172484397888184e-01
-3.578299880027770996e-01
-1.005939543247222900e-01
2.095450609922409058e-01
-1.172015070915222168e-01
-2.061274945735931396e-01
-6.949234604835510254e-01
3.548599779605865479e-01
-2.085124999284744263e-01
-3.147439956665039062e-01
2.788450121879577637e-01
3.147377446293830872e-02
-2.005524933338165283e-01
4.676048643887042999e-03
-3.124124743044376373e-02
1.722875237464904785e-01
-1.423600036650896072e-02
3.580499812960624695e-02
1.554749906063079834e-02
2.471850067377090454e-01
4.009099900722503662e-01
-8.817508816719055176e-03
2.127679884433746338e-01
-2.691200189292430878e-02
3.379725217819213867e-01
3.540084958076477051e-01
-3.417149931192398071e-02
2.141219973564147949e-01
-5.734800174832344055e-02
-1.530800014734268188e-02
-1.983974874019622803e-01
-1.910589635372161865e-04
1.405024975538253784e-01
-2.537625133991241455e-01
-2.058575004339218140e-01
5.493049323558807373e-02
4.144996870309114456e-03
3.550139963626861572e-01
2.991999685764312744e-02
2.814024873077869415e-02
2.475875020027160645e-01
6.802549958229064941e-02
-1.212449967861175537e-01
1.025599986314773560e-01
-1.690444946289062500e-01
1.957049965858459473e-01
1.755180060863494873e-01
-3.774400055408477783e-01
2.403349876403808594e-01
-1.463975012302398682e-01
-2.853634953498840332e-01
1.016557663679122925e-01
4.670001566410064697e-03
-2.480300068855285645e-01
8.193699270486831665e-02
1.747577488422393799e-01
-3.852024972438812256e-01
-4.996675252914428711e-01
2.280771732330322266e-01
5.403700470924377441e-02
-3.137235045433044434e-01
-2.083339989185333252e-01
2.045412510633468628e-01
-6.129299998283386230e-01
-3.041827380657196045e-01
1.147349998354911804e-01
-8.027250319719314575e-02
3.032025098800659180e-01
-2.384475618600845337e-02
-5.225900411605834961e-01
4.219624996185302734e-01
2.792474925518035889e-01
1.484124958515167236e-01
4.615524783730506897e-02
8.337399363517761230e-02
-4.479224979877471924e-02
1.295693218708038330e-01
-1.267401129007339478e-02
-1.407222449779510498e-01
-1.756699755787849426e-02
2.451474964618682861e-01
9.433750808238983154e-02
3.155025094747543335e-02
-2.298474907875061035e-01
2.688039839267730713e-01
-1.639624834060668945e-01
1.575749963521957397e-01
5.982503294944763184e-03
3.053700029850006104e-01
1.624100059270858765e-01
4.454000666737556458e-02
6.935250014066696167e-02
-2.213300168514251709e-01
4.867800325155258179e-02
-4.790749400854110718e-02
1.972824931144714355e-01
-3.683729767799377441e-01
1.625075004994869232e-02
2.171375155448913574e-01
-7.484000921249389648e-02
-3.792789876461029053e-01
-2.902420163154602051e-01
2.021879851818084717e-01
5.969249829649925232e-02
-1.180654913187026978e-01
6.138700246810913086e-01
2.795524895191192627e-01
1.426649987697601318e-01
-2.625799775123596191e-01
-1.746104061603546143e-01
-2.731450200080871582e-01
-5.692475289106369019e-02
3.869950175285339355e-01
-5.453125387430191040e-02
2.548750042915344238e-01
-2.093760073184967041e-01
9.408500045537948608e-02
1.609962433576583862e-01
2.609724998474121094e-01
-6.517699360847473145e-02
3.117024898529052734e-01
1.619575023651123047e-01
4.488500058650970459e-01
-1.012500077486038208e-01
9.077575802803039551e-02
8.660075068473815918e-02
-1.027600169181823730e-01
7.904002442955970764e-03
-4.710810184478759766e-01
1.564440131187438965e-01
1.159064918756484985e-01
2.357350140810012817e-01
-3.533524870872497559e-01
-1.147617548704147339e-01
1.679899990558624268e-01
3.360725045204162598e-01
-3.225449919700622559e-01
5.776350200176239014e-02
6.571750342845916748e-02
1.055387556552886963e-01
8.504049479961395264e-02
-4.909500107169151306e-02
2.398674935102462769e-01
3.543274998664855957e-01
-4.523400217294692993e-02
2.007029950618743896e-01
-7.188300788402557373e-02
-3.215799927711486816e-01
-1.135454922914505005e-01
-1.227245032787322998e-01
-1.802842617034912109e-01
2.681899964809417725e-01
1.975999772548675537e-02
-1.573850400745868683e-02
3.551225066184997559e-01
-3.472324460744857788e-02
-7.120749354362487793e-02
1.861699968576431274e-01
-3.517029881477355957e-01
-1.426475048065185547e-01
3.825179934501647949e-01
-1.740110069513320923e-01
1.386639922857284546e-01
-3.673850297927856445e-01
1.266195058822631836e+00
-8.621750771999359131e-02
3.568875193595886230e-01
3.744599819183349609e-01
-5.635000765323638916e-03
3.676000237464904785e-02
-4.615410268306732178e-01
-1.195400059223175049e-01
2.190300375223159790e-01
-3.744272589683532715e-01
-4.192124605178833008e-01
-1.602725088596343994e-01
-4.506199657917022705e-01
8.981756865978240967e-03
-3.858624994754791260e-01
-3.982502967119216919e-04
1.608625203371047974e-01
-6.759324669837951660e-02
7.902499288320541382e-03
-4.780049920082092285e-01
-1.730299890041351318e-01
1.327444911003112793e-01
9.824100136756896973e-02
1.727675050497055054e-01
6.876999884843826294e-02
7.499700039625167847e-02
6.944300234317779541e-02
1.118799895048141479e-01
-1.102449968457221985e-01
3.487748503684997559e-01
-2.456024885177612305e-01
1.662730127573013306e-01
1.819899976253509521e-01
-5.982125550508499146e-02
7.040749490261077881e-02
4.907224774360656738e-01
-2.941144704818725586e-01
4.000807926058769226e-02
1.431500166654586792e-01
2.427824884653091431e-01
-6.906825304031372070e-02
-5.444757342338562012e-01
1.152909994125366211e-01
3.678874969482421875e-01
-1.475294977426528931e-01
1.272100210189819336e-02
1.762337535619735718e-01
5.232799798250198364e-02
-1.192187517881393433e-01
9.846249222755432129e-02
-2.105525135993957520e-01
1.308249980211257935e-01
-1.086635068058967590e-01
-1.873449981212615967e-01
-2.110124975442886353e-01
-9.636275470256805420e-02
-3.539749979972839355e-02
-2.947674989700317383e-01
3.466500341892242432e-02
-7.746600359678268433e-02
3.049105107784271240e-01
-4.964574873447418213e-01
-3.778424113988876343e-02
-3.759000077843666077e-02
1.201400160789489746e-02
-1.418599486351013184e-02
2.205199897289276123e-01
1.976674944162368774e-01
1.856515109539031982e-01
5.827975273132324219e-01
-2.123000100255012512e-02
-4.450325071811676025e-01
4.332725107669830322e-01
-2.548664808273315430e-01
1.806950122117996216e-01
9.472200274467468262e-02
-8.274879455566406250e-01
2.130649611353874207e-02
1.817174851894378662e-01
-3.219249844551086426e-02
-4.638949781656265259e-02
-1.766050010919570923e-01
-4.062947630882263184e-01
-6.263949722051620483e-02
-4.650450125336647034e-02
2.296475134789943695e-02
-4.859250038862228394e-02
1.124188303947448730e-01
1.800099909305572510e-01
1.533625125885009766e-01
-1.775446236133575439e-01
5.977798998355865479e-02
-2.058700025081634521e-01
-2.188500016927719116e-01
8.321149647235870361e-02
2.113250046968460083e-01
5.760949850082397461e-01
-6.571249961853027344e-01
-1.308100074529647827e-01
6.120699644088745117e-01
