-2.044315934181213379e-01
-4.382510855793952942e-02
-2.410735487937927246e-01
-6.928566098213195801e-02
-6.479178071022033691e-01
1.392807811498641968e-01
-8.901309967041015625e-02
2.829016447067260742e-01
-4.042540788650512695e-01
-9.655044078826904297e-01
3.334665670990943909e-02
1.869144663214683533e-02
-4.325125515460968018e-01
1.296642422676086426e-01
-2.019000053405761719e-02
-6.119059026241302490e-02
-3.223027586936950684e-01
3.922295570373535156e-01
2.103480100631713867e-01
-1.184303238987922668e-01
-3.357214629650115967e-01
-1.783995628356933594e-01
-2.398097813129425049e-01
1.770783364772796631e-01
1.205990985035896301e-01
2.225023955106735229e-01
1.235794872045516968e-01
1.478750705718994141e-01
3.159030079841613770e-01
-4.812384843826293945e-01
-9.170777350664138794e-02
4.029622375965118408e-01
-2.635899782180786133e-01
-1.167486608028411865e-01
-6.586177349090576172e-01
1.760720014572143555e-01
4.222835302352905273e-01
-4.106999635696411133e-01
-3.663332462310791016e-01
2.147166728973388672e-01
-1.332974582910537720e-01
1.833077892661094666e-02
-5.039599537849426270e-01
6.485519409179687500e-01
-2.546677887439727783e-01
-2.846499979496002197e-01
2.658010721206665039e-01
-1.391887217760086060e-01
3.275932744145393372e-02
1.647864580154418945e-01
-2.702777832746505737e-02
2.166541069746017456e-01
-2.076695561408996582e-01
1.084919944405555725e-01
-7.211834192276000977e-02
2.868740260601043701e-01
1.605833321809768677e-01
-1.125664412975311279e-01
2.330156415700912476e-02
-4.376049041748046875e-01
4.144677519798278809e-01
2.240969836711883545e-01
1.471246629953384399e-01
1.579176634550094604e-01
-5.236665531992912292e-02
-1.287919878959655762e-01
-1.121573299169540405e-01
-1.867810823023319244e-02
3.855399787425994873e-01
-1.433268934488296509e-01
-4.081974625587463379e-01
3.955759704113006592e-01
2.036683261394500732e-01
9.460310637950897217e-02
-5.347044467926025391e-01
-2.520455420017242432e-01
1.721177548170089722e-01
1.711238920688629150e-01
-2.221821099519729614e-01
-3.354144841432571411e-02
4.038780927658081055e-03
1.691966652870178223e-01
2.411224544048309326e-01
-4.928588867187500000e-01
1.509988903999328613e-01
-1.395016610622406006e-01
-1.339801102876663208e-01
3.463262319564819336e-01
-1.477143466472625732e-01
-1.739296764135360718e-01
7.277067750692367554e-02
5.089950934052467346e-02
-3.453406691551208496e-01
-5.507311224937438965e-01
1.919511109590530396e-01
3.971756249666213989e-02
2.472110465168952942e-02
-3.244836628437042236e-01
3.151088953018188477e-01
-5.054720044136047363e-01
-1.225966587662696838e-01
-3.441439568996429443e-02
9.107587486505508423e-02
1.473155915737152100e-01
-1.173211038112640381e-01
-2.454978078603744507e-01
-9.290667623281478882e-02
1.850981116294860840e-01
9.317766875028610229e-02
-5.946883466094732285e-03
1.684129983186721802e-01
6.509321928024291992e-02
2.000004053115844727e-01
1.720601171255111694e-01
-2.031714320182800293e-01
-6.578656286001205444e-02
-2.370558083057403564e-01
2.702230811119079590e-01
-5.129966884851455688e-02
-3.440185189247131348e-01
5.909233093261718750e-01
-9.906154870986938477e-02
-5.153134092688560486e-02
-2.635777592658996582e-01
1.690691113471984863e-01
1.051093414425849915e-01
3.062188625335693359e-02
1.798255741596221924e-01
-2.654260396957397461e-01
-3.410322219133377075e-02
-1.060807853937149048e-01
-3.137191757559776306e-02
-2.719355821609497070e-01
1.553649008274078369e-01
2.251255512237548828e-01
-2.052311152219772339e-01
-2.720822207629680634e-02
-1.694134920835494995e-01
3.054177761077880859e-01
-1.375013291835784912e-01
-1.415577679872512817e-01
3.663064539432525635e-01
3.561544418334960938e-02
-1.112413406372070312e-01
-1.736934483051300049e-01
-2.020214349031448364e-01
-2.484296411275863647e-01
-1.872339844703674316e-01
1.873577833175659180e-01
-1.670307815074920654e-01
3.992313146591186523e-01
-2.752366662025451660e-01
1.055173352360725403e-01
-2.232697755098342896e-01
2.624212503433227539e-01
5.691533535718917847e-02
2.562611103057861328e-01
3.160690888762474060e-02
1.649276614189147949e-01
1.595110818743705750e-02
2.311144471168518066e-01
9.250544942915439606e-03
-1.885211169719696045e-01
1.067954450845718384e-01
-2.149798721075057983e-01
3.152955472469329834e-01
-7.776922732591629028e-02
-4.890399426221847534e-02
-1.661561876535415649e-01
1.523822098970413208e-01
1.595742106437683105e-01
2.642533183097839355e-01
-2.172110415995121002e-02
4.317218661308288574e-01
-6.857332587242126465e-02
4.611998796463012695e-03
-2.900066971778869629e-01
-1.213068813085556030e-01
2.231816649436950684e-01
4.013510942459106445e-01
-2.988074719905853271e-01
3.970245420932769775e-01
-3.363984525203704834e-01
-1.808090955018997192e-01
-3.858334422111511230e-01
-4.036559760570526123e-01
-2.325479239225387573e-01
1.655655726790428162e-02
2.139963358640670776e-01
2.849353551864624023e-01
4.278462231159210205e-01
4.209334030747413635e-02
6.703244894742965698e-02
3.826636075973510742e-01
-3.431333601474761963e-01
2.769130468368530273e-01
2.883166372776031494e-01
-2.390498518943786621e-01
-1.865461170673370361e-01
-1.211042031645774841e-01
8.518288731575012207e-01
8.616766333580017090e-02
2.129414677619934082e-01
3.852556049823760986e-01
8.536522835493087769e-02
-1.702927947044372559e-01
-4.292933344841003418e-01
2.669827640056610107e-01
3.788494467735290527e-01
-3.761497735977172852e-01
-5.894548296928405762e-01
4.047700017690658569e-02
-3.037512004375457764e-01
3.796999752521514893e-01
-3.568998873233795166e-01
7.650998979806900024e-02
2.191120833158493042e-01
-1.732798963785171509e-01
-2.679089009761810303e-01
-4.683044254779815674e-01
-9.395444393157958984e-02
1.811855584383010864e-01
1.075545549392700195e-01
1.326451003551483154e-01
-3.525684773921966553e-02
6.390334665775299072e-02
-5.173644050955772400e-02
2.158684432506561279e-01
-6.161577999591827393e-02
3.557088971138000488e-01
2.954901009798049927e-02
3.632378876209259033e-01
4.626137763261795044e-02
-2.941097617149353027e-01
4.377464056015014648e-01
-2.471289411187171936e-02
-1.710254400968551636e-01
4.138122126460075378e-02
2.420386672019958496e-01
2.312209606170654297e-01
-1.460044234991073608e-01
-3.329324424266815186e-01
-1.600765995681285858e-02
-8.857333660125732422e-02
-1.474922299385070801e-01
-2.702166885137557983e-02
1.260221004486083984e-01
5.933220963925123215e-03
-2.260771393775939941e-01
1.352364420890808105e-01
-3.629201948642730713e-01
1.688449978828430176e-01
-6.000055372714996338e-02
-2.111983150243759155e-01
-8.626376837491989136e-02
-1.346695572137832642e-01
1.097088828682899475e-01
-3.746008872985839844e-01
1.818893998861312866e-01
1.301605552434921265e-01
5.472928881645202637e-01
-2.991086542606353760e-01
-6.694866716861724854e-02
-5.302578955888748169e-02
-1.180624440312385559e-01
-1.525416672229766846e-01
6.131044030189514160e-01
1.321133375167846680e-01
2.517064511775970459e-01
6.058766841888427734e-01
-1.591933369636535645e-01
-3.126207888126373291e-01
2.733311057090759277e-01
-3.775850236415863037e-01
-2.302953153848648071e-01
5.236098766326904297e-01
-6.340188980102539062e-01
6.776544451713562012e-02
-1.477977633476257324e-01
-2.818271890282630920e-02
-2.618856728076934814e-01
-2.744016647338867188e-01
-6.695664525032043457e-01
-1.986101269721984863e-01
2.525300979614257812e-01
-2.572488784790039062e-02
-1.804258972406387329e-01
1.304214000701904297e-01
2.908582091331481934e-01
2.191886752843856812e-01
-2.080491185188293457e-01
2.640422247350215912e-02
-1.409780234098434448e-01
-6.122843921184539795e-02
5.398865044116973877e-02
2.220325469970703125e-01
4.946321845054626465e-01
-7.480369210243225098e-01
-2.997055649757385254e-01
2.489213198423385620e-01
