-4.416055977344512939e-03
2.298400364816188812e-02
-2.994580268859863281e-01
-1.434117555618286133e-01
-5.695349574089050293e-01
1.067899912595748901e-01
-1.009275019168853760e-01
3.645745217800140381e-01
-3.864550292491912842e-01
-1.135202527046203613e+00
-7.907550781965255737e-02
-3.764256834983825684e-03
-2.685125172138214111e-01
1.734822392463684082e-01
-3.489250689744949341e-02
-1.634674966335296631e-01
-3.033137321472167969e-01
3.546614944934844971e-01
2.019242644309997559e-01
-2.047824859619140625e-02
-1.624107658863067627e-01
-4.318000376224517822e-02
-4.985174909234046936e-02
1.542755067348480225e-01
2.433999925851821899e-01
1.309537440538406372e-01
2.072353661060333252e-01
1.762500405311584473e-02
3.543847501277923584e-01
-4.237599670886993408e-01
-2.576475143432617188e-01
4.449475109577178955e-01
-3.303125202655792236e-01
8.672975003719329834e-02
-5.911974906921386719e-01
2.597600966691970825e-02
2.149649858474731445e-01
-3.019399940967559814e-01
-2.580197453498840332e-01
5.129162669181823730e-01
-6.167974323034286499e-02
6.653925031423568726e-02
-4.585124850273132324e-01
5.451417565345764160e-01
-2.808524966239929199e-01
-1.486637592315673828e-01
4.350550174713134766e-01
-5.182687938213348389e-02
-6.447251141071319580e-02
3.803177922964096069e-02
-1.603634953498840332e-01
2.397785037755966187e-01
-5.042650178074836731e-02
2.206125110387802124e-02
-1.485155075788497925e-01
1.783699691295623779e-01
1.064999923110008240e-01
-4.957924783229827881e-02
2.043050527572631836e-02
-3.616432547569274902e-01
3.634625673294067383e-02
3.704800009727478027e-01
8.527999371290206909e-02
5.509350448846817017e-02
-2.439507544040679932e-01
-5.012497305870056152e-03
-1.582830101251602173e-01
1.150677502155303955e-01
2.714250087738037109e-01
-1.264674961566925049e-01
-1.772107630968093872e-01
3.343985080718994141e-01
1.251911818981170654e-01
1.513794958591461182e-01
-4.643799960613250732e-01
-1.105300039052963257e-01
2.445455193519592285e-01
1.416300889104604721e-02
-1.841875016689300537e-01
1.586494892835617065e-01
2.158225886523723602e-02
1.501077413558959961e-01
-2.045599929988384247e-02
-4.876525104045867920e-01
2.246024906635284424e-01
2.259450033307075500e-02
-1.284417510032653809e-01
7.499575614929199219e-02
-2.877649962902069092e-01
-2.387289851903915405e-01
2.857948653399944305e-02
4.112137481570243835e-02
-3.276225030422210693e-01
-6.432524919509887695e-01
2.428925037384033203e-01
-6.534799933433532715e-02
-1.710200160741806030e-01
-1.798027455806732178e-01
8.215250074863433838e-02
-2.546632587909698486e-01
-1.125522553920745850e-01
7.542674243450164795e-02
8.380549401044845581e-02
2.820750176906585693e-01
4.045999795198440552e-02
-2.947350144386291504e-01
1.796424984931945801e-01
2.508905231952667236e-01
3.066749870777130127e-02
3.104748576879501343e-02
-5.596999824047088623e-02
1.663747429847717285e-01
1.147921457886695862e-01
4.675775021314620972e-02
-1.102250814437866211e-02
-2.393224835395812988e-02
-1.714825034141540527e-01
2.114695161581039429e-01
-1.290800049901008606e-02
-2.283742427825927734e-01
4.561024904251098633e-01
-1.902400106191635132e-01
8.361250162124633789e-03
-1.571749150753021240e-02
1.699247360229492188e-01
1.492834985256195068e-01
3.528000414371490479e-02
-9.737500548362731934e-02
-8.242501318454742432e-02
-1.979275047779083252e-01
-9.639494121074676514e-03
2.953174710273742676e-01
-3.400662541389465332e-01
1.179309934377670288e-01
3.968899846076965332e-01
-3.340375050902366638e-02
-7.421649992465972900e-02
-2.430450022220611572e-01
2.197524905204772949e-01
-1.383749768137931824e-02
-4.450524598360061646e-02
5.224035382270812988e-01
1.078670024871826172e-01
-1.202654838562011719e-02
-4.279854893684387207e-01
-2.364107370376586914e-01
-3.053792715072631836e-01
5.631099268794059753e-02
1.711049824953079224e-01
-1.163939982652664185e-01
4.033715128898620605e-01
-2.419999837875366211e-01
7.311749458312988281e-02
-1.077862456440925598e-01
4.549425244331359863e-01
-5.103474855422973633e-02
4.370500147342681885e-02
9.275748580694198608e-02
1.489197611808776855e-01
1.167649924755096436e-01
1.553300023078918457e-01
8.692450076341629028e-02
-7.989624142646789551e-02
-1.750748371705412865e-03
-3.963994979858398438e-01
4.163999855518341064e-02
1.067496836185455322e-03
-8.114600181579589844e-02
-2.262549996376037598e-01
4.011157527565956116e-02
1.372445076704025269e-01
2.038092613220214844e-01
-2.865999937057495117e-01
3.949742615222930908e-01
1.136150062084197998e-01
-9.459275007247924805e-02
-1.158899962902069092e-01
-7.422775030136108398e-02
2.767724990844726562e-01
2.461775094270706177e-01
-4.436574876308441162e-02
4.078624844551086426e-01
-4.590849950909614563e-02
-1.030164957046508789e-01
-4.152525067329406738e-01
-1.907885074615478516e-01
-3.426474928855895996e-01
2.115049958229064941e-01
-7.682250440120697021e-02
1.695294976234436035e-01
3.905999958515167236e-01
1.343100070953369141e-01
3.887899965047836304e-02
2.358644902706146240e-01
-4.415209591388702393e-01
5.019625276327133179e-02
1.206027492880821228e-01
-2.861524820327758789e-01
-1.149829924106597900e-01
-1.379909664392471313e-01
9.817600250244140625e-01
2.094049900770187378e-01
1.423197537660598755e-01
2.879849970340728760e-01
1.143732592463493347e-01
-6.165199726819992065e-02
-6.086524724960327148e-01
1.253177523612976074e-01
2.279112935066223145e-01
-3.811700344085693359e-01
-4.183007478713989258e-01
-8.769249916076660156e-02
-1.974687278270721436e-01
1.808174997568130493e-01
-1.066509932279586792e-01
4.458250105381011963e-02
1.505297571420669556e-01
-2.016305029392242432e-01
-2.521375119686126709e-01
-2.544849812984466553e-01
-1.119399964809417725e-01
1.473028212785720825e-01
3.105275034904479980e-01
2.938399910926818848e-01
-1.474817395210266113e-01
1.147764474153518677e-01
1.044120043516159058e-01
3.382447361946105957e-01
1.477397382259368896e-01
2.984099686145782471e-01
5.383475124835968018e-02
4.964625239372253418e-01
9.120599180459976196e-02
-2.592949867248535156e-01
3.383874893188476562e-01
2.720800042152404785e-01
-1.487902551889419556e-01
-4.073350131511688232e-02
5.030749738216400146e-02
3.833814859390258789e-01
-1.210022419691085815e-01
-3.314457237720489502e-01
-9.953425824642181396e-02
-5.381450057029724121e-02
-3.123162388801574707e-01
3.638874739408493042e-02
2.376187443733215332e-01
1.997499912977218628e-02
4.964499920606613159e-02
6.985999643802642822e-02
-1.857329905033111572e-01
1.701110005378723145e-01
-6.142125278711318970e-02
-1.325300037860870361e-01
-1.791025102138519287e-01
-1.655350029468536377e-01
7.455006241798400879e-03
-1.685422509908676147e-01
2.948244810104370117e-01
6.316075474023818970e-02
2.346289902925491333e-01
-3.125124573707580566e-01
1.676974892616271973e-01
1.633760035037994385e-01
-2.160049974918365479e-02
9.645275026559829712e-02
2.693974673748016357e-01
1.528632342815399170e-01
1.870370060205459595e-01
3.368224799633026123e-01
-1.663025021553039551e-01
-5.345224738121032715e-01
5.979275107383728027e-01
-2.820737659931182861e-01
-5.929004400968551636e-03
3.119097650051116943e-01
-8.623274564743041992e-01
-1.647249981760978699e-02
3.218999505043029785e-02
1.465249992907047272e-02
-1.409310102462768555e-01
-5.406374856829643250e-02
-5.186545252799987793e-01
-1.845459938049316406e-01
1.904902458190917969e-01
1.320000737905502319e-03
-1.010822430253028870e-01
9.006775170564651489e-02
2.074742615222930908e-01
2.643052637577056885e-01
-5.278950184583663940e-02
-9.348742663860321045e-03
-3.497425019741058350e-01
3.473000228404998779e-02
4.095219969749450684e-01
3.287774920463562012e-01
4.355850219726562500e-01
-5.018807649612426758e-01
-3.818075060844421387e-01
3.775200247764587402e-01
