-6.989728659391403198e-02
-7.243959605693817139e-02
2.903599664568901062e-02
8.509600535035133362e-03
-7.174120545387268066e-01
9.870022768154740334e-04
-2.001599594950675964e-02
4.333778023719787598e-01
-4.557353556156158447e-01
-1.076493978500366211e+00
-2.473175972700119019e-01
8.509999141097068787e-03
-3.764258027076721191e-01
3.321014046669006348e-01
1.260116100311279297e-01
-2.661059796810150146e-01
-2.571330070495605469e-01
4.247891902923583984e-01
2.270745933055877686e-01
1.391911953687667847e-01
-3.158526122570037842e-01
-2.676399946212768555e-01
-2.132639884948730469e-01
7.377840578556060791e-02
4.106344282627105713e-01
3.793129920959472656e-01
2.412530928850173950e-01
7.203000783920288086e-02
4.666469991207122803e-01
-5.919280052185058594e-01
-1.972399279475212097e-02
2.994639873504638672e-01
-1.014140024781227112e-01
-4.903201013803482056e-02
-4.584739804267883301e-01
6.461360305547714233e-02
4.777100086212158203e-01
-4.929979741573333740e-01
-5.399739742279052734e-01
3.128710389137268066e-01
-3.762373924255371094e-01
6.829479336738586426e-02
-7.027440071105957031e-01
7.389019727706909180e-01
-3.766720294952392578e-01
-2.612380087375640869e-01
3.252664208412170410e-01
-7.059232145547866821e-02
1.732599735260009766e-02
2.593342028558254242e-02
6.273399293422698975e-02
2.707699835300445557e-01
-1.014254093170166016e-01
1.424383968114852905e-01
-1.774180233478546143e-01
6.459520459175109863e-01
1.556160002946853638e-01
-1.139127984642982483e-01
-1.659953892230987549e-01
-4.357059895992279053e-01
3.291400074958801270e-01
2.193206101655960083e-01
-6.856779754161834717e-02
3.906528055667877197e-01
-1.009999867528676987e-02
-7.247400283813476562e-02
-4.100999832153320312e-01
9.610819816589355469e-02
2.736333906650543213e-01
1.639328002929687500e-01
-3.844279944896697998e-01
3.836376070976257324e-01
1.090189963579177856e-01
1.263616085052490234e-01
-4.910359978675842285e-01
-1.827733963727951050e-01
5.870100259780883789e-01
-2.065977752208709717e-01
-1.982140094041824341e-01
4.521419852972030640e-02
-8.673898875713348389e-02
2.254777848720550537e-01
3.238245844841003418e-01
-5.098060369491577148e-01
1.975199878215789795e-01
-2.893199957907199860e-02
-7.784841209650039673e-02
4.877320304512977600e-02
-2.820796072483062744e-01
-4.115839898586273193e-01
-1.411243677139282227e-01
-2.166829109191894531e-01
-3.482669889926910400e-01
-6.640840172767639160e-01
-1.200759857892990112e-01
-2.046899124979972839e-02
-6.463600695133209229e-02
-4.675015807151794434e-01
3.579779863357543945e-01
-4.052140116691589355e-01
-2.937007844448089600e-01
1.326255500316619873e-01
6.835999339818954468e-02
2.884242534637451172e-01
2.656799554824829102e-02
-4.645560383796691895e-01
8.007999509572982788e-02
3.632200062274932861e-01
1.152180060744285583e-01
7.050799578428268433e-02
-9.343900531530380249e-02
-1.057802066206932068e-01
1.946125328540802002e-01
-1.598159968852996826e-02
-8.994660526514053345e-02
-2.090755999088287354e-01
-1.719460040330886841e-01
3.831180036067962646e-01
1.352159958332777023e-02
-3.545733988285064697e-01
5.372659564018249512e-01
-3.184626102447509766e-01
1.173197999596595764e-01
1.538000721484422684e-02
2.174839973449707031e-01
2.621515989303588867e-01
-1.603006124496459961e-01
2.806139886379241943e-01
-4.996359944343566895e-01
-5.750919505953788757e-02
-2.281732112169265747e-01
1.915055662393569946e-01
-3.812960386276245117e-01
2.150404006242752075e-01
3.514721393585205078e-01
-2.220399305224418640e-02
-1.078676134347915649e-01
-2.339439839124679565e-01
1.249740123748779297e-01
-2.367860078811645508e-01
-1.317320168018341064e-01
4.316435754299163818e-01
-2.531680464744567871e-02
-1.487579941749572754e-01
-1.373881995677947998e-01
-1.958580017089843750e-01
-2.717972397804260254e-01
7.053919136524200439e-02
3.630000054836273193e-01
-1.869038045406341553e-01
3.331003785133361816e-01
-2.723340094089508057e-01
-2.489539980888366699e-02
-7.868720591068267822e-02
3.495659828186035156e-01
3.285919874906539917e-02
4.232679903507232666e-01
-6.387259811162948608e-02
3.516100049018859863e-01
1.791939884424209595e-01
3.486880362033843994e-01
9.517599642276763916e-02
-2.042059898376464844e-01
-4.519999772310256958e-02
-4.248321950435638428e-01
4.277659952640533447e-01
-5.711621046066284180e-02
-1.321280002593994141e-01
-2.563369274139404297e-01
7.349639385938644409e-02
1.108162030577659607e-01
5.217739939689636230e-01
2.215199545025825500e-02
5.903533697128295898e-01
3.408519923686981201e-01
1.298160571604967117e-02
-1.712280064821243286e-01
1.362299919128417969e-02
3.548039793968200684e-01
1.677539944648742676e-01
-6.208259984850883484e-02
5.776680111885070801e-01
-2.350364029407501221e-01
-2.766524255275726318e-01
-3.657999932765960693e-01
-2.058848142623901367e-01
-2.498401850461959839e-01
-1.031937971711158752e-01
1.246645897626876831e-01
3.239255845546722412e-01
3.165300190448760986e-01
-4.191997461020946503e-03
2.360680103302001953e-01
1.855951845645904541e-01
-4.640620350837707520e-01
1.953799463808536530e-02
3.061780035495758057e-01
-3.070183992385864258e-01
-2.887573838233947754e-01
-1.731463670730590820e-01
7.996140122413635254e-01
1.209899932146072388e-01
2.573707997798919678e-01
6.577580571174621582e-01
3.149000182747840881e-02
-1.055959910154342651e-01
-3.497959971427917480e-01
3.965460062026977539e-01
2.089650183916091919e-01
-6.172639727592468262e-01
-7.167100310325622559e-01
1.982305943965911865e-01
-2.038602083921432495e-01
1.954800188541412354e-01
-4.063107967376708984e-01
8.869998157024383545e-03
3.949823975563049316e-01
-2.498457878828048706e-01
-2.109660208225250244e-01
-3.617979884147644043e-01
-2.173597812652587891e-01
2.851815819740295410e-01
1.864741891622543335e-01
1.880092024803161621e-01
-1.046952009201049805e-01
-6.086047738790512085e-02
1.132539957761764526e-01
1.696685850620269775e-01
3.331960365176200867e-02
4.472720026969909668e-01
-4.519698768854141235e-02
5.791199803352355957e-01
-7.270332425832748413e-02
-5.850260332226753235e-02
3.082892000675201416e-01
1.100928038358688354e-01
-2.635847926139831543e-01
-1.103978008031845093e-01
8.212158828973770142e-02
1.250297427177429199e-01
-5.911099314689636230e-01
-5.265899896621704102e-01
1.013675928115844727e-01
-3.555399924516677856e-02
-1.352759897708892822e-01
2.429998014122247696e-03
1.666215956211090088e-01
1.110019907355308533e-01
-1.012827977538108826e-01
3.253639638423919678e-01
-4.150539934635162354e-01
1.515161991119384766e-01
2.611439861357212067e-02
-2.445119917392730713e-01
-3.981959819793701172e-01
-1.100821942090988159e-01
-9.004399925470352173e-02
-1.266135871410369873e-01
8.417719602584838867e-02
-1.221733912825584412e-01
5.825952291488647461e-01
-6.085460186004638672e-01
-2.082760818302631378e-02
-2.011467963457107544e-01
5.481959506869316101e-02
-9.208480268716812134e-02
5.665540099143981934e-01
3.830279707908630371e-01
1.851995885372161865e-01
5.638120174407958984e-01
-2.683548331260681152e-01
-2.296341955661773682e-01
5.161620378494262695e-01
-5.745459794998168945e-01
-2.896668016910552979e-01
4.053078293800354004e-01
-1.520740091800689697e-01
-2.043581902980804443e-01
-1.561915874481201172e-01
9.756799787282943726e-02
-1.583222001791000366e-01
-2.522155940532684326e-01
-8.028340339660644531e-01
-2.126741856336593628e-01
1.464713960886001587e-01
-1.002210006117820740e-01
-7.713399827480316162e-02
2.085051983594894409e-01
2.244848012924194336e-01
1.567502021789550781e-01
-2.126379907131195068e-01
5.006760358810424805e-02
-3.422798216342926025e-01
-2.449359893798828125e-01
3.518856167793273926e-01
2.305100262165069580e-01
3.952420055866241455e-01
-8.043200373649597168e-01
-2.842847704887390137e-01
3.276119828224182129e-01
