-1.268773823976516724e-01
-3.243837133049964905e-02
-2.326319813728332520e-01
-9.813782572746276855e-02
-5.822491049766540527e-01
-5.841135978698730469e-02
-8.706045150756835938e-02
4.643895924091339111e-01
-4.299126863479614258e-01
-1.027987360954284668e+00
7.973745465278625488e-02
1.770975440740585327e-01
-4.087392687797546387e-01
4.704953730106353760e-02
-2.089209109544754028e-02
-1.698256731033325195e-01
-2.593554258346557617e-01
1.784774661064147949e-01
2.035067230463027954e-01
-1.703054755926132202e-01
-2.544975280761718750e-01
-2.026163935661315918e-01
-7.925090193748474121e-02
1.422703564167022705e-01
1.205763593316078186e-01
8.772650361061096191e-02
9.167835861444473267e-02
1.904459595680236816e-01
3.300984501838684082e-01
-2.530064880847930908e-01
-1.291081756353378296e-01
3.230974376201629639e-01
-2.625227272510528564e-01
-5.805554613471031189e-02
-5.979363322257995605e-01
3.647427260875701904e-02
3.114618957042694092e-01
-3.733081519603729248e-01
-1.701336503028869629e-01
2.063950151205062866e-01
-1.759936511516571045e-01
2.169535011053085327e-01
-5.340127348899841309e-01
4.871215522289276123e-01
-2.684027254581451416e-01
-2.885731756687164307e-01
2.030854672193527222e-01
-2.072797268629074097e-01
-8.920691162347793579e-02
4.923802241683006287e-02
2.921545319259166718e-02
8.524671196937561035e-02
-1.296309083700180054e-01
2.255246043205261230e-02
-1.024038270115852356e-01
3.002156913280487061e-01
2.575745582580566406e-01
-9.951900690793991089e-02
7.742945104837417603e-02
-4.430122077465057373e-01
2.937667965888977051e-01
2.719390988349914551e-01
3.791026398539543152e-02
7.379936426877975464e-02
-1.201805397868156433e-01
-8.467034995555877686e-02
-3.078442811965942383e-01
-6.792800128459930420e-02
2.192233651876449585e-01
-1.859636306762695312e-01
-1.756360977888107300e-01
4.238654375076293945e-01
3.596454858779907227e-01
2.066887468099594116e-01
-2.536000013351440430e-01
-1.163650080561637878e-01
2.762518227100372314e-01
-2.638308517634868622e-02
-2.494472563266754150e-01
1.485636457800865173e-02
-1.254932731389999390e-01
7.708173245191574097e-02
-7.146409153938293457e-02
-3.012950718402862549e-01
1.667841672897338867e-01
-1.153213679790496826e-01
3.812700137495994568e-02
2.874084711074829102e-01
6.294662505388259888e-02
-2.154194414615631104e-01
1.037576273083686829e-01
8.832281082868576050e-02
-3.544628322124481201e-01
-4.797763526439666748e-01
2.772963643074035645e-01
-6.739336997270584106e-02
7.857000082731246948e-02
-1.512775719165802002e-01
1.747038215398788452e-01
-5.494298338890075684e-01
-2.649451792240142822e-01
9.510973095893859863e-02
-8.007181435823440552e-02
1.753309369087219238e-01
-9.850727766752243042e-02
-2.705473005771636963e-01
-1.956154592335224152e-02
1.784610897302627563e-01
4.345726966857910156e-02
-8.207818865776062012e-02
-2.106381580233573914e-02
-3.100491687655448914e-02
9.514629095792770386e-02
1.375765353441238403e-01
-4.575546085834503174e-02
-5.463881418108940125e-02
6.944999843835830688e-02
2.392243295907974243e-01
4.719081893563270569e-02
-2.461667060852050781e-01
4.935354888439178467e-01
-8.669991046190261841e-02
1.272682696580886841e-01
-1.471745371818542480e-01
4.191472753882408142e-02
2.572187185287475586e-01
-1.081663928925991058e-02
8.104453980922698975e-02
-2.038791179656982422e-01
1.590518280863761902e-02
-4.765172302722930908e-02
-1.625999808311462402e-02
-4.564872682094573975e-01
1.189187243580818176e-01
1.637191623449325562e-01
-2.358077168464660645e-01
-1.582940965890884399e-01
-1.714724004268646240e-01
2.806527316570281982e-01
-8.508127927780151367e-02
-6.339090317487716675e-02
3.887188136577606201e-01
2.020216435194015503e-01
-1.148312091827392578e-01
-2.489230632781982422e-01
-9.965027123689651489e-02
-2.679975330829620361e-01
-1.939899921417236328e-01
3.378455042839050293e-01
-8.250481635332107544e-02
2.779957950115203857e-01
-9.547090530395507812e-02
1.609241813421249390e-01
-1.067213565111160278e-01
1.774911880493164062e-01
-3.341890871524810791e-02
1.296081691980361938e-01
8.286000043153762817e-02
2.616935372352600098e-01
6.830811500549316406e-03
1.638336777687072754e-01
2.893863804638385773e-02
-1.727304458618164062e-01
5.077030509710311890e-02
-3.981316685676574707e-01
2.818463444709777832e-01
5.903980880975723267e-02
8.547054976224899292e-02
-2.378028035163879395e-01
-2.137073129415512085e-02
2.219462841749191284e-01
2.242477983236312866e-01
-8.590000122785568237e-02
4.679121971130371094e-01
-7.144636660814285278e-02
-4.833827167749404907e-02
-6.880163401365280151e-02
-1.236732676625251770e-01
1.344914436340332031e-01
4.267526865005493164e-01
-1.582069247961044312e-01
3.247200548648834229e-01
-9.334890544414520264e-02
-2.031596302986145020e-01
-2.079120725393295288e-01
-2.991752624511718750e-01
-2.660663425922393799e-01
1.997723579406738281e-01
3.974372521042823792e-02
2.871168851852416992e-01
4.377259910106658936e-01
6.297454982995986938e-02
-1.488852649927139282e-01
3.129186034202575684e-01
-2.245504707098007202e-01
3.489793092012405396e-02
1.910589784383773804e-01
-1.739699691534042358e-01
-2.554649114608764648e-01
-2.155940681695938110e-01
7.337745428085327148e-01
-1.834182254970073700e-02
4.297735393047332764e-01
3.615127205848693848e-01
3.304954990744590759e-02
-1.994697451591491699e-01
-4.706554412841796875e-01
2.340571768581867218e-02
1.872421205043792725e-01
-4.339027702808380127e-01
-4.320542514324188232e-01
-5.244092643260955811e-02
-2.773504555225372314e-01
2.686918079853057861e-01
-2.934640049934387207e-01
1.774200052022933960e-01
8.471088111400604248e-02
-5.944367032498121262e-03
-1.906991004943847656e-01
-4.168317914009094238e-01
-7.412532716989517212e-02
1.345301270484924316e-01
1.021181792020797729e-01
1.293794661760330200e-01
1.207593642175197601e-02
-2.979088388383388519e-02
6.996145844459533691e-02
9.852845221757888794e-02
-9.328098595142364502e-02
3.581427335739135742e-01
6.738722324371337891e-03
1.786028295755386353e-01
5.577509105205535889e-02
-8.415555208921432495e-02
3.155237138271331787e-01
1.255256235599517822e-01
-1.474369913339614868e-01
-1.127016320824623108e-01
2.436745315790176392e-01
3.027969002723693848e-01
5.273095332086086273e-03
-3.841175734996795654e-01
-1.964836195111274719e-02
1.189092290587723255e-03
-2.497847229242324829e-01
-1.217886283993721008e-01
9.508144855499267578e-02
-7.737728767096996307e-03
-1.609488129615783691e-01
1.967923641204833984e-01
-2.529419958591461182e-01
2.555648982524871826e-01
-1.216157227754592896e-01
-3.071018159389495850e-01
-1.468243598937988281e-01
-1.263505369424819946e-01
-7.780364155769348145e-02
-3.212158977985382080e-01
1.440462470054626465e-01
9.625872969627380371e-02
3.298811018466949463e-01
-4.292425215244293213e-01
-4.803745448589324951e-02
7.288308441638946533e-02
-1.348475515842437744e-01
-2.759918384253978729e-02
5.628600120544433594e-01
1.568606197834014893e-01
1.468641906976699829e-01
5.154208540916442871e-01
-5.422984436154365540e-02
-2.401519864797592163e-01
1.837105304002761841e-01
-4.542095363140106201e-01
-1.993965208530426025e-01
3.139007389545440674e-01
-4.769479632377624512e-01
-4.027090221643447876e-02
-1.082818116992712021e-02
3.921867907047271729e-02
-1.454655528068542480e-01
-2.386910021305084229e-01
-3.629576265811920166e-01
-2.232598215341567993e-01
1.515934467315673828e-01
2.272576093673706055e-02
-1.908709108829498291e-01
1.978470832109451294e-01
2.701163589954376221e-01
1.138440445065498352e-01
-2.798670828342437744e-01
3.910227119922637939e-02
-1.659609228372573853e-01
-5.307145044207572937e-02
8.700236678123474121e-02
4.047792553901672363e-01
4.823163747787475586e-01
-6.722520589828491211e-01
-1.066676378250122070e-01
3.085302114486694336e-01
