-8.729591965675354004e-02
1.905766874551773071e-02
-1.148611009120941162e-01
-2.785755507647991180e-02
-6.121778488159179688e-01
-6.440166383981704712e-02
2.477109432220458984e-03
3.283520936965942383e-01
-2.991034388542175293e-01
-1.059972286224365234e+00
-8.306756615638732910e-02
2.519643679261207581e-02
-3.176439106464385986e-01
2.447893321514129639e-01
1.625223318114876747e-03
-1.518696695566177368e-01
-1.786133497953414917e-01
1.328864693641662598e-01
1.440134495496749878e-01
-1.191000640392303467e-02
-3.102922439575195312e-02
-1.713866591453552246e-01
-6.386122107505798340e-02
-2.954066544771194458e-02
3.797687962651252747e-02
1.669388860464096069e-01
8.245475590229034424e-02
7.563667744398117065e-02
2.974716424942016602e-01
-2.834122180938720703e-01
-2.015625685453414917e-01
2.785600125789642334e-01
-2.420533299446105957e-01
-1.350785642862319946e-01
-6.992578506469726562e-01
6.021521985530853271e-02
3.520534336566925049e-01
-4.307111501693725586e-01
-2.751721739768981934e-01
1.719855666160583496e-01
-2.206547856330871582e-01
-7.845383137464523315e-02
-6.373426914215087891e-01
4.205622076988220215e-01
-2.584822177886962891e-01
-2.890090048313140869e-01
2.115969061851501465e-01
-1.768604069948196411e-01
-2.058099955320358276e-02
6.741797085851430893e-03
7.672888785600662231e-02
1.184777691960334778e-01
-8.101566880941390991e-02
8.451399952173233032e-02
-9.082400053739547729e-02
4.525288939476013184e-01
1.548333466053009033e-01
-5.811100453138351440e-02
2.842288836836814880e-02
-2.285322099924087524e-01
3.535349965095520020e-01
2.447252273559570312e-01
7.736649713478982449e-04
1.465364545583724976e-01
-3.881033137440681458e-02
-6.369310617446899414e-02
-3.442566394805908203e-01
9.144952893257141113e-02
2.108274400234222412e-01
-5.509133636951446533e-02
-1.800644397735595703e-01
3.538860082626342773e-01
9.976332634687423706e-02
2.670517861843109131e-01
-2.885577678680419922e-01
-9.988099336624145508e-02
3.423733413219451904e-01
-8.718310296535491943e-02
-1.760888844728469849e-01
9.046677500009536743e-02
-1.190514266490936279e-01
3.942878171801567078e-02
1.493925452232360840e-01
-3.427697718143463135e-01
2.539728879928588867e-01
3.530333563685417175e-02
-8.070266246795654297e-02
1.917425543069839478e-01
-9.358978271484375000e-02
-2.093406617641448975e-01
1.309268362820148468e-02
-9.087820653803646564e-04
-3.069165647029876709e-01
-4.910544157028198242e-01
1.132120713591575623e-01
8.289588987827301025e-02
-1.283988952636718750e-01
-1.654220223426818848e-01
1.897404342889785767e-01
-4.206499755382537842e-01
-2.586557865142822266e-01
7.706817984580993652e-02
-1.109644472599029541e-01
1.679323613643646240e-01
-1.432999968528747559e-01
-3.450378179550170898e-01
1.714958846569061279e-01
2.655552327632904053e-01
3.848888911306858063e-03
1.122522205114364624e-01
-6.225099787116050720e-02
-1.425646692514419556e-01
1.201175823807716370e-01
-3.495189175009727478e-02
-5.187688767910003662e-02
-5.239966884255409241e-02
4.002044722437858582e-02
2.561799883842468262e-01
9.202988445758819580e-02
-1.937941163778305054e-01
2.913223505020141602e-01
-2.157869935035705566e-01
2.714491188526153564e-01
-1.784566491842269897e-01
5.814445018768310547e-02
1.862799823284149170e-01
-9.041734039783477783e-02
1.406211107969284058e-01
-3.339099884033203125e-01
2.410744689404964447e-02
-1.673175543546676636e-01
1.046853065490722656e-01
-3.550168275833129883e-01
1.210736706852912903e-01
1.163112074136734009e-01
-3.594277799129486084e-02
-1.579043269157409668e-01
-2.341236472129821777e-01
2.042546719312667847e-01
-1.817389130592346191e-01
-1.293424516916275024e-01
4.611018896102905273e-01
1.219197809696197510e-01
9.648412466049194336e-03
-1.994969993829727173e-01
-7.554241269826889038e-02
-2.416973412036895752e-01
-9.552856534719467163e-02
3.954488933086395264e-01
-7.797089219093322754e-02
1.751357764005661011e-01
-1.620198935270309448e-01
-6.744116544723510742e-03
-8.193977922201156616e-02
2.069965451955795288e-01
-1.266109049320220947e-01
2.707200050354003906e-01
5.349633097648620605e-02
2.571088969707489014e-01
1.561099756509065628e-02
1.619978994131088257e-01
-1.339511126279830933e-01
-2.316427826881408691e-01
-2.424233406782150269e-02
-3.955027759075164795e-01
3.452933728694915771e-01
7.815388590097427368e-02
1.713333278894424438e-01
-1.710483133792877197e-01
3.175999224185943604e-02
2.652623355388641357e-01
4.077500104904174805e-01
-4.985444992780685425e-02
3.558081984519958496e-01
8.388777822256088257e-02
-5.008899047970771790e-02
3.780022263526916504e-02
-1.112110633403062820e-02
1.979788988828659058e-01
2.269344627857208252e-01
-1.353262215852737427e-01
3.589228689670562744e-01
-8.065310865640640259e-02
-3.323429226875305176e-01
-2.156477719545364380e-01
-1.063808873295783997e-01
-2.493490129709243774e-01
1.067935526371002197e-01
8.890544623136520386e-02
2.709517776966094971e-01
3.531711399555206299e-01
2.420866861939430237e-02
1.114144474267959595e-01
1.958973258733749390e-01
-2.980547845363616943e-01
-1.507622301578521729e-01
2.494956701993942261e-01
-1.747824549674987793e-01
-1.713659912347793579e-01
-2.607253193855285645e-01
1.005336642265319824e+00
-7.388667017221450806e-02
3.136074841022491455e-01
4.745633304119110107e-01
3.001111000776290894e-02
-1.498888880014419556e-01
-3.901626765727996826e-01
1.560932099819183350e-01
1.361670196056365967e-01
-4.094532430171966553e-01
-4.913104474544525146e-01
-1.655388809740543365e-02
-2.322877496480941772e-01
1.235685646533966064e-01
-4.443107843399047852e-01
1.197874397039413452e-01
2.214935421943664551e-01
-1.731536537408828735e-01
-9.374111145734786987e-02
-4.266622364521026611e-01
-1.439498811960220337e-01
2.521092295646667480e-01
1.428167670965194702e-01
1.080278903245925903e-01
4.419188946485519409e-02
-4.733325541019439697e-02
1.503237932920455933e-01
1.983366347849369049e-02
-6.393688917160034180e-02
2.866823971271514893e-01
-4.788021743297576904e-02
3.578546643257141113e-01
8.524337410926818848e-02
-1.103114411234855652e-01
2.083856910467147827e-01
2.259437739849090576e-01
-9.727021306753158569e-02
-1.079408824443817139e-01
1.071342155337333679e-01
1.710502952337265015e-01
-2.276815325021743774e-01
-4.301292300224304199e-01
2.645989507436752319e-02
1.344489008188247681e-01
-1.787508875131607056e-01
-1.405733637511730194e-02
1.031070277094841003e-01
3.047467023134231567e-02
-2.726133167743682861e-02
2.159299850463867188e-01
-3.156500160694122314e-01
1.890823245048522949e-01
-9.061127901077270508e-02
-2.261433601379394531e-01
-2.562753260135650635e-01
-8.889578282833099365e-02
-5.964110791683197021e-02
-2.240772247314453125e-01
2.265300229191780090e-02
-9.261289238929748535e-02
3.399418592453002930e-01
-4.553488492965698242e-01
-1.107596680521965027e-01
2.203988656401634216e-02
-7.166651193983852863e-04
4.046644270420074463e-02
4.015266895294189453e-01
3.223889172077178955e-01
9.642910212278366089e-02
5.376866459846496582e-01
-1.252520382404327393e-01
-2.098667770624160767e-01
3.090495467185974121e-01
-3.584151268005371094e-01
-2.070011347532272339e-01
3.225986659526824951e-01
-4.393166303634643555e-01
-1.107849776744842529e-01
-8.653106167912483215e-03
-2.935555297881364822e-03
-1.152167841792106628e-01
-2.382437884807586670e-01
-3.851855993270874023e-01
-1.914272159337997437e-01
-4.098511487245559692e-02
-4.558784887194633484e-02
-9.583777934312820435e-02
2.091392725706100464e-01
1.486800014972686768e-01
1.358414441347122192e-01
-2.181501835584640503e-01
-3.541366383433341980e-02
-2.872432172298431396e-01
-1.698766648769378662e-01
1.823662072420120239e-01
2.083102315664291382e-01
4.475399553775787354e-01
-5.410856008529663086e-01
-1.067159995436668396e-01
3.164544701576232910e-01
