-1.194733679294586182e-01
-2.010274305939674377e-02
-3.056852519512176514e-01
-1.969376355409622192e-01
-4.389249980449676514e-01
-8.838763087987899780e-02
-8.565062284469604492e-02
1.943584978580474854e-01
-3.236104846000671387e-01
-1.468862533569335938e+00
-5.899263173341751099e-02
1.676463782787322998e-01
-2.953457534313201904e-01
1.369074732065200806e-02
1.232362538576126099e-02
-9.709761291742324829e-02
-2.666487395763397217e-01
1.341585218906402588e-01
1.354443728923797607e-01
-5.666737258434295654e-02
9.608750045299530029e-02
3.928512334823608398e-02
4.474724829196929932e-02
5.898712575435638428e-02
-1.183485090732574463e-01
-1.372912526130676270e-01
2.133625894784927368e-01
1.707525104284286499e-01
3.547723889350891113e-01
-3.528262376785278320e-01
-2.342803776264190674e-01
3.578487634658813477e-01
-3.891202509403228760e-01
-1.398874726146459579e-02
-8.444949984550476074e-01
-5.080871284008026123e-03
6.383387744426727295e-02
-3.777068853378295898e-01
-1.138903424143791199e-01
1.143106520175933838e-01
-1.301382631063461304e-01
2.841604873538017273e-02
-6.550655364990234375e-01
4.225333333015441895e-01
-1.715551167726516724e-01
-2.338944971561431885e-01
2.153794914484024048e-01
-1.161123141646385193e-01
-7.623587548732757568e-02
-8.356197178363800049e-02
-9.922248125076293945e-02
1.233655065298080444e-01
4.563625156879425049e-02
4.343999922275543213e-02
-7.342748343944549561e-03
2.126994878053665161e-01
9.676999598741531372e-02
-1.101627573370933533e-01
1.201482713222503662e-01
-2.680612504482269287e-01
3.150074779987335205e-01
2.749271094799041748e-01
1.649892479181289673e-01
5.296350270509719849e-02
-3.966549783945083618e-02
-3.771574795246124268e-02
-1.285112351179122925e-01
9.063072502613067627e-02
2.269807457923889160e-01
-1.600607484579086304e-01
-1.618783771991729736e-01
3.740612566471099854e-01
1.411007493734359741e-01
3.138171136379241943e-01
-2.421312332153320312e-01
-6.127525120973587036e-02
2.245350033044815063e-01
-2.113150060176849365e-02
-9.019862115383148193e-02
1.174522489309310913e-01
-2.116381376981735229e-01
1.165003776550292969e-01
3.833074122667312622e-02
-4.455987513065338135e-01
1.740145087242126465e-01
5.928875133395195007e-02
-1.118088662624359131e-01
2.994243800640106201e-01
1.082725003361701965e-01
-1.610478907823562622e-01
6.783987581729888916e-02
1.690512150526046753e-01
-2.961942851543426514e-01
-4.004575014114379883e-01
5.002886056900024414e-01
1.175019964575767517e-01
-2.455449998378753662e-01
-1.527538746595382690e-01
1.472056210041046143e-01
-4.131285250186920166e-01
-1.887806206941604614e-01
1.765750162303447723e-02
-1.437807679176330566e-01
2.064948827028274536e-01
-1.370325088500976562e-01
-2.502637505531311035e-01
3.075478672981262207e-01
2.854627668857574463e-01
6.545878946781158447e-03
1.471249759197235107e-02
-1.667891293764114380e-01
-1.531962770968675613e-02
3.543927520513534546e-02
-6.895379163324832916e-03
8.201763033866882324e-02
-2.715087868273258209e-02
-2.980000525712966919e-02
1.206471323966979980e-01
1.674518734216690063e-01
-1.357548832893371582e-01
2.788245081901550293e-01
-2.214957177639007568e-01
1.991034895181655884e-01
-1.575025022029876709e-01
6.604167073965072632e-02
3.048200346529483795e-02
9.872131049633026123e-03
4.548574239015579224e-02
-4.545812681317329407e-02
1.887399889528751373e-02
-4.008625447750091553e-02
1.538125425577163696e-02
-4.215293526649475098e-01
-7.487437129020690918e-02
1.409486234188079834e-01
-1.156862527132034302e-01
-9.856260567903518677e-02
-2.932428717613220215e-01
1.442477405071258545e-01
-1.453525014221668243e-02
-6.984435021877288818e-02
3.967328965663909912e-01
2.383837401866912842e-01
3.157660737633705139e-02
-4.713012576103210449e-01
-1.234341412782669067e-03
-3.104246556758880615e-01
-7.638238370418548584e-02
4.203337728977203369e-01
-3.273387625813484192e-02
3.148868680000305176e-01
-2.000373750925064087e-01
4.419718682765960693e-02
-6.676512956619262695e-02
1.931166648864746094e-01
-1.283941268920898438e-01
1.957901418209075928e-01
1.949225068092346191e-01
8.822138607501983643e-02
-7.396012544631958008e-02
-2.779251337051391602e-02
-2.141524478793144226e-02
-8.426125347614288330e-02
-3.821399807929992676e-02
-3.583614826202392578e-01
2.337708473205566406e-01
9.721998125314712524e-03
2.088362425565719604e-01
-1.570253372192382812e-01
1.333371251821517944e-01
7.325600832700729370e-02
3.120139837265014648e-01
-3.815693855285644531e-01
3.077855110168457031e-01
4.526000097393989563e-02
-1.237419918179512024e-01
-6.724137812852859497e-02
-1.247337460517883301e-01
1.462743729352951050e-01
3.426899909973144531e-01
-1.939182430505752563e-01
2.179351150989532471e-01
-4.053100198507308960e-02
-2.884618341922760010e-01
-2.683075070381164551e-01
-1.808697432279586792e-01
-3.098437190055847168e-01
4.253856837749481201e-01
6.243325397372245789e-02
2.033669799566268921e-01
4.347817301750183105e-01
1.161095052957534790e-01
-3.659293055534362793e-02
3.407597243785858154e-01
-2.862371504306793213e-01
-5.586412921547889709e-02
1.790836304426193237e-01
-2.149419933557510376e-01
-1.384767591953277588e-01
-2.495337426662445068e-01
1.036032438278198242e+00
5.260005593299865723e-03
1.916733682155609131e-01
2.785747945308685303e-01
4.853537306189537048e-02
-1.183885037899017334e-01
-3.439967632293701172e-01
3.559912741184234619e-02
1.370341330766677856e-01
-3.187149167060852051e-01
-4.096708893775939941e-01
-2.818320095539093018e-01
-1.981159895658493042e-01
2.088305056095123291e-01
-4.796483516693115234e-01
-9.879998862743377686e-03
6.388797610998153687e-02
-5.473536998033523560e-02
-1.720774918794631958e-01
-1.350925117731094360e-01
-6.551261991262435913e-02
1.538149118423461914e-01
1.669815629720687866e-01
3.046687543392181396e-01
6.808247417211532593e-03
-1.949413865804672241e-01
1.252052634954452515e-01
-7.075675576925277710e-02
-1.461137384176254272e-01
2.446143180131912231e-01
-1.641375571489334106e-02
3.905839920043945312e-01
-3.202199563384056091e-02
-2.288337498903274536e-01
2.877956628799438477e-01
1.443702280521392822e-01
-5.223149061203002930e-02
-9.021262079477310181e-02
2.092375010251998901e-01
1.954779922962188721e-01
-1.478037238121032715e-02
-3.442982137203216553e-01
3.740762919187545776e-02
1.622261404991149902e-01
-1.927884966135025024e-01
8.968862146139144897e-02
1.525425016880035400e-01
-1.423997431993484497e-01
9.225188195705413818e-02
2.103475034236907959e-01
1.172975078225135803e-02
2.346865087747573853e-01
-1.574551165103912354e-01
-1.996957510709762573e-01
-1.277522444725036621e-01
-1.194001287221908569e-01
3.186750411987304688e-02
-3.171469867229461670e-01
5.629625171422958374e-02
2.495075389742851257e-02
2.571364939212799072e-01
-3.505187332630157471e-01
-1.187534928321838379e-01
1.524900645017623901e-02
-1.284900307655334473e-02
-3.895862773060798645e-02
2.302624881267547607e-01
1.585058718919754028e-01
-3.790124133229255676e-02
4.728874862194061279e-01
-8.146152645349502563e-02
-5.248540043830871582e-01
2.794370055198669434e-01
-3.620476424694061279e-01
3.710000962018966675e-02
4.518350213766098022e-02
-1.102996230125427246e+00
-3.727912902832031250e-02
5.342012271285057068e-02
-2.905337512493133545e-02
-1.439554989337921143e-01
-1.898152381181716919e-01
-3.439735174179077148e-01
-2.141984999179840088e-01
1.345084905624389648e-01
-3.549575805664062500e-03
-1.249767392873764038e-01
7.405078411102294922e-02
9.095025062561035156e-02
2.283953875303268433e-01
-1.357590556144714355e-01
-1.161668747663497925e-01
-1.789927482604980469e-01
-6.152000278234481812e-02
1.243219971656799316e-01
1.553302705287933350e-01
5.952649712562561035e-01
-5.059678554534912109e-01
-1.381897479295730591e-01
2.479495108127593994e-01
