-1.618787944316864014e-01
-1.724795401096343994e-01
-3.040813207626342773e-01
-7.597300410270690918e-02
-7.008844614028930664e-01
1.415211111307144165e-01
-2.670488692820072174e-02
2.280104458332061768e-01
-5.194332599639892578e-01
-9.241033196449279785e-01
1.034042164683341980e-01
-8.194078505039215088e-02
-4.243836700916290283e-01
-1.647922024130821228e-02
-8.443778008222579956e-02
-1.033249571919441223e-01
-2.760805487632751465e-01
4.666395783424377441e-01
1.864906847476959229e-01
-2.181659042835235596e-01
-1.377714425325393677e-01
-1.203417778015136719e-01
-1.479929983615875244e-01
1.555549949407577515e-01
-7.802012842148542404e-03
1.604812890291213989e-01
1.207323893904685974e-01
1.364079266786575317e-01
3.457030057907104492e-01
-4.955866634845733643e-01
-1.314799934625625610e-01
4.148477911949157715e-01
-4.063299894332885742e-01
-1.559332162141799927e-01
-7.516722083091735840e-01
1.738137751817703247e-01
4.498799741268157959e-01
-4.195033311843872070e-01
-2.175654321908950806e-01
1.839600205421447754e-01
1.539900433272123337e-02
-1.835555583238601685e-02
-5.152989029884338379e-01
5.245663523674011230e-01
-3.039511144161224365e-01
-2.123716622591018677e-01
1.281748414039611816e-01
-1.605608165264129639e-01
4.524699971079826355e-02
1.897323429584503174e-01
-1.441393494606018066e-01
1.720971018075942993e-01
-3.335831165313720703e-01
-1.649243943393230438e-02
-1.051732227206230164e-01
1.227394342422485352e-01
1.374889016151428223e-01
-2.530234120786190033e-02
1.503644436597824097e-01
-4.326385557651519775e-01
4.845771789550781250e-01
1.920678019523620605e-01
2.926544249057769775e-01
5.198600515723228455e-02
-3.096278570592403412e-02
-1.918003261089324951e-01
-1.050039902329444885e-01
9.497893974184989929e-03
3.796955347061157227e-01
-1.974111199378967285e-01
-4.656447768211364746e-01
3.132995367050170898e-01
2.410611808300018311e-01
2.024509161710739136e-01
-4.167921841144561768e-01
-1.991855502128601074e-01
-1.067422516644001007e-02
3.007003366947174072e-01
-1.785686612129211426e-01
-4.974688962101936340e-02
1.183043345808982849e-01
1.121656596660614014e-01
1.404568850994110107e-01
-4.187399744987487793e-01
3.063855469226837158e-01
-1.006029993295669556e-01
-1.125884428620338440e-01
3.579642176628112793e-01
-7.319879531860351562e-02
-1.972795575857162476e-01
1.296708881855010986e-01
2.115895152091979980e-01
-4.255956411361694336e-01
-5.492199659347534180e-01
3.994411230087280273e-01
2.625339664518833160e-03
2.187773585319519043e-03
-1.445928215980529785e-01
2.356277853250503540e-01
-4.672725498676300049e-01
2.337998710572719574e-03
-3.018109360709786415e-03
3.731499612331390381e-02
2.065370976924896240e-01
-1.614033281803131104e-01
-1.916388869285583496e-01
-1.087588965892791748e-01
1.007362157106399536e-01
5.771733075380325317e-02
8.999776095151901245e-03
2.118066698312759399e-01
-9.491678327322006226e-02
3.085280656814575195e-01
2.867439985275268555e-01
-2.839144468307495117e-01
1.348546743392944336e-01
-2.286594510078430176e-01
8.021101355552673340e-02
-2.000266127288341522e-02
-2.099210023880004883e-01
5.641877651214599609e-01
-1.261730939149856567e-01
-1.421204507350921631e-01
-3.306733369827270508e-01
1.041495949029922485e-01
4.524954780936241150e-02
4.828332364559173584e-02
2.294443920254707336e-02
-1.149260103702545166e-01
7.247775793075561523e-03
6.678038334939628839e-05
-1.521999947726726532e-02
-2.733694314956665039e-01
1.042037829756736755e-01
1.852521151304244995e-01
-1.346972286701202393e-01
-2.434352971613407135e-02
-1.986190378665924072e-01
3.481077551841735840e-01
2.683933265507221222e-02
-9.226932376623153687e-02
3.434070944786071777e-01
2.909788861870765686e-02
-6.252145767211914062e-02
-2.360801994800567627e-01
-2.417503148317337036e-01
-1.720141321420669556e-01
-2.168617844581604004e-01
2.763766646385192871e-01
-2.019971162080764771e-01
4.214927852153778076e-01
-3.396633267402648926e-01
1.002309992909431458e-01
-2.329398989677429199e-01
2.417108267545700073e-01
1.829066500067710876e-02
2.190200239419937134e-01
9.951724112033843994e-02
2.499678358435630798e-02
3.839555010199546814e-02
2.110304236412048340e-01
5.140244588255882263e-02
-2.873471975326538086e-01
4.324899986386299133e-02
-1.825953274965286255e-01
1.722688972949981689e-01
-3.844778239727020264e-02
1.828022487461566925e-02
-1.669414043426513672e-01
1.668696999549865723e-01
1.595597863197326660e-01
1.812563240528106689e-01
-2.444419660605490208e-04
4.588985443115234375e-01
-1.005644425749778748e-01
5.041254684329032898e-02
-2.627533376216888428e-01
-2.424612343311309814e-01
7.874422520399093628e-02
4.748655557632446289e-01
-3.563114702701568604e-01
2.552140951156616211e-01
-3.808793127536773682e-01
-8.942621201276779175e-02
-3.501257598400115967e-01
-4.838204383850097656e-01
-2.252633273601531982e-01
2.052612155675888062e-01
2.662290930747985840e-01
3.457820117473602295e-01
3.296128511428833008e-01
3.294989466667175293e-02
5.031533539295196533e-02
4.760417342185974121e-01
-3.251467049121856689e-01
2.690050303936004639e-01
2.362625598907470703e-01
-1.775961220264434814e-01
-7.345777750015258789e-02
-6.754598766565322876e-02
9.097799658775329590e-01
-2.617811260279268026e-04
2.018544673919677734e-01
3.092509508132934570e-01
1.209783256053924561e-01
-1.855450272560119629e-01
-4.847455620765686035e-01
2.623012065887451172e-01
3.844450116157531738e-01
-2.573943436145782471e-01
-5.196303129196166992e-01
-1.687577515840530396e-01
-3.424525260925292969e-01
3.223507702350616455e-01
-4.377382099628448486e-01
7.882477343082427979e-02
1.028419733047485352e-01
4.089775960892438889e-03
-3.168066442012786865e-01
-5.622233152389526367e-01
-1.369555443525314331e-01
2.041201293468475342e-01
1.247255653142929077e-01
3.320445073768496513e-03
-1.000535860657691956e-01
1.053738072514533997e-01
3.479466959834098816e-02
1.771614551544189453e-01
-1.497745662927627563e-01
3.505855500698089600e-01
4.743299633264541626e-02
3.222990036010742188e-01
5.494965985417366028e-02
-3.466819822788238525e-01
5.234900116920471191e-01
1.299800444394350052e-02
-1.266844570636749268e-01
1.110843345522880554e-01
2.468844503164291382e-01
2.780906558036804199e-01
6.601434201002120972e-02
-2.821680903434753418e-01
-5.260444432497024536e-02
-5.616866052150726318e-02
-9.874277561902999878e-02
2.158388495445251465e-02
1.962339729070663452e-01
-5.469399318099021912e-02
-2.571255564689636230e-01
2.495475858449935913e-01
-3.864080011844635010e-01
3.528126478195190430e-01
-1.325361132621765137e-01
-1.603794395923614502e-01
-1.585524380207061768e-01
-1.067200005054473877e-01
1.452988833189010620e-01
-4.355132281780242920e-01
2.592585086822509766e-01
2.365225404500961304e-01
4.495895206928253174e-01
-1.864162087440490723e-01
-1.419576704502105713e-01
-2.918255701661109924e-02
-3.453910350799560547e-02
-1.098054423928260803e-01
4.924999773502349854e-01
9.244555234909057617e-02
2.594313323497772217e-01
6.371922492980957031e-01
1.936688087880611420e-02
-4.739710986614227295e-01
2.078900039196014404e-01
-3.886227905750274658e-01
-1.370266228914260864e-01
4.867265522480010986e-01
-7.385722398757934570e-01
8.624666929244995117e-02
-9.536901116371154785e-02
-1.707105040550231934e-01
-2.968771159648895264e-01
-2.579699754714965820e-01
-5.988175868988037109e-01
-7.963044196367263794e-02
1.720589995384216309e-01
-3.890888392925262451e-02
-2.289780229330062866e-01
8.609466999769210815e-02
3.897151052951812744e-01
2.416436672210693359e-01
-2.049739956855773926e-01
4.107211157679557800e-02
4.524188488721847534e-02
1.037048920989036560e-01
4.938976839184761047e-02
3.750722110271453857e-01
5.200811028480529785e-01
-7.169880270957946777e-01
-3.882952928543090820e-01
3.628091216087341309e-01
