-3.904299736022949219e-01
4.611320048570632935e-02
-6.235659718513488770e-01
-2.952779829502105713e-02
-6.864479780197143555e-01
2.053038179874420166e-01
-1.824673861265182495e-01
1.714599877595901489e-02
-2.478224039077758789e-01
-9.835960268974304199e-01
6.668459624052047729e-02
7.598000764846801758e-02
-3.265619874000549316e-01
-2.235459983348846436e-01
-1.781702041625976562e-01
-2.326980084180831909e-01
-1.975799165666103363e-02
5.039020180702209473e-01
1.867775917053222656e-01
-9.275860339403152466e-02
-1.812894046306610107e-01
-1.753455996513366699e-01
-7.947999238967895508e-02
-1.783954054117202759e-01
-3.386620283126831055e-01
8.192198351025581360e-03
7.910820096731185913e-02
4.350880086421966553e-01
3.795096278190612793e-01
-5.410600304603576660e-01
-1.467279940843582153e-01
4.739620089530944824e-01
-2.568995952606201172e-01
-1.201771944761276245e-01
-6.131319999694824219e-01
1.517045944929122925e-01
5.696641802787780762e-01
-6.762760281562805176e-01
-1.015027984976768494e-01
-1.539280116558074951e-01
-8.701799809932708740e-02
-1.492121219635009766e-01
-5.290792584419250488e-01
6.780160069465637207e-01
-4.574051797389984131e-01
-3.907839953899383545e-01
1.054321974515914917e-01
-1.018700152635574341e-01
2.789686322212219238e-01
2.076459825038909912e-01
1.078060045838356018e-01
2.746199965476989746e-01
-1.226432099938392639e-01
2.121452093124389648e-01
5.161720514297485352e-02
2.199777811765670776e-01
-7.421199977397918701e-02
-5.031599849462509155e-02
5.707780271768569946e-02
-6.384360194206237793e-01
4.067019820213317871e-01
8.204059302806854248e-02
1.952980011701583862e-01
2.641679644584655762e-01
-1.342278122901916504e-01
-9.642443619668483734e-03
6.429199874401092529e-02
1.570860147476196289e-01
4.044380187988281250e-01
-2.986171841621398926e-01
-4.467380046844482422e-01
5.066440105438232422e-01
4.087920188903808594e-01
3.709240257740020752e-01
-4.590020179748535156e-01
-1.728986054658889771e-01
-4.939001053571701050e-02
2.714319825172424316e-01
-1.100699789822101593e-02
-8.150799572467803955e-02
7.639398425817489624e-02
1.057059988379478455e-01
2.685819864273071289e-01
-3.629980087280273438e-01
3.070932030677795410e-01
-1.384299993515014648e-01
-3.732401179149746895e-03
6.189592480659484863e-01
1.557680070400238037e-01
1.184026002883911133e-01
4.694221913814544678e-01
2.135257422924041748e-01
-4.652020335197448730e-01
-4.407740235328674316e-01
4.784780144691467285e-01
2.852720022201538086e-01
-2.006340026855468750e-01
-3.689544200897216797e-01
3.401439785957336426e-01
-4.602772295475006104e-01
1.927932053804397583e-01
-1.407060027122497559e-01
-1.174426525831222534e-01
6.803138554096221924e-02
-1.374780237674713135e-01
-1.497597992420196533e-01
-2.120933979749679565e-01
2.935424149036407471e-01
1.061999946832656860e-01
-2.393800392746925354e-02
2.020159959793090820e-01
-1.113899331539869308e-02
-1.508402870967984200e-03
3.139297962188720703e-01
-3.425320088863372803e-01
5.706804245710372925e-02
-7.159399986267089844e-02
1.780580282211303711e-01
-3.310599923133850098e-02
-2.218599766492843628e-01
5.297840237617492676e-01
-2.282640039920806885e-01
-1.825219988822937012e-01
-5.550019741058349609e-01
9.530879557132720947e-02
-2.566467821598052979e-01
-2.486659958958625793e-02
-1.408160030841827393e-01
-2.784605920314788818e-01
-3.015858232975006104e-01
-2.697660028934478760e-01
-4.947819709777832031e-01
-6.579959988594055176e-01
1.891667991876602173e-01
-1.121731847524642944e-01
-4.206039905548095703e-01
1.755597889423370361e-01
-3.613500669598579407e-02
5.918213725090026855e-01
-1.595356017351150513e-01
-2.328619956970214844e-01
2.236898243427276611e-01
1.335071921348571777e-01
-4.323325678706169128e-02
-1.146519929170608521e-01
-8.349800109863281250e-02
-2.632459998130798340e-01
-4.491819739341735840e-01
1.899479925632476807e-01
-8.039237558841705322e-02
5.405871868133544922e-01
-2.818340063095092773e-01
-6.173201836645603180e-03
-3.211739659309387207e-01
1.711653918027877808e-01
-3.607040047645568848e-01
3.678919970989227295e-01
7.748006284236907959e-02
-2.118339985609054565e-01
-2.305759638547897339e-01
-2.345999702811241150e-02
-3.768219947814941406e-01
-3.264560103416442871e-01
4.783327504992485046e-02
-1.644099950790405273e-01
2.100467681884765625e-01
-1.629720032215118408e-01
-7.885933155193924904e-04
-2.668899893760681152e-01
4.045399725437164307e-01
1.342259943485260010e-01
4.466540217399597168e-01
-1.160597950220108032e-01
5.246840119361877441e-01
-9.641001373529434204e-02
-2.596139907836914062e-01
-1.278825998306274414e-01
-4.218455255031585693e-01
1.235032081604003906e-01
4.766480028629302979e-01
-4.499520361423492432e-01
4.472159743309020996e-01
-3.884620070457458496e-01
-2.992050051689147949e-01
-2.716615796089172363e-01
-4.490160048007965088e-01
-3.765659928321838379e-01
1.102794855833053589e-01
5.586832761764526367e-01
3.176099956035614014e-01
6.558560132980346680e-01
3.625380098819732666e-01
6.442008912563323975e-02
5.219339728355407715e-01
-1.994286030530929565e-01
3.852580189704895020e-01
3.105822205543518066e-01
5.573279783129692078e-02
-2.803071737289428711e-01
-9.142917394638061523e-02
6.306939721107482910e-01
2.603760920464992523e-02
2.488168030977249146e-01
3.799879848957061768e-01
3.135779798030853271e-01
-3.931192457675933838e-01
-4.300100207328796387e-01
5.310620069503784180e-01
3.500967919826507568e-01
-2.821467816829681396e-01
-4.503827989101409912e-01
3.165479749441146851e-02
-2.800259888172149658e-01
4.593719840049743652e-01
-8.229459524154663086e-01
2.129179984331130981e-01
5.568140149116516113e-01
-2.812679708003997803e-01
-3.581659793853759766e-01
-6.853960752487182617e-01
1.350698024034500122e-01
2.709092199802398682e-01
1.391084045171737671e-01
2.635575830936431885e-01
3.741099834442138672e-01
-6.855400651693344116e-02
-3.531400114297866821e-02
1.550053954124450684e-01
-2.051140069961547852e-01
1.503517925739288330e-01
-1.362319886684417725e-01
3.837500214576721191e-01
3.890019655227661133e-02
-1.664166152477264404e-01
4.789650440216064453e-01
-4.206200242042541504e-01
-1.498040109872817993e-01
2.137360125780105591e-01
3.384388089179992676e-01
2.040028125047683716e-01
-1.614807993173599243e-01
-3.581200242042541504e-01
2.855574190616607666e-01
9.867800027132034302e-02
-1.782380044460296631e-01
2.465479820966720581e-01
9.647740423679351807e-02
-2.200464010238647461e-01
1.030399184674024582e-02
6.582999136298894882e-03
-2.353399991989135742e-02
2.131084203720092773e-01
-2.930659651756286621e-01
-3.128119558095932007e-02
-7.422719895839691162e-02
-9.655020385980606079e-02
1.957639902830123901e-01
-3.793417811393737793e-01
1.228879913687705994e-01
7.187800109386444092e-02
6.226340532302856445e-01
-2.194799929857254028e-01
-1.218223944306373596e-01
-1.714088022708892822e-01
-1.983020007610321045e-01
-9.149888157844543457e-02
6.043980121612548828e-01
2.217628061771392822e-01
5.670599266886711121e-02
7.483800053596496582e-01
-1.275468319654464722e-01
-2.112383842468261719e-01
1.788631975650787354e-01
-3.680500090122222900e-01
-2.379100024700164795e-01
4.739200174808502197e-01
-7.718956470489501953e-01
-1.077180169522762299e-02
-1.697640120983123779e-01
-1.377139706164598465e-02
-3.443279862403869629e-01
-2.536839842796325684e-01
-6.436802148818969727e-01
-3.095879852771759033e-01
1.542859971523284912e-01
-1.495493203401565552e-01
1.012429445981979370e-01
9.875299781560897827e-02
2.811385989189147949e-01
4.592505991458892822e-01
-2.250709980726242065e-01
-1.828619837760925293e-02
-8.483220636844635010e-02
9.979198873043060303e-02
-1.880579888820648193e-01
4.629439488053321838e-02
5.571720004081726074e-01
-7.319639921188354492e-01
-1.965260058641433716e-01
7.174000889062881470e-02
