-2.949838638305664062e-01
3.392777219414710999e-02
-2.131039947271347046e-01
-4.353076964616775513e-02
-5.082207918167114258e-01
-4.974015057086944580e-02
8.466305211186408997e-03
9.364262223243713379e-02
-2.988413870334625244e-01
-1.191740036010742188e+00
-2.463800646364688873e-02
6.398776918649673462e-02
-3.004004359245300293e-01
1.228544637560844421e-01
-6.424246728420257568e-02
-1.431602537631988525e-01
-3.307080864906311035e-01
2.415686398744583130e-01
1.458023190498352051e-01
9.065462276339530945e-03
3.572353720664978027e-02
-1.735311448574066162e-01
-4.185292497277259827e-02
2.945246547460556030e-02
-2.248966097831726074e-01
6.724038720130920410e-02
1.641355603933334351e-01
2.077173441648483276e-01
3.649953007698059082e-01
-3.511315584182739258e-01
-1.909063756465911865e-01
3.104822933673858643e-01
-2.576310038566589355e-01
-2.079584598541259766e-01
-7.398646473884582520e-01
2.586046606302261353e-02
2.424016147851943970e-01
-4.576911330223083496e-01
-2.207412421703338623e-01
1.497415602207183838e-01
-4.759615659713745117e-02
3.593437001109123230e-02
-5.772371888160705566e-01
5.498644113540649414e-01
-1.932097822427749634e-01
-3.111119866371154785e-01
1.257757097482681274e-01
-1.319148689508438110e-01
1.456969045102596283e-02
4.711317364126443863e-03
1.805219352245330811e-01
1.348956972360610962e-01
-6.263983994722366333e-02
1.593526899814605713e-01
1.174458414316177368e-01
2.365686595439910889e-01
6.156538054347038269e-02
-9.958773851394653320e-03
-7.176229730248451233e-03
-2.706052660942077637e-01
4.840777516365051270e-01
1.595981419086456299e-01
1.585970669984817505e-01
8.539299666881561279e-02
-1.144187077879905701e-01
-5.458761751651763916e-02
-1.172905340790748596e-01
1.294626891613006592e-01
2.480943053960800171e-01
-1.940197050571441650e-01
-1.992797851562500000e-01
3.949251770973205566e-01
1.103411540389060974e-01
2.749945521354675293e-01
-2.643461227416992188e-01
-2.357115596532821655e-02
2.007576823234558105e-01
4.478453099727630615e-02
-6.310845911502838135e-02
3.951998893171548843e-03
-1.441950201988220215e-01
1.016533076763153076e-01
1.703036576509475708e-01
-4.189107716083526611e-01
1.839186102151870728e-01
3.766307607293128967e-02
-8.067275583744049072e-02
3.943671584129333496e-01
1.153092384338378906e-01
-5.269499495625495911e-02
2.082418091595172882e-02
1.984963715076446533e-01
-2.465387880802154541e-01
-4.175968766212463379e-01
3.460214436054229736e-01
1.126738488674163818e-01
-7.011338323354721069e-02
-2.195359617471694946e-01
1.920742243528366089e-01
-4.545106291770935059e-01
-1.898363232612609863e-01
7.990254671312868595e-04
-1.578120142221450806e-02
1.367586553096771240e-01
-2.066499292850494385e-01
-2.584969401359558105e-01
1.663204580545425415e-01
3.132919073104858398e-01
1.060738489031791687e-01
6.942160427570343018e-02
-4.835453256964683533e-02
-7.304368913173675537e-02
1.462787240743637085e-01
1.110791489481925964e-01
1.557115092873573303e-02
-3.926300257444381714e-02
-5.781922489404678345e-02
2.084390521049499512e-01
1.039279997348785400e-01
-2.138151526451110840e-01
3.275404572486877441e-01
-1.537207514047622681e-01
1.711633056402206421e-01
-1.943476945161819458e-01
6.620968878269195557e-02
4.250292107462882996e-02
4.214754328131675720e-02
-3.771845484152436256e-03
-1.860946118831634521e-01
-5.252023041248321533e-02
-8.549000322818756104e-02
-8.711881190538406372e-02
-3.952511548995971680e-01
9.202068299055099487e-02
4.500461369752883911e-02
-2.841069400310516357e-01
5.538938567042350769e-02
-1.378175318241119385e-01
3.092331886291503906e-01
-1.194567605853080750e-01
-2.368101328611373901e-01
3.044335544109344482e-01
1.493646204471588135e-01
-1.151853650808334351e-01
-2.944618463516235352e-01
-5.522805079817771912e-02
-2.786543965339660645e-01
-2.707640826702117920e-01
4.255446195602416992e-01
-6.940130144357681274e-02
3.583286404609680176e-01
-1.752364635467529297e-01
5.485857278108596802e-02
-1.599728465080261230e-01
1.639447808265686035e-01
-1.120668575167655945e-01
3.215016126632690430e-01
1.027926132082939148e-01
5.423915386199951172e-02
-1.915124356746673584e-01
-9.165629744529724121e-02
-1.443639844655990601e-01
-2.371469587087631226e-01
-3.957122936844825745e-02
-2.792072296142578125e-01
2.620768547058105469e-01
-3.134184703230857849e-02
2.077538371086120605e-01
-8.670403063297271729e-02
2.397563755512237549e-01
1.100498512387275696e-01
3.158878684043884277e-01
-2.117734700441360474e-01
5.237543582916259766e-01
-5.607307702302932739e-02
-5.840114504098892212e-02
-1.223733797669410706e-01
-2.065507620573043823e-01
1.684539914131164551e-01
2.419884800910949707e-01
-2.778310179710388184e-01
2.217202335596084595e-01
-1.842201501131057739e-01
-2.558276951313018799e-01
-2.951737940311431885e-01
-2.930710911750793457e-01
-2.014553248882293701e-01
2.241812497377395630e-01
2.559701502323150635e-01
1.873936951160430908e-01
5.045820474624633789e-01
1.361443847417831421e-01
1.242779195308685303e-01
2.790324687957763672e-01
-2.399990856647491455e-01
7.974899560213088989e-02
2.839912474155426025e-01
-5.675076693296432495e-02
-1.652582287788391113e-01
-3.663407862186431885e-01
7.680231332778930664e-01
-1.846892535686492920e-01
3.267494738101959229e-01
3.506892323493957520e-01
1.896171569824218750e-01
-3.270998597145080566e-01
-3.292526006698608398e-01
1.217879354953765869e-01
1.804862171411514282e-01
-3.248669505119323730e-01
-4.768970310688018799e-01
-1.705489307641983032e-01
-1.820386052131652832e-01
3.549181818962097168e-01
-5.354259014129638672e-01
4.706976935267448425e-02
3.170496821403503418e-01
-8.170568943023681641e-02
-1.695300042629241943e-01
-2.833407521247863770e-01
-6.682400405406951904e-02
2.052541375160217285e-01
8.290756493806838989e-02
1.638795435428619385e-01
1.367121636867523193e-01
-1.356630921363830566e-01
3.635676950216293335e-02
6.777762621641159058e-02
2.198461629450321198e-02
1.827984154224395752e-01
-4.123914241790771484e-02
3.335132300853729248e-01
-4.661501199007034302e-02
-2.527818977832794189e-01
2.550861835479736328e-01
6.774754077196121216e-02
-7.552875578403472900e-02
-7.344628125429153442e-02
4.726815596222877502e-02
2.393262535333633423e-01
-1.085500717163085938e-01
-3.602758049964904785e-01
4.678346589207649231e-02
1.335060745477676392e-01
-1.383075416088104248e-01
-1.149007678031921387e-02
1.923779398202896118e-01
-2.267836779356002808e-01
-4.400038719177246094e-02
5.725077539682388306e-02
-1.781594157218933105e-01
1.903101503849029541e-01
-2.778356075286865234e-01
-3.676024973392486572e-01
-1.233066245913505554e-01
-1.543027013540267944e-01
6.395231187343597412e-02
-3.387463390827178955e-01
3.307154774665832520e-02
1.242109984159469604e-01
4.464189112186431885e-01
-3.336983025074005127e-01
-1.020613014698028564e-01
-5.088369175791740417e-02
-1.050000041723251343e-01
-8.727915585041046143e-02
3.826984167098999023e-01
2.983028292655944824e-01
2.069213986396789551e-01
5.197330713272094727e-01
-1.466852575540542603e-01
-3.468651175498962402e-01
2.354809492826461792e-01
-3.321647047996520996e-01
-1.302727758884429932e-01
3.244207203388214111e-01
-8.908532857894897461e-01
-1.895185187458992004e-02
-4.282992705702781677e-02
4.048430919647216797e-02
-2.062493115663528442e-01
-3.052455186843872070e-01
-4.035622477531433105e-01
-1.629237085580825806e-01
8.445145189762115479e-02
-3.164216503500938416e-02
-6.604646146297454834e-02
1.358257979154586792e-01
1.985789090394973755e-01
2.313866913318634033e-01
-1.077920347452163696e-01
-2.831630967557430267e-02
-1.525084674358367920e-01
-7.390537858009338379e-02
6.177522614598274231e-02
9.708261489868164062e-02
4.957984089851379395e-01
-4.905441105365753174e-01
-8.576153963804244995e-02
1.149297058582305908e-01
