-3.619299829006195068e-01
4.839667305350303650e-02
-4.277433454990386963e-01
-4.575033485889434814e-02
-3.369933366775512695e-01
-1.818836778402328491e-01
-1.038419976830482483e-01
1.311666239053010941e-02
-2.255846709012985229e-01
-1.698699951171875000e+00
6.586633622646331787e-02
1.232460141181945801e-01
-1.667020171880722046e-01
9.392666071653366089e-02
-1.222236752510070801e-01
-2.346719503402709961e-01
-2.795433104038238525e-01
8.578205853700637817e-02
1.732436865568161011e-01
2.427790015935897827e-01
2.135076522827148438e-01
3.702466562390327454e-02
2.116026729345321655e-01
-1.141709983348846436e-01
-6.017733216285705566e-01
-1.145099997520446777e-01
1.854232698678970337e-01
1.069333478808403015e-01
5.123000144958496094e-01
-3.464733362197875977e-01
-1.515309959650039673e-01
2.627933323383331299e-01
-3.147106468677520752e-01
-1.248200014233589172e-01
-1.120669960975646973e+00
5.484332796186208725e-03
-6.269668694585561752e-03
-6.025199890136718750e-01
1.353006809949874878e-02
-6.949999928474426270e-02
-1.677920073270797729e-01
-1.601105183362960815e-01
-5.471079945564270020e-01
4.421733319759368896e-01
-8.611866831779479980e-02
-2.392320036888122559e-01
4.341666698455810547e-01
-5.443666502833366394e-02
7.790100574493408203e-02
-1.247666776180267334e-02
3.184166848659515381e-01
3.820000216364860535e-02
1.220576688647270203e-01
1.928133368492126465e-01
-7.373201102018356323e-02
5.279399752616882324e-01
5.033314228057861328e-04
6.093266233801841736e-02
1.101332902908325195e-02
-3.635233342647552490e-01
5.716800093650817871e-01
1.212056577205657959e-01
1.606333255767822266e-02
3.280999958515167236e-01
-1.661666631698608398e-01
3.991966322064399719e-02
-1.189500018954277039e-01
2.247512489557266235e-01
1.683200001716613770e-01
-2.148219943046569824e-01
8.477000147104263306e-02
2.939900159835815430e-01
8.818333595991134644e-02
5.671766400337219238e-01
-2.062833309173583984e-01
7.898933440446853638e-02
2.805033624172210693e-01
-5.805000290274620056e-02
-5.678999423980712891e-02
-8.364999294281005859e-02
-2.568626701831817627e-01
8.952333778142929077e-02
4.293833076953887939e-01
-4.043766558170318604e-01
1.236353293061256409e-01
3.287633359432220459e-01
-2.002606540918350220e-01
6.057667136192321777e-01
4.603333473205566406e-01
1.735043376684188843e-01
-8.414632827043533325e-02
1.120595633983612061e-01
-4.213867187500000000e-01
-4.196600019931793213e-01
5.335795879364013672e-01
2.130900025367736816e-01
-3.811466693878173828e-01
-1.985539942979812622e-01
1.070150062441825867e-01
-4.415266513824462891e-01
-1.593516618013381958e-01
-1.304699927568435669e-01
-2.166564464569091797e-01
7.045999914407730103e-02
-3.129300177097320557e-01
-2.507466673851013184e-01
1.580176800489425659e-01
4.661699831485748291e-01
1.352766752243041992e-01
9.548666328191757202e-02
-2.314246743917465210e-01
-2.042166702449321747e-02
-1.026379987597465515e-01
-2.257070094347000122e-01
1.442336589097976685e-01
2.424666285514831543e-02
-1.175999641418457031e-02
2.041266709566116333e-01
1.314003318548202515e-01
-2.298000007867813110e-01
1.914319992065429688e-01
-3.735066652297973633e-01
4.076033532619476318e-01
-1.497566699981689453e-01
5.930467322468757629e-02
-2.131579965353012085e-01
-1.002976596355438232e-01
-1.492733359336853027e-01
-1.231416687369346619e-01
1.580332755111157894e-03
1.730966567993164062e-01
-3.688700199127197266e-01
-5.149639844894409180e-01
1.402189880609512329e-01
-3.420766592025756836e-01
-3.530833423137664795e-01
7.226300239562988281e-02
1.943233050405979156e-02
3.399740159511566162e-01
2.166265808045864105e-02
-2.753739953041076660e-01
2.108977288007736206e-01
4.204100072383880615e-01
-2.348760841414332390e-03
-5.497799515724182129e-01
1.473894268274307251e-01
-4.449599981307983398e-01
-2.099090069532394409e-01
3.261100053787231445e-01
5.575666669756174088e-03
2.691531181335449219e-02
-6.287965923547744751e-02
-1.832333765923976898e-02
-1.057050004601478577e-01
-3.764133527874946594e-02
-1.562299877405166626e-01
3.157033324241638184e-01
1.139133349061012268e-01
1.266666222363710403e-02
-3.206169903278350830e-01
-1.889596581459045410e-01
-5.193333029747009277e-01
-1.502166688442230225e-01
-6.660500168800354004e-02
-3.933846652507781982e-01
2.585122585296630859e-01
-6.339133530855178833e-02
5.012490153312683105e-01
-8.079333603382110596e-02
2.710720002651214600e-01
-6.006999686360359192e-02
4.912900030612945557e-01
-5.704466700553894043e-01
3.493700027465820312e-01
-1.235766634345054626e-01
-2.572733163833618164e-01
6.785299628973007202e-02
-1.414466649293899536e-01
1.746593266725540161e-01
2.552633285522460938e-01
-2.084066718816757202e-01
1.674886792898178101e-01
-1.743333600461483002e-02
-3.244016766548156738e-01
-2.453733235597610474e-01
-2.604133486747741699e-01
-3.053866624832153320e-01
4.112118184566497803e-01
2.755086719989776611e-01
1.473000049591064453e-01
4.987800121307373047e-01
1.684556603431701660e-01
7.272016257047653198e-02
2.803466618061065674e-01
-5.573433265089988708e-02
-6.682667136192321777e-02
1.725569963455200195e-01
9.665799885988235474e-02
-4.075033366680145264e-01
-5.139266848564147949e-01
1.081489920616149902e+00
-2.156733274459838867e-01
3.016700148582458496e-01
3.394466638565063477e-01
3.189933300018310547e-01
-5.128200054168701172e-01
-1.684746742248535156e-01
2.421266585588455200e-01
1.054209992289543152e-01
-3.643463551998138428e-01
-4.873246252536773682e-01
-3.322866931557655334e-02
-1.272266656160354614e-01
3.355790078639984131e-01
-6.270900368690490723e-01
2.543900348246097565e-02
2.619906961917877197e-01
-2.497166395187377930e-02
-1.197099909186363220e-01
-1.680999994277954102e-01
2.658529877662658691e-01
1.009853407740592957e-01
1.631933301687240601e-01
3.074633181095123291e-01
4.586099684238433838e-01
-2.407133430242538452e-01
6.997334212064743042e-02
-1.539376676082611084e-01
-2.104667760431766510e-02
1.955148018896579742e-02
-5.837000533938407898e-02
3.337373435497283936e-01
-5.574099346995353699e-02
-3.140300214290618896e-01
1.742950677871704102e-01
-8.961334079504013062e-02
-3.005263768136501312e-02
-1.873699873685836792e-01
-2.959666214883327484e-02
1.650046557188034058e-01
-1.340969949960708618e-01
-2.564143240451812744e-01
1.299149990081787109e-01
2.367166727781295776e-01
-1.373860090970993042e-01
9.724133461713790894e-02
2.165867201983928680e-02
-3.050626516342163086e-01
1.781083345413208008e-01
1.067666243761777878e-02
2.329733371734619141e-01
1.369459927082061768e-01
-3.922759592533111572e-01
-8.044200390577316284e-02
1.738706678152084351e-01
-1.102270111441612244e-01
2.821166813373565674e-01
-3.281219899654388428e-01
-3.698666393756866455e-02
-1.391633450984954834e-01
3.986699581146240234e-01
-3.698699772357940674e-01
-5.981633439660072327e-02
-7.015033811330795288e-02
-8.868700265884399414e-02
2.832866646349430084e-02
1.577866673469543457e-01
6.894998997449874878e-02
-1.346266716718673706e-01
6.185299754142761230e-01
-2.629880607128143311e-01
-3.699606657028198242e-01
2.964153289794921875e-01
-3.432219922542572021e-01
-2.148540019989013672e-01
1.406666636466979980e-02
-1.471853256225585938e+00
-1.050309911370277405e-01
-6.494667381048202515e-02
-5.105233192443847656e-02
-1.925200074911117554e-01
-2.217400074005126953e-01
-2.760133445262908936e-01
-3.613566458225250244e-01
-1.590003608725965023e-03
-1.254318505525588989e-01
1.291666626930236816e-01
1.127651035785675049e-01
-4.025900363922119141e-02
2.491434477269649506e-02
-8.584550023078918457e-02
-1.578270047903060913e-01
-2.708066701889038086e-01
-1.668000072240829468e-01
-3.409333527088165283e-02
-4.290093481540679932e-01
5.418033003807067871e-01
-4.176599979400634766e-01
1.107833385467529297e-01
-4.696001484990119934e-02
