-2.324676066637039185e-01
-2.026920020580291748e-01
-3.309717178344726562e-01
-7.057643681764602661e-02
-5.726357102394104004e-01
-1.027844324707984924e-01
-1.299214214086532593e-01
2.295237332582473755e-01
-3.771742880344390869e-01
-1.204582810401916504e+00
-3.618872165679931641e-02
3.814328461885452271e-02
-3.747828602790832520e-01
1.198025718331336975e-01
1.283970940858125687e-02
-1.249888986349105835e-01
-3.039564490318298340e-01
2.386051416397094727e-01
1.820109933614730835e-01
1.829871535301208496e-02
-1.320767104625701904e-01
-2.005822807550430298e-01
6.220285966992378235e-02
1.185955777764320374e-01
-2.635457217693328857e-01
-2.250500209629535675e-02
1.673496216535568237e-01
1.668650805950164795e-01
5.150412917137145996e-01
-3.672028481960296631e-01
-1.732742935419082642e-01
2.689300179481506348e-01
-3.597902655601501465e-01
-9.074813872575759888e-02
-7.926071286201477051e-01
7.426285743713378906e-02
2.192674428224563599e-01
-5.132114291191101074e-01
-2.241828441619873047e-01
2.552002295851707458e-02
-7.923285663127899170e-02
1.347805410623550415e-01
-5.215286016464233398e-01
5.267094969749450684e-01
-2.517294287681579590e-01
-2.998249828815460205e-01
1.970971375703811646e-01
-2.549844086170196533e-01
-2.188371494412422180e-02
2.506672404706478119e-02
1.364414244890213013e-01
8.444484323263168335e-02
-1.077671498060226440e-01
1.729449927806854248e-01
-2.145629189908504486e-02
3.245903849601745605e-01
-1.643700152635574341e-01
-1.225014682859182358e-02
-8.260957151651382446e-02
-5.619985461235046387e-01
2.631864249706268311e-01
1.901747137308120728e-01
1.430845558643341064e-01
6.803271919488906860e-02
-1.092491522431373596e-01
-3.339171037077903748e-02
-2.116338312625885010e-01
9.501156955957412720e-02
2.743557095527648926e-01
-1.075674295425415039e-01
-2.057967185974121094e-01
4.010885357856750488e-01
2.468707263469696045e-01
2.879511713981628418e-01
-2.088157236576080322e-01
-2.205799892544746399e-02
2.373214513063430786e-01
-1.043182760477066040e-01
-2.222885787487030029e-01
-3.314885497093200684e-02
-1.625201553106307983e-01
4.204857349395751953e-02
5.754228308796882629e-02
-3.968600332736968994e-01
2.012874335050582886e-01
9.003428369760513306e-02
-3.095771558582782745e-02
3.408176004886627197e-01
1.858457177877426147e-01
-1.062586978077888489e-01
-6.745929270982742310e-02
6.172630935907363892e-02
-3.638899922370910645e-01
-5.166299939155578613e-01
4.456343054771423340e-01
-4.071599617600440979e-02
-5.646285414695739746e-02
-1.813453137874603271e-01
1.342728585004806519e-01
-4.889082908630371094e-01
-1.019911393523216248e-01
1.063424274325370789e-01
-6.887418776750564575e-02
2.401771545410156250e-01
-1.138028576970100403e-01
-2.117242813110351562e-01
-6.012628600001335144e-02
3.192850053310394287e-01
1.095314398407936096e-01
-1.706357151269912720e-01
-9.108285605907440186e-02
1.268377155065536499e-01
6.248837336897850037e-02
1.680055707693099976e-01
6.851142644882202148e-02
6.547585874795913696e-02
-2.267714217305183411e-02
2.936910986900329590e-01
1.273395717144012451e-01
-2.644652724266052246e-01
4.551942646503448486e-01
-2.307505607604980469e-01
1.916592866182327271e-01
-1.756071299314498901e-01
5.124314501881599426e-02
-1.471114251762628555e-02
-4.797999281436204910e-03
-1.892143115401268005e-02
-2.324321269989013672e-01
-4.048543050885200500e-02
2.956457249820232391e-02
-5.185142531991004944e-02
-5.909613966941833496e-01
1.889891475439071655e-01
-4.179992713034152985e-03
-2.901792824268341064e-01
3.973772004246711731e-02
-8.439429104328155518e-02
4.321099817752838135e-01
-1.246351450681686401e-01
-3.094314038753509521e-01
1.317885816097259521e-01
1.699297130107879639e-01
-8.398851007223129272e-02
-3.818845450878143311e-01
5.309386923909187317e-02
-3.782067298889160156e-01
-1.137537211179733276e-01
3.857156932353973389e-01
-1.648251265287399292e-01
3.497854173183441162e-01
-1.642242819070816040e-01
1.556614339351654053e-01
-1.198835745453834534e-01
1.399878710508346558e-01
-5.995271727442741394e-02
1.061771437525749207e-01
7.259285449981689453e-02
9.704414755105972290e-02
4.975424148142337799e-03
1.037171408534049988e-01
-8.068642765283584595e-02
-1.050264313817024231e-01
9.185999631881713867e-03
-4.064011275768280029e-01
2.296895235776901245e-01
-7.852686196565628052e-02
2.305415719747543335e-01
-1.657187193632125854e-01
2.740057110786437988e-01
1.261311471462249756e-01
4.379357397556304932e-01
-3.921957314014434814e-01
5.058281421661376953e-01
-1.232599988579750061e-01
-9.830585867166519165e-02
-1.056561470031738281e-01
-2.358072847127914429e-01
2.207405567169189453e-01
3.521157205104827881e-01
-2.462647259235382080e-01
2.703630030155181885e-01
-1.505151540040969849e-01
-1.940187066793441772e-01
-1.748838424682617188e-01
-4.902791380882263184e-01
-3.101256787776947021e-01
2.350812107324600220e-01
5.392029136419296265e-02
1.580125540494918823e-01
5.148879885673522949e-01
1.128714438527822495e-02
-1.050296425819396973e-01
4.147511422634124756e-01
-2.154465764760971069e-01
1.876309961080551147e-01
2.123982906341552734e-01
-2.213237136602401733e-01
-3.543624281883239746e-01
-2.396005541086196899e-01
8.721200227737426758e-01
2.531426260247826576e-03
4.179355502128601074e-01
3.627786040306091309e-01
1.260018646717071533e-01
-4.470811486244201660e-01
-3.362500071525573730e-01
2.637361586093902588e-01
9.862445294857025146e-02
-4.243044555187225342e-01
-3.487901687622070312e-01
-1.757022887468338013e-01
-1.786749809980392456e-01
2.584585547447204590e-01
-4.100591242313385010e-01
7.779427617788314819e-02
2.118455618619918823e-01
-9.244843572378158569e-02
-2.977600097656250000e-01
-2.506514191627502441e-01
4.639271274209022522e-02
2.248439043760299683e-01
1.495671570301055908e-01
1.279771476984024048e-01
1.811007559299468994e-01
-2.114863395690917969e-01
8.015716448426246643e-03
-2.483057416975498199e-02
-1.179787293076515198e-01
1.596935838460922241e-01
1.111837178468704224e-01
3.702086508274078369e-01
-6.438171118497848511e-02
-1.084971427917480469e-01
3.862971961498260498e-01
-6.627286225557327271e-02
-7.980971783399581909e-02
-1.380417197942733765e-01
1.530942916870117188e-01
3.017371296882629395e-01
-6.466399133205413818e-02
-3.138247132301330566e-01
4.715957492589950562e-02
-1.067143213003873825e-02
-2.778471410274505615e-01
1.056021451950073242e-01
1.291955560445785522e-01
-1.745642721652984619e-01
2.516141859814524651e-03
1.059685796499252319e-01
-1.792860031127929688e-01
3.912760317325592041e-01
-3.329878449440002441e-01
-2.259722948074340820e-01
2.943199686706066132e-02
-1.289688646793365479e-01
-1.467713247984647751e-02
-2.641244232654571533e-01
1.151840016245841980e-01
3.667328506708145142e-02
4.161622524261474609e-01
-4.025511443614959717e-01
-3.077770955860614777e-02
2.798772230744361877e-02
-1.687188446521759033e-01
3.599013760685920715e-02
4.486157000064849854e-01
2.146418392658233643e-01
3.141147783026099205e-03
4.976157248020172119e-01
-1.932926326990127563e-01
-3.998748958110809326e-01
1.672174185514450073e-01
-4.802150130271911621e-01
-2.551791369915008545e-01
1.988384425640106201e-01
-1.020178556442260742e+00
-7.634986191987991333e-02
-8.286730200052261353e-02
-4.136528447270393372e-02
-1.042234227061271667e-01
-2.817694246768951416e-01
-4.254257380962371826e-01
-1.816862821578979492e-01
3.023585304617881775e-02
-1.182430312037467957e-01
-5.611857026815414429e-02
2.091054469347000122e-01
1.956547051668167114e-01
1.519911587238311768e-01
-1.885190010070800781e-01
1.745542697608470917e-02
-2.630057036876678467e-01
-4.661856964230537415e-02
1.756113395094871521e-02
1.074305698275566101e-01
4.874228835105895996e-01
-5.503746867179870605e-01
-1.076471358537673950e-01
1.753285676240921021e-01
