-2.755571901798248291e-01
-3.394332900643348694e-02
-4.445783197879791260e-01
-8.082450181245803833e-02
-5.547032952308654785e-01
-1.834851503372192383e-01
-1.254554837942123413e-01
3.062950074672698975e-01
-3.963290154933929443e-01
-1.372271537780761719e+00
2.440483309328556061e-02
7.454632967710494995e-02
-4.458359777927398682e-01
1.300399899482727051e-01
-7.115700095891952515e-02
-2.724576294422149658e-01
-2.719433307647705078e-01
1.206076964735984802e-01
2.315651625394821167e-01
1.009856760501861572e-01
-8.213233202695846558e-02
-1.323509961366653442e-01
6.648299843072891235e-02
2.418450079858303070e-02
-2.317366600036621094e-01
-5.183167383074760437e-02
2.301618009805679321e-01
1.886566728353500366e-01
5.326383709907531738e-01
-3.703475892543792725e-01
-4.420382902026176453e-02
1.392143368721008301e-01
-3.396786451339721680e-01
-4.485400393605232239e-02
-7.851950526237487793e-01
-3.923666849732398987e-02
1.289869993925094604e-01
-5.776883363723754883e-01
-7.688663154840469360e-02
8.641833066940307617e-02
-3.156776726245880127e-01
-1.114364713430404663e-03
-5.803823471069335938e-01
5.579349994659423828e-01
-2.234659940004348755e-01
-2.762368619441986084e-01
4.668066501617431641e-01
-2.337412834167480469e-01
5.483997520059347153e-03
2.053333632647991180e-02
2.051775008440017700e-01
9.369833022356033325e-02
6.939932703971862793e-02
1.023016646504402161e-01
-1.510470062494277954e-01
5.475667119026184082e-01
1.548216789960861206e-01
1.857983320951461792e-02
-5.894500017166137695e-02
-5.722116827964782715e-01
4.132441580295562744e-01
2.158311605453491211e-01
-1.443250179290771484e-01
2.736608386039733887e-01
-1.488585025072097778e-01
8.499299734830856323e-02
-2.946300208568572998e-01
1.874548047780990601e-01
2.075833529233932495e-01
-1.096270009875297546e-01
7.396664470434188843e-03
4.319039881229400635e-01
2.583983242511749268e-01
5.446233153343200684e-01
-2.343750000000000000e-01
2.092900453135371208e-03
4.461300373077392578e-01
-1.762491464614868164e-01
-1.833116561174392700e-01
-1.486633270978927612e-01
-2.459030151367187500e-01
7.177499681711196899e-02
2.242716699838638306e-01
-3.504879772663116455e-01
-4.759300127625465393e-02
1.376949995756149292e-01
-1.175386682152748108e-01
4.838404953479766846e-01
3.156433403491973877e-01
-1.471733022481203079e-02
-1.065971776843070984e-01
6.835976988077163696e-02
-4.219566881656646729e-01
-5.063700079917907715e-01
3.954947888851165771e-01
4.312667250633239746e-02
-1.581349968910217285e-01
-2.388256788253784180e-01
1.081084981560707092e-01
-4.436250030994415283e-01
-2.158776670694351196e-01
-2.989383973181247711e-02
-1.722348928451538086e-01
1.084433421492576599e-01
-1.693583279848098755e-01
-2.766666710376739502e-01
-1.059399917721748352e-02
4.680633246898651123e-01
1.357499957084655762e-01
-5.065000429749488831e-02
-3.123356699943542480e-01
9.168400615453720093e-02
-1.132654920220375061e-01
-1.018436774611473083e-01
4.207016527652740479e-02
-9.602499008178710938e-02
-3.658329369500279427e-03
2.925899922847747803e-01
1.112530007958412170e-01
-2.797216475009918213e-01
4.566843509674072266e-01
-3.222101628780364990e-01
3.799603283405303955e-01
-9.797000139951705933e-02
3.485734015703201294e-02
2.964266575872898102e-02
-1.154093369841575623e-01
-7.770833373069763184e-02
-2.377024888992309570e-01
-3.786733373999595642e-02
1.881532929837703705e-02
-2.143516689538955688e-01
-4.839953184127807617e-01
2.464311718940734863e-01
-1.220183297991752625e-01
-3.914341926574707031e-01
6.622329354286193848e-03
-6.473466008901596069e-02
3.064036667346954346e-01
-5.524867773056030273e-02
-2.267619967460632324e-01
2.470983713865280151e-01
3.519413471221923828e-01
-1.157054305076599121e-01
-3.749796450138092041e-01
1.158097162842750549e-01
-5.212066769599914551e-01
-1.915778368711471558e-01
3.241249918937683105e-01
-7.180050760507583618e-02
4.220482707023620605e-02
4.826017096638679504e-02
3.048833273351192474e-02
-1.305396705865859985e-01
2.136699855327606201e-02
-1.359566599130630493e-01
2.783366441726684570e-01
1.106166616082191467e-01
1.448299884796142578e-01
-2.431586533784866333e-01
-1.438317447900772095e-02
-2.555249929428100586e-01
-2.094608098268508911e-01
-2.944013476371765137e-02
-5.083273053169250488e-01
3.042544424533843994e-01
-7.687733322381973267e-02
3.544613420963287354e-01
-1.960466653108596802e-01
1.460826545953750610e-01
1.104966700077056885e-01
4.767388403415679932e-01
-3.410816490650177002e-01
4.540383517742156982e-01
-1.243166550993919373e-01
-2.342634946107864380e-01
2.697833068668842316e-02
-1.369383186101913452e-01
2.002046704292297363e-01
3.047299981117248535e-01
-2.373699992895126343e-01
2.993260025978088379e-01
-1.185833290219306946e-02
-3.489601612091064453e-01
-2.020033448934555054e-01
-3.384999930858612061e-01
-3.651849925518035889e-01
3.728742599487304688e-01
2.440586537122726440e-01
2.137899994850158691e-01
5.810266733169555664e-01
1.185094937682151794e-01
-1.507491618394851685e-02
3.494016826152801514e-01
-1.357639878988265991e-01
3.250499442219734192e-02
1.443866640329360962e-01
-4.280766844749450684e-02
-5.163449645042419434e-01
-4.315673112869262695e-01
8.596016764640808105e-01
5.813330411911010742e-03
5.013378262519836426e-01
3.872516453266143799e-01
2.770600020885467529e-01
-4.086333513259887695e-01
-3.189239799976348877e-01
1.952716559171676636e-01
1.916843503713607788e-01
-5.751298666000366211e-01
-4.898146688938140869e-01
7.871233671903610229e-02
-1.853791922330856323e-01
3.062895238399505615e-01
-4.407295286655426025e-01
1.825428456068038940e-01
3.192602097988128662e-01
-7.959916442632675171e-02
-2.067599892616271973e-01
-3.974183499813079834e-01
1.672948598861694336e-01
7.814250141382217407e-02
1.730049848556518555e-01
3.056133687496185303e-01
3.611311912536621094e-01
-2.068373709917068481e-01
9.850200265645980835e-02
1.867616735398769379e-02
-6.587017327547073364e-02
1.580207496881484985e-01
3.321449458599090576e-02
3.151986896991729736e-01
-1.900766603648662567e-02
-1.894000023603439331e-01
2.111417204141616821e-01
-1.218273341655731201e-01
-1.050496473908424377e-01
-2.524533271789550781e-01
3.797166794538497925e-02
2.308916598558425903e-01
-2.154376506805419922e-01
-3.438454866409301758e-01
3.416566923260688782e-02
1.095549985766410828e-01
-1.978690028190612793e-01
3.245566412806510925e-02
4.373001400381326675e-03
-1.647613197565078735e-01
7.696299999952316284e-02
-3.814498661085963249e-03
1.033250018954277039e-01
2.538496553897857666e-01
-3.349496424198150635e-01
-1.408026665449142456e-01
1.036566402763128281e-02
-1.069569960236549377e-01
5.360000208020210266e-02
-2.473368495702743530e-01
-4.846432805061340332e-02
-2.353616505861282349e-01
4.537650048732757568e-01
-5.354016423225402832e-01
4.825650155544281006e-02
5.660316348075866699e-02
-1.358620077371597290e-01
1.325999945402145386e-02
3.994199931621551514e-01
1.092761233448982239e-01
-9.303667396306991577e-02
6.589916348457336426e-01
-2.762897312641143799e-01
-1.920790076255798340e-01
2.733261585235595703e-01
-5.268926620483398438e-01
-2.690153121948242188e-01
1.835899949073791504e-01
-9.583306908607482910e-01
-9.415551275014877319e-02
-1.629416793584823608e-01
1.088405027985572815e-01
-1.040711626410484314e-01
-2.585973441600799561e-01
-3.160647451877593994e-01
-3.813083171844482422e-01
1.399616599082946777e-01
-3.351019695401191711e-02
2.408666722476482391e-02
1.957605481147766113e-01
4.866216704249382019e-02
-4.387969675008207560e-04
-1.721044182777404785e-01
2.374366857111454010e-02
-3.833149969577789307e-01
-1.959033459424972534e-01
7.316833734512329102e-02
-1.706893295049667358e-01
5.530282855033874512e-01
-5.808100104331970215e-01
1.312716752290725708e-01
7.565499842166900635e-02
