-6.821353733539581299e-02
-1.936832964420318604e-01
-2.549029886722564697e-01
-6.003720313310623169e-02
-7.431459426879882812e-01
-7.735099643468856812e-02
-1.203701868653297424e-01
3.719667792320251465e-01
-6.031850576400756836e-01
-1.048269987106323242e+00
-4.252200573682785034e-02
-1.240449994802474976e-01
-5.094512701034545898e-01
1.511375904083251953e-01
4.584299772977828979e-02
-1.397134363651275635e-01
-2.781805098056793213e-01
2.249906063079833984e-01
2.089087069034576416e-01
-2.632089890539646149e-02
-1.253292858600616455e-01
-2.100870162248611450e-01
-2.659879997372627258e-02
6.961196660995483398e-03
2.247359231114387512e-02
9.937466681003570557e-02
2.473727166652679443e-01
2.425305545330047607e-01
3.855006992816925049e-01
-4.539480209350585938e-01
-9.866000711917877197e-02
3.235639929771423340e-01
-3.987340033054351807e-01
-1.474523991346359253e-01
-6.346020102500915527e-01
3.315639868378639221e-02
2.952782213687896729e-01
-5.659219026565551758e-01
-2.948203086853027344e-01
3.202751278877258301e-02
-1.664909869432449341e-01
4.541837796568870544e-02
-6.206889748573303223e-01
4.737310409545898438e-01
-3.111910223960876465e-01
-2.961650192737579346e-01
2.283015996217727661e-01
-3.460695445537567139e-01
-5.430550128221511841e-02
-3.940088674426078796e-02
5.018995609134435654e-03
1.112275943160057068e-01
-1.681381165981292725e-01
1.511155068874359131e-01
-5.928400903940200806e-02
4.601778388023376465e-01
7.241500169038772583e-02
-8.512540161609649658e-02
-8.508590608835220337e-02
-5.018194317817687988e-01
4.785569608211517334e-01
2.773150205612182617e-01
-8.233179897069931030e-02
5.091428829473443329e-05
-2.974505769088864326e-03
-4.195349663496017456e-02
-3.760016858577728271e-01
9.362570196390151978e-02
2.677620053291320801e-01
2.274799393489956856e-03
-3.678930103778839111e-01
5.163763761520385742e-01
2.074711024761199951e-01
3.275728225708007812e-01
-3.026549816131591797e-01
-1.228301972150802612e-01
3.523310124874114990e-01
-1.161104068160057068e-01
-2.511028945446014404e-01
-1.228599995374679565e-01
-1.134440079331398010e-01
5.852739885449409485e-02
5.453560873866081238e-02
-4.916779994964599609e-01
7.506619393825531006e-02
-3.265650197863578796e-02
-1.011976003646850586e-01
2.228671014308929443e-01
1.960050761699676514e-01
-3.108249008655548096e-01
1.210819743573665619e-02
5.709754303097724915e-02
-3.268451094627380371e-01
-4.754030108451843262e-01
3.788850009441375732e-01
3.122500143945217133e-02
-1.633199863135814667e-02
-2.189544141292572021e-01
2.028699815273284912e-01
-5.599290132522583008e-01
-1.826927959918975830e-01
8.200598880648612976e-03
2.544999122619628906e-03
2.877529263496398926e-01
-5.128299072384834290e-02
-2.299000024795532227e-01
-4.233800992369651794e-02
3.068070113658905029e-01
1.090957075357437134e-01
3.648999379947781563e-03
-1.367330253124237061e-01
-7.413510233163833618e-02
2.366072684526443481e-01
1.814375221729278564e-01
-1.736809909343719482e-01
-7.482679188251495361e-02
-1.892490237951278687e-01
2.611340880393981934e-01
5.759450048208236694e-02
-2.632451653480529785e-01
4.774057865142822266e-01
-2.149649858474731445e-01
2.294189929962158203e-01
-2.958439886569976807e-01
4.123393446207046509e-02
2.026176005601882935e-01
-7.843900471925735474e-02
6.270199269056320190e-02
-3.396220207214355469e-01
1.061756014823913574e-01
-1.350046992301940918e-01
4.388700053095817566e-02
-2.751759886741638184e-01
7.407601177692413330e-02
7.672590017318725586e-02
-2.620339989662170410e-01
-7.294397056102752686e-02
-1.917431503534317017e-01
1.784490048885345459e-01
-1.300483942031860352e-01
-1.670096814632415771e-01
2.007474005222320557e-01
7.293200492858886719e-02
-9.159884601831436157e-02
-1.572553962469100952e-01
4.153219982981681824e-02
-4.347270131111145020e-01
-1.488746106624603271e-01
3.292815983295440674e-01
-2.135966122150421143e-01
1.770820915699005127e-01
-2.121010124683380127e-01
1.762100122869014740e-02
-1.356000006198883057e-01
1.895605027675628662e-01
-3.405190259218215942e-02
2.511450052261352539e-01
8.933599293231964111e-02
1.609672009944915771e-01
-2.332820370793342590e-02
2.033181935548782349e-01
5.550969764590263367e-02
-2.221329957246780396e-01
9.077150374650955200e-02
-3.472307920455932617e-01
3.848569989204406738e-01
-1.793920062482357025e-02
3.069112896919250488e-01
-1.728803813457489014e-01
2.131170928478240967e-01
2.682319879531860352e-01
4.514930248260498047e-01
-1.181799639016389847e-02
3.921906948089599609e-01
-8.979300409555435181e-02
4.457120224833488464e-02
-2.410250157117843628e-01
-9.225319325923919678e-02
1.509182900190353394e-01
4.359429776668548584e-01
-3.047972917556762695e-01
2.289292067289352417e-01
-3.394406139850616455e-01
-3.314802050590515137e-01
-2.328456938266754150e-01
-3.558339774608612061e-01
-3.124039769172668457e-01
3.038945794105529785e-01
1.787533909082412720e-01
3.460777997970581055e-01
5.733769536018371582e-01
-4.114409908652305603e-02
6.287598516792058945e-03
3.985487818717956543e-01
-2.448474913835525513e-01
1.740304380655288696e-01
1.486643999814987183e-01
-3.078390061855316162e-01
-1.898256987333297729e-01
-1.701394766569137573e-01
8.016861081123352051e-01
-7.919000089168548584e-02
3.023255765438079834e-01
4.526378512382507324e-01
1.189502030611038208e-01
-1.817781031131744385e-01
-4.035909771919250488e-01
2.259821891784667969e-01
2.761200964450836182e-01
-4.598568975925445557e-01
-5.767818093299865723e-01
-1.201806068420410156e-01
-3.124998211860656738e-01
2.203836888074874878e-01
-5.002664327621459961e-01
8.366028964519500732e-02
2.447867840528488159e-01
-4.529530182480812073e-02
-2.800909876823425293e-01
-4.794370532035827637e-01
-1.565230041742324829e-01
2.185647934675216675e-01
9.135838598012924194e-02
7.415220141410827637e-02
-4.359736293554306030e-02
-1.236691102385520935e-01
9.124219417572021484e-02
5.598840117454528809e-02
-2.585782110691070557e-01
3.729589879512786865e-01
1.081952899694442749e-01
4.639461040496826172e-01
-1.633953005075454712e-01
-1.563378125429153442e-01
3.593900203704833984e-01
2.206819877028465271e-02
-1.992650926113128662e-01
-1.242856010794639587e-01
2.483360022306442261e-01
3.796932101249694824e-01
-2.111900039017200470e-02
-3.943160176277160645e-01
5.942929908633232117e-02
7.027600705623626709e-02
-8.535800129175186157e-02
1.652700640261173248e-02
6.964859366416931152e-02
-8.949378877878189087e-02
-8.986900746822357178e-02
1.982074081897735596e-01
-1.943186074495315552e-01
4.216840267181396484e-01
-2.431777715682983398e-01
-1.712300032377243042e-01
-2.720825970172882080e-01
-2.347559668123722076e-02
-7.535399496555328369e-02
-3.059059977531433105e-01
-3.272752091288566589e-02
-6.960970163345336914e-02
5.714446306228637695e-01
-4.667658209800720215e-01
-5.479390174150466919e-02
6.516069918870925903e-02
1.063310168683528900e-02
-5.854500085115432739e-02
4.298959672451019287e-01
7.594599574804306030e-02
4.531820863485336304e-02
6.681640148162841797e-01
-9.838464111089706421e-02
-3.409724235534667969e-01
1.537826210260391235e-01
-6.159570217132568359e-01
-3.461867272853851318e-01
3.244068920612335205e-01
-4.716654419898986816e-01
-1.397110223770141602e-01
-2.979010045528411865e-01
5.637454986572265625e-02
-1.761791110038757324e-01
-3.211293220520019531e-01
-5.342931747436523438e-01
-1.745423972606658936e-01
1.155038923025131226e-01
2.754177711904048920e-02
-1.071089953184127808e-01
1.922617107629776001e-01
2.420209199190139771e-01
9.176470339298248291e-02
-2.267597913742065430e-01
1.333636045455932617e-01
-2.077240198850631714e-01
-1.826886236667633057e-01
7.487479597330093384e-02
1.637963950634002686e-01
7.633569240570068359e-01
-7.565549612045288086e-01
-9.674796834588050842e-03
2.460705935955047607e-01
