-1.615000367164611816e-01
-3.091994207352399826e-03
-2.647188901901245117e-01
-2.289776923134922981e-03
-7.261622548103332520e-01
-1.455694437026977539e-01
-5.262366682291030884e-02
4.511566758155822754e-01
-4.257015585899353027e-01
-1.152593374252319336e+00
3.602577745914459229e-02
-1.448800507932901382e-02
-4.769127666950225830e-01
2.095407694578170776e-01
-7.141477614641189575e-02
-1.780364215373992920e-01
-2.209327816963195801e-01
1.180891171097755432e-01
2.250497937202453613e-01
-4.993000254034996033e-02
-9.013332426548004150e-02
-2.259488850831985474e-01
5.191222578287124634e-02
-4.784755408763885498e-02
-3.474922478199005127e-02
1.000572144985198975e-01
1.025864779949188232e-01
1.647188961505889893e-01
2.954282164573669434e-01
-2.639872729778289795e-01
-1.758369952440261841e-01
2.637551128864288330e-01
-2.908688783645629883e-01
-8.869788795709609985e-02
-7.536777853965759277e-01
-1.608888618648052216e-02
3.004313409328460693e-01
-5.098333358764648438e-01
-1.765555292367935181e-01
1.380294561386108398e-01
-2.762684524059295654e-01
1.427042484283447266e-02
-6.238270998001098633e-01
4.009888768196105957e-01
-3.337544202804565430e-01
-3.340434432029724121e-01
2.859466373920440674e-01
-3.051537275314331055e-01
-4.950867220759391785e-02
-5.214343592524528503e-02
1.385538876056671143e-01
7.933532446622848511e-02
-3.686555102467536926e-02
5.450233072042465210e-02
-1.579957753419876099e-01
5.445100069046020508e-01
2.176977843046188354e-01
7.515109144151210785e-03
3.588366881012916565e-02
-3.857422471046447754e-01
4.452939033508300781e-01
3.528059720993041992e-01
-1.696321219205856323e-01
7.622878998517990112e-02
-1.144427731633186340e-01
-6.348544359207153320e-02
-5.035388469696044922e-01
9.001141786575317383e-02
1.983330100774765015e-01
-1.127062141895294189e-01
-1.141422316431999207e-01
5.201082229614257812e-01
2.941949963569641113e-01
4.277697801589965820e-01
-3.014110922813415527e-01
-6.649195402860641479e-02
4.144133329391479492e-01
-1.794663220643997192e-01
-2.646322250366210938e-01
-4.112977907061576843e-02
-1.633058786392211914e-01
-1.540544256567955017e-02
8.275885134935379028e-03
-3.195017874240875244e-01
1.791035532951354980e-01
4.478555545210838318e-02
-8.191689103841781616e-02
3.160659074783325195e-01
1.449535489082336426e-01
-1.956936717033386230e-01
4.032688587903976440e-02
5.562060326337814331e-02
-3.826215565204620361e-01
-5.062910914421081543e-01
3.007054328918457031e-01
3.474511206150054932e-02
-8.392444998025894165e-02
-1.332280039787292480e-01
1.441977620124816895e-01
-5.253533124923706055e-01
-3.487329483032226562e-01
6.211288645863533020e-02
-1.561388969421386719e-01
1.332255452871322632e-01
-1.495611071586608887e-01
-3.479655385017395020e-01
5.865366756916046143e-02
3.552574217319488525e-01
-1.133336802013218403e-03
9.443776309490203857e-02
-2.186573445796966553e-01
-1.299702525138854980e-01
8.239640295505523682e-02
6.710444390773773193e-02
-5.290322005748748779e-02
-7.443977892398834229e-02
6.462600082159042358e-02
2.587233185768127441e-01
9.161488711833953857e-02
-1.991574466228485107e-01
3.574917018413543701e-01
-1.872629821300506592e-01
3.922963142395019531e-01
-2.190633267164230347e-01
-1.654132455587387085e-02
2.548928856849670410e-01
-9.782589226961135864e-02
1.827443949878215790e-02
-3.402855396270751953e-01
3.569355607032775879e-02
-1.397708952426910400e-01
6.495666503906250000e-02
-4.178746044635772705e-01
1.726952195167541504e-01
-6.711029447615146637e-03
-1.857027709484100342e-01
-1.977355629205703735e-01
-2.069053202867507935e-01
2.656846642494201660e-01
-1.535388827323913574e-01
-1.492332220077514648e-01
4.331699907779693604e-01
2.427544593811035156e-01
-3.365684673190116882e-02
-2.001257836818695068e-01
2.885491587221622467e-02
-3.735851049423217773e-01
-2.044389992952346802e-01
3.616847395896911621e-01
-8.432099223136901855e-02
5.306254327297210693e-02
-6.293988972902297974e-02
-1.585822552442550659e-02
-1.386131197214126587e-01
1.544461101293563843e-01
-1.809493452310562134e-01
2.446410953998565674e-01
5.204667150974273682e-02
2.302989214658737183e-01
-9.302244335412979126e-02
1.353333592414855957e-01
-2.431789040565490723e-01
-2.875983119010925293e-01
8.032021112740039825e-03
-4.734092354774475098e-01
3.899033665657043457e-01
9.943732619285583496e-02
3.648445308208465576e-01
-1.631473302841186523e-01
5.510110780596733093e-02
3.589878976345062256e-01
4.278614819049835205e-01
-8.323444426059722900e-02
4.245430231094360352e-01
-1.080411076545715332e-01
-1.526367664337158203e-01
1.686700247228145599e-02
-3.649121522903442383e-02
1.806022226810455322e-01
3.680688738822937012e-01
-1.654781103134155273e-01
3.441643416881561279e-01
-6.801466643810272217e-02
-4.268951416015625000e-01
-1.870788931846618652e-01
-1.547585576772689819e-01
-3.469022512435913086e-01
2.883567810058593750e-01
1.390327811241149902e-01
3.541408777236938477e-01
5.491811037063598633e-01
7.095366716384887695e-02
6.064777821302413940e-02
3.076365590095520020e-01
-1.889222562313079834e-01
-1.302186846733093262e-01
1.593168824911117554e-01
-1.329766809940338135e-01
-2.891841232776641846e-01
-3.229786455631256104e-01
9.454711079597473145e-01
-1.449555605649948120e-01
4.530595541000366211e-01
4.771344363689422607e-01
1.326099932193756104e-01
-2.415240108966827393e-01
-5.115849375724792480e-01
9.974221140146255493e-02
2.001978904008865356e-01
-4.941342175006866455e-01
-5.253853201866149902e-01
2.099884906783699989e-03
-2.794109880924224854e-01
1.631752401590347290e-01
-4.691218733787536621e-01
2.535541057586669922e-01
1.841918975114822388e-01
-1.244845390319824219e-01
-1.134944334626197815e-01
-5.677666664123535156e-01
-3.383653610944747925e-02
1.907836794853210449e-01
1.502991020679473877e-01
1.488044410943984985e-01
1.377507895231246948e-01
-6.098536774516105652e-02
1.752597689628601074e-01
9.554667025804519653e-02
-1.030002310872077942e-01
2.999057471752166748e-01
-1.726700179278850555e-02
3.628324866294860840e-01
6.573989987373352051e-02
-1.543014496564865112e-01
2.059106975793838501e-01
1.925751119852066040e-01
-1.259997636079788208e-01
-1.972087770700454712e-01
1.339422166347503662e-01
3.243951201438903809e-01
-1.230521202087402344e-01
-4.496580660343170166e-01
-2.025330206379294395e-03
1.150933355093002319e-01
-2.414437979459762573e-01
-1.011873334646224976e-01
1.793891191482543945e-02
-3.062355145812034607e-02
-1.024499721825122833e-02
1.612522155046463013e-01
-2.026347815990447998e-01
3.074877858161926270e-01
-2.022748440504074097e-01
-2.377533614635467529e-01
-2.463029026985168457e-01
-6.099711358547210693e-02
-1.106311008334159851e-01
-2.875478565692901611e-01
-1.513522025197744370e-02
-1.412415653467178345e-01
3.749223053455352783e-01
-5.087088346481323242e-01
-6.028322502970695496e-02
1.871849894523620605e-01
-6.695810705423355103e-02
7.963877171277999878e-02
4.346622228622436523e-01
2.242952138185501099e-01
6.653043627738952637e-02
6.683499813079833984e-01
-1.590235978364944458e-01
-1.438269019126892090e-01
2.333398908376693726e-01
-5.082951784133911133e-01
-3.828617632389068604e-01
3.409298658370971680e-01
-4.452851116657257080e-01
-1.272804290056228638e-01
-1.254265606403350830e-01
8.180666714906692505e-02
-1.567870974540710449e-01
-2.684482336044311523e-01
-2.708587348461151123e-01
-3.211548924446105957e-01
-1.942967064678668976e-02
2.270097285509109497e-02
-6.164444237947463989e-02
2.502325773239135742e-01
1.485003381967544556e-01
4.936558008193969727e-02
-2.526223957538604736e-01
3.869911283254623413e-02
-3.887133598327636719e-01
-1.699877828359603882e-01
1.604397743940353394e-01
1.753671169281005859e-01
6.512754559516906738e-01
-6.000733971595764160e-01
1.025662273168563843e-01
2.630263566970825195e-01
