-2.805059850215911865e-01
-1.198702007532119751e-01
-1.483003795146942139e-01
-1.179843991994857788e-01
-5.782879590988159180e-01
-1.210379973053932190e-01
1.362159848213195801e-02
1.247099973261356354e-02
-2.073561847209930420e-01
-1.293625950813293457e+00
6.119599938392639160e-02
-1.564197987318038940e-01
-4.176031947135925293e-01
2.505161762237548828e-01
5.128979682922363281e-02
-2.031163871288299561e-02
-3.078000247478485107e-01
2.078552246093750000e-01
1.373254060745239258e-01
-5.523459985852241516e-02
-7.137540727853775024e-02
-1.253300011157989502e-01
-9.505639970302581787e-02
4.161600396037101746e-02
-3.556716144084930420e-01
3.895000368356704712e-02
3.796396031975746155e-02
-2.583687379956245422e-02
3.497437834739685059e-01
-1.985520124435424805e-01
-1.208745986223220825e-01
2.342000007629394531e-01
-3.531439900398254395e-01
-2.921174168586730957e-01
-9.858161211013793945e-01
2.632905840873718262e-01
2.056641876697540283e-01
-3.480840325355529785e-01
-3.224759697914123535e-01
2.430630177259445190e-01
1.377793997526168823e-01
-9.182631224393844604e-02
-3.620927929878234863e-01
3.092413842678070068e-01
-1.748580038547515869e-01
-2.228132039308547974e-01
1.155164018273353577e-01
-2.177385985851287842e-01
5.519219487905502319e-02
1.674279868602752686e-01
2.017420083284378052e-01
-2.951320447027683258e-02
-2.010132074356079102e-01
1.085679978132247925e-01
1.796640083193778992e-02
2.627404928207397461e-01
-5.820399522781372070e-02
9.216158837080001831e-02
1.729959994554519653e-01
-3.258859813213348389e-01
5.517479777336120605e-01
8.936739712953567505e-02
2.433539927005767822e-01
1.256190091371536255e-01
-1.173393949866294861e-01
-3.398281931877136230e-01
-2.080693989992141724e-01
4.707875475287437439e-02
3.581920266151428223e-01
-1.819075942039489746e-01
-1.974513977766036987e-01
3.737931847572326660e-01
6.647986359894275665e-03
3.372440040111541748e-01
-2.046839892864227295e-01
-3.697039932012557983e-02
7.080399990081787109e-02
2.369361817836761475e-01
-2.797619998455047607e-01
-1.296685934066772461e-01
-1.086758002638816833e-01
-1.168799120932817459e-02
4.208372235298156738e-01
-3.680299818515777588e-01
3.461631834506988525e-01
6.512799113988876343e-02
-9.949199855327606201e-02
5.587800145149230957e-01
6.231600791215896606e-02
-7.752803154289722443e-03
-5.097956210374832153e-02
2.264500111341476440e-01
-3.871409893035888672e-01
-5.414000153541564941e-01
2.487177401781082153e-01
7.777000963687896729e-02
1.067559942603111267e-01
-1.112614423036575317e-01
1.037870049476623535e-01
-3.749355971813201904e-01
-6.933160126209259033e-02
1.986073330044746399e-02
-5.542199686169624329e-02
3.850259585306048393e-03
-3.485919833183288574e-01
-1.343819946050643921e-01
-3.055739402770996094e-02
2.208290100097656250e-01
-3.981399908661842346e-02
5.929988808929920197e-03
1.687459833920001984e-02
-1.000999957323074341e-01
1.915985941886901855e-01
1.914359629154205322e-02
8.522959798574447632e-02
2.041480094194412231e-01
-1.040619984269142151e-01
1.355994939804077148e-01
9.129160642623901367e-02
-2.283793985843658447e-01
3.893992006778717041e-01
-1.349087953567504883e-01
1.594895869493484497e-01
-1.429459750652313232e-01
5.122760683298110962e-02
-7.830759882926940918e-02
1.596647948026657104e-01
1.901780068874359131e-01
-1.906460076570510864e-01
-7.009798195213079453e-03
5.217801406979560852e-02
-1.571284234523773193e-01
-3.378683924674987793e-01
1.921513974666595459e-01
3.681999398395419121e-03
-1.641059964895248413e-01
1.821798039600253105e-03
-1.152286082506179810e-01
4.329423904418945312e-01
-2.115681208670139313e-02
-3.193103969097137451e-01
2.939586043357849121e-01
8.399599045515060425e-02
-2.657065726816654205e-02
-2.802453935146331787e-01
8.539060130715370178e-03
-2.206134349107742310e-01
-2.003573924303054810e-01
3.482460081577301025e-01
-1.126073971390724182e-01
1.203171983361244202e-01
-1.725758016109466553e-01
1.415313929319381714e-01
-2.037234008312225342e-01
9.894379973411560059e-02
1.515001058578491211e-03
2.026219815015792847e-01
-5.536860972642898560e-02
2.275578081607818604e-01
-2.764620445668697357e-02
-5.081796552985906601e-03
-1.691869944334030151e-01
-3.981259763240814209e-01
-3.208519890904426575e-02
-8.980459719896316528e-02
2.723960280418395996e-01
-4.389860108494758606e-02
3.129168152809143066e-01
7.729685306549072266e-02
3.004131913185119629e-01
1.847236007452011108e-01
2.025460004806518555e-01
-1.715620309114456177e-01
3.381100296974182129e-01
-1.710000038146972656e-01
1.210000067949295044e-01
-2.265516072511672974e-01
-1.523901969194412231e-01
3.151691854000091553e-01
2.671400010585784912e-01
-1.875180006027221680e-01
1.593953967094421387e-01
-1.620419919490814209e-01
-1.493819952011108398e-01
-1.208382025361061096e-01
-5.794199705123901367e-01
-1.958722025156021118e-01
3.646147847175598145e-01
2.618132233619689941e-01
3.383259773254394531e-01
3.334212005138397217e-01
9.091401472687721252e-03
1.840444058179855347e-01
1.896790117025375366e-01
-1.705953925848007202e-01
9.248939901590347290e-02
1.657762080430984497e-01
1.414960343390703201e-02
-3.052360117435455322e-01
-2.383480072021484375e-01
1.096884012222290039e+00
-1.378100067377090454e-01
4.560063779354095459e-01
2.763080000877380371e-01
1.895546019077301025e-01
-3.079895973205566406e-01
-2.786328196525573730e-01
3.059886097908020020e-01
1.060606017708778381e-01
-2.141920030117034912e-01
-4.769353866577148438e-01
-1.880033761262893677e-01
-1.382102072238922119e-01
3.057973980903625488e-01
-5.351333618164062500e-01
1.515034139156341553e-01
2.618764042854309082e-01
-8.720900118350982666e-02
-2.321799993515014648e-01
-3.758180141448974609e-01
7.963800430297851562e-02
2.764504551887512207e-01
-5.374780297279357910e-02
-2.503599273040890694e-03
1.858176589012145996e-01
-3.390580788254737854e-02
1.604124009609222412e-01
-2.230159938335418701e-02
-8.060200512409210205e-02
9.956388175487518311e-02
5.365201830863952637e-02
1.983684003353118896e-01
5.063588172197341919e-02
-4.125999808311462402e-01
2.726130485534667969e-01
6.575079262256622314e-02
2.669801749289035797e-02
-3.281459957361221313e-02
6.009159237146377563e-02
2.127693444490432739e-01
5.830780416727066040e-02
-2.197132110595703125e-01
-3.419919684529304504e-02
2.024800144135951996e-02
-1.959235966205596924e-01
-5.689020082354545593e-02
2.198719978332519531e-01
-1.881546080112457275e-01
-1.680749952793121338e-01
-5.585999414324760437e-02
-3.636283874511718750e-01
2.344409972429275513e-01
-3.417150080204010010e-01
-3.506719768047332764e-01
2.517084181308746338e-01
9.099059551954269409e-02
-4.622799903154373169e-02
-2.733972072601318359e-01
1.366720050573348999e-01
1.171019896864891052e-01
3.952419757843017578e-01
-2.202055901288986206e-01
-5.485539510846138000e-02
5.968579649925231934e-02
-1.688960045576095581e-01
-6.277140229940414429e-02
3.729299902915954590e-01
3.366245925426483154e-01
4.027279913425445557e-01
5.409860014915466309e-01
-7.352484762668609619e-02
-3.613446056842803955e-01
1.118652001023292542e-01
-3.220562338829040527e-01
-1.960783898830413818e-01
3.267880082130432129e-01
-1.316402077674865723e+00
4.622700065374374390e-02
8.605999499559402466e-02
-5.008599907159805298e-02
-2.341759949922561646e-01
-5.163683891296386719e-01
-3.282036185264587402e-01
-1.441894024610519409e-01
-1.208572015166282654e-01
4.646281711757183075e-03
-3.163200020790100098e-01
2.529250681400299072e-01
1.440546065568923950e-01
3.647280484437942505e-02
-1.338038891553878784e-01
-1.209290027618408203e-01
-1.236338168382644653e-01
-7.072001695632934570e-03
1.223839968442916870e-01
1.044103950262069702e-01
4.048659801483154297e-01
-3.752566277980804443e-01
-1.233799755573272705e-02
3.818480074405670166e-01
