-2.857213914394378662e-01
-2.574069797992706299e-01
-1.869839876890182495e-01
3.684199973940849304e-02
-7.514860033988952637e-01
-2.268398925662040710e-02
1.202635988593101501e-01
2.061475962400436401e-01
-6.626179814338684082e-01
-1.039288043975830078e+00
-1.250408589839935303e-03
-1.486299932003021240e-01
-5.629599690437316895e-01
5.554180219769477844e-02
-1.519941985607147217e-01
-9.244745969772338867e-02
-3.402400016784667969e-01
3.095659911632537842e-01
2.316260039806365967e-01
-1.920925825834274292e-01
1.327752023935317993e-01
-2.489386051893234253e-01
2.207478135824203491e-02
1.159011945128440857e-01
-1.212236061692237854e-01
-4.730399698019027710e-02
1.915293931961059570e-01
3.532511591911315918e-01
3.464220166206359863e-01
-4.963580071926116943e-01
-8.233200013637542725e-02
2.128899991512298584e-01
-4.409617781639099121e-01
-2.296594083309173584e-01
-7.333620190620422363e-01
-1.821402111090719700e-03
2.327279746532440186e-01
-4.437490105628967285e-01
-1.701138019561767578e-01
1.408239901065826416e-01
-1.048859953880310059e-01
3.677606628116336651e-06
-7.812059521675109863e-01
5.006300210952758789e-01
-3.872570097446441650e-01
-3.079140186309814453e-01
-7.309080660343170166e-02
-2.972760796546936035e-01
1.552020292729139328e-02
-4.193799942731857300e-02
-3.201100230216979980e-02
1.527239978313446045e-01
-2.263273894786834717e-01
-8.048599958419799805e-02
-2.177000045776367188e-02
7.400570809841156006e-02
2.028379887342453003e-01
1.311235874891281128e-01
9.769519418478012085e-02
-2.885116040706634521e-01
7.087820172309875488e-01
2.862239778041839600e-01
1.797080039978027344e-01
-2.135002519935369492e-03
9.721219539642333984e-02
-1.726875901222229004e-01
-2.620013952255249023e-01
1.174479946494102478e-01
2.737211883068084717e-01
-1.484391987323760986e-01
-4.417980313301086426e-01
4.264135956764221191e-01
2.821871936321258545e-01
4.680841863155364990e-01
-2.378839701414108276e-01
-7.619459927082061768e-02
2.064100056886672974e-01
3.279000520706176758e-03
-2.523978985846042633e-02
-1.682639867067337036e-01
-1.686720550060272217e-02
1.241461001336574554e-02
-2.814960479736328125e-02
-4.074479937553405762e-01
7.250919938087463379e-02
-5.890600010752677917e-02
-1.746769994497299194e-01
3.481375873088836670e-01
1.499080061912536621e-01
-2.837732136249542236e-01
1.994480192661285400e-02
3.493959903717041016e-01
-3.198587894439697266e-01
-3.381180167198181152e-01
4.839820265769958496e-01
5.063840001821517944e-02
9.144720435142517090e-02
-1.522348374128341675e-01
2.409500181674957275e-01
-5.155040025711059570e-01
-1.645853966474533081e-01
5.356199666857719421e-02
-2.751338481903076172e-02
2.257518023252487183e-01
-2.035917788743972778e-01
-1.925760060548782349e-01
8.706660568714141846e-02
3.813806176185607910e-01
9.150340408086776733e-02
9.485219419002532959e-02
-9.364979714155197144e-02
-2.463753968477249146e-01
3.853680193424224854e-01
4.134368002414703369e-01
-2.288080006837844849e-01
5.936418846249580383e-02
-1.617240011692047119e-01
-4.390389472246170044e-02
1.286049932241439819e-01
-6.523840129375457764e-02
5.747839808464050293e-01
-8.128400146961212158e-02
1.610719859600067139e-01
-2.005439698696136475e-01
2.180988155305385590e-02
1.520404070615768433e-01
7.126340270042419434e-02
1.583519577980041504e-02
-1.534380018711090088e-01
8.018000423908233643e-02
-1.644000113010406494e-01
3.254999965429306030e-02
-2.201205790042877197e-01
-5.672396626323461533e-03
1.092958003282546997e-01
-1.904119998216629028e-01
-5.221335962414741516e-02
-2.971649765968322754e-01
1.997999846935272217e-01
-2.948280610144138336e-02
-3.200286030769348145e-01
2.717226147651672363e-01
1.078559979796409607e-01
-1.226200312376022339e-01
-1.891100108623504639e-01
-4.739599674940109253e-02
-3.009120225906372070e-01
-2.708759903907775879e-01
6.322119832038879395e-01
-2.489651739597320557e-01
3.554490208625793457e-01
-1.301890164613723755e-01
4.388549551367759705e-02
-2.097768038511276245e-01
9.995125234127044678e-02
-1.336999833583831787e-01
2.982621788978576660e-01
2.136500179767608643e-01
-3.824359923601150513e-02
-1.813041865825653076e-01
5.192217975854873657e-02
3.056600689888000488e-02
-4.908279776573181152e-01
-8.110260218381881714e-02
-3.374119699001312256e-01
3.016752004623413086e-01
-1.795559749007225037e-02
4.003170132637023926e-01
-1.076127439737319946e-01
2.838736176490783691e-01
2.082380056381225586e-01
2.754583954811096191e-01
-2.907299622893333435e-02
6.395159959793090820e-01
-1.735199987888336182e-01
1.379698551318142563e-05
-2.414119988679885864e-01
-2.852697968482971191e-01
-2.546940185129642487e-02
4.632759988307952881e-01
-4.301500320434570312e-01
9.653840214014053345e-02
-3.423351943492889404e-01
-3.808340132236480713e-01
-3.106097877025604248e-01
-4.252980351448059082e-01
-1.896494030952453613e-01
3.966625928878784180e-01
3.861571848392486572e-01
3.440960049629211426e-01
5.354059338569641113e-01
9.650380164384841919e-02
1.604311913251876831e-01
5.098420381546020508e-01
-3.095222115516662598e-01
2.070800065994262695e-01
2.320754081010818481e-01
-1.261928081512451172e-01
-3.649599477648735046e-02
-1.773439943790435791e-01
7.265840172767639160e-01
-2.191120088100433350e-01
4.447250366210937500e-01
3.613616526126861572e-01
1.591800004243850708e-01
-2.394520044326782227e-01
-4.326160550117492676e-01
9.235401451587677002e-02
4.061385989189147949e-01
-4.406341612339019775e-01
-4.637147784233093262e-01
-4.207200109958648682e-01
-3.720936179161071777e-01
3.197293877601623535e-01
-6.072460412979125977e-01
1.007926017045974731e-01
2.616687417030334473e-01
-1.035000104457139969e-02
-1.837720125913619995e-01
-5.914019942283630371e-01
-2.107400000095367432e-01
1.982578039169311523e-01
7.248929888010025024e-02
4.755400121212005615e-02
4.235046356916427612e-02
-1.519920229911804199e-01
1.072184070944786072e-01
1.614959985017776489e-01
-2.123040258884429932e-01
3.404380381107330322e-01
1.276580058038234711e-02
3.782979846000671387e-01
-5.649399757385253906e-02
-2.795850038528442383e-01
2.852830290794372559e-01
7.528439909219741821e-02
-6.353439390659332275e-02
-4.011593386530876160e-02
1.041419953107833862e-01
3.607040047645568848e-01
3.861560672521591187e-02
-3.460159897804260254e-01
-3.002319671213626862e-02
7.803180068731307983e-02
-9.485600143671035767e-02
3.583800047636032104e-02
2.479438036680221558e-01
-3.253939747810363770e-01
-2.145020067691802979e-01
2.260620146989822388e-01
-3.384899795055389404e-01
5.234659910202026367e-01
-3.132340013980865479e-01
-3.747760057449340820e-01
-3.826735913753509521e-01
-5.548239499330520630e-02
1.878800056874752045e-02
-4.427412152290344238e-01
-3.491399437189102173e-02
1.129539981484413147e-01
5.955220460891723633e-01
-3.449895977973937988e-01
-2.265421599149703979e-01
6.865960359573364258e-02
2.288800105452537537e-02
-1.603564023971557617e-01
4.008280336856842041e-01
3.561047911643981934e-01
1.633528023958206177e-01
7.766120433807373047e-01
1.231755595654249191e-02
-4.153344035148620605e-01
1.392931938171386719e-01
-5.699959993362426758e-01
-1.014599762856960297e-02
3.703519999980926514e-01
-5.258343815803527832e-01
4.598800092935562134e-02
-2.576780021190643311e-01
-5.128999799489974976e-02
-1.839008033275604248e-01
-4.289200305938720703e-01
-3.666501939296722412e-01
-1.575000025331974030e-02
1.068475991487503052e-01
6.226107478141784668e-02
-2.062447816133499146e-01
3.199619799852371216e-02
3.253883719444274902e-01
2.332328110933303833e-01
-1.309069991111755371e-01
1.671133935451507568e-01
-2.110403729602694511e-03
1.233000773936510086e-02
-3.553995396941900253e-03
2.717543840408325195e-01
7.620919346809387207e-01
-6.881939768791198730e-01
-1.345959585160017014e-02
2.930691838264465332e-01
