-4.365999996662139893e-02
-3.007499873638153076e-02
-1.224500089883804321e-01
-1.907199919223785400e-01
-5.100849866867065430e-01
2.239000797271728516e-02
1.300864964723587036e-01
5.482599735260009766e-01
-2.799929976463317871e-01
-1.202900052070617676e+00
2.135600149631500244e-01
-3.778500109910964966e-02
-2.681735157966613770e-01
3.093599975109100342e-01
9.512449800968170166e-02
-3.277999907732009888e-02
4.888999462127685547e-02
-2.086520045995712280e-01
2.005000412464141846e-02
-1.580215096473693848e-01
-1.501984894275665283e-01
-1.650100052356719971e-01
2.861250042915344238e-01
5.883499979972839355e-02
1.719899773597717285e-01
-7.389500737190246582e-02
6.076350063085556030e-02
6.080150008201599121e-01
1.812350153923034668e-01
-4.177499935030937195e-02
-1.303735077381134033e-01
1.750099956989288330e-01
-3.384840786457061768e-01
4.647414982318878174e-01
-7.456099987030029297e-01
-9.337849915027618408e-02
1.640305072069168091e-01
-5.978149771690368652e-01
-1.245799958705902100e-01
6.909999251365661621e-02
-1.420219987630844116e-01
-1.429807990789413452e-01
-8.522999882698059082e-01
3.683099746704101562e-01
-5.802749991416931152e-01
-9.268699884414672852e-01
9.556899964809417725e-02
-6.270849704742431641e-01
4.020205140113830566e-01
-3.034650087356567383e-01
-3.681498765945434570e-02
1.044449955224990845e-01
-3.078899905085563660e-02
1.154704019427299500e-01
1.985470056533813477e-01
2.455515116453170776e-01
-1.062000021338462830e-01
-1.323060095310211182e-01
6.699000298976898193e-02
-1.546050161123275757e-01
2.251849919557571411e-01
3.731650114059448242e-01
-1.644200086593627930e-01
2.050000056624412537e-02
1.374299973249435425e-01
1.537245064973831177e-01
-4.613450169563293457e-01
2.281949967145919800e-01
1.578399986028671265e-01
-2.250129878520965576e-01
2.142949998378753662e-01
6.870250105857849121e-01
2.896400094032287598e-01
4.936699867248535156e-01
-1.220149993896484375e-01
1.916250027716159821e-02
1.639750003814697266e-01
-1.497614979743957520e-01
-1.881850063800811768e-01
-2.335050106048583984e-01
2.267599850893020630e-01
-1.781733930110931396e-01
-2.729200124740600586e-01
-2.731999754905700684e-02
-2.420819997787475586e-01
-1.858099997043609619e-01
2.092399895191192627e-01
2.081515043973922729e-01
3.696900010108947754e-01
-1.741935014724731445e-01
2.593829929828643799e-01
1.187499612569808960e-02
-3.670500218868255615e-02
-4.818149805068969727e-01
1.651349961757659912e-01
2.052849978208541870e-01
2.694250047206878662e-01
-5.277100205421447754e-02
-3.993500024080276489e-03
-4.748550057411193848e-01
-8.027699589729309082e-02
-8.612999320030212402e-02
1.188299953937530518e-01
-5.136001110076904297e-02
-1.645295023918151855e-01
1.480050012469291687e-02
2.075614929199218750e-01
8.336900472640991211e-01
3.867150098085403442e-02
-2.393500506877899170e-02
2.298350036144256592e-01
1.391749978065490723e-01
1.768099963665008545e-01
3.608649969100952148e-02
1.380000263452529907e-02
-2.371000498533248901e-02
1.116764992475509644e-01
3.857600092887878418e-01
8.528500795364379883e-02
-5.143649578094482422e-01
1.931100189685821533e-01
-3.117400109767913818e-01
5.359950065612792969e-01
-3.463799953460693359e-01
4.535499960184097290e-02
-1.147870048880577087e-01
-4.175914824008941650e-01
-7.173799723386764526e-02
-8.452500402927398682e-02
3.476054966449737549e-01
-1.896755099296569824e-01
1.154500246047973633e-02
-3.206129968166351318e-01
1.559500098228454590e-01
-1.560570001602172852e-01
-3.041650056838989258e-01
9.013649821281433105e-02
-3.574525117874145508e-01
2.380025088787078857e-01
-2.207730114459991455e-01
-2.689400017261505127e-01
2.871065139770507812e-01
5.668599605560302734e-01
-2.985831499099731445e-01
-3.269500136375427246e-01
3.893689811229705811e-01
-7.014750242233276367e-01
-1.462399959564208984e-01
2.748100161552429199e-01
-9.399549663066864014e-02
2.262479960918426514e-01
-1.780599951744079590e-01
-6.873000413179397583e-02
-4.782650247216224670e-02
-7.474749814718961716e-03
-1.525499969720840454e-01
3.618699908256530762e-01
1.730500161647796631e-02
2.735649943351745605e-01
4.737949743866920471e-02
8.429500274360179901e-03
-2.864750027656555176e-01
-5.085200071334838867e-01
-2.738749980926513672e-02
-9.918998181819915771e-02
1.018550097942352295e-01
-4.084996879100799561e-03
3.106850087642669678e-01
-1.807450056076049805e-01
3.247449994087219238e-01
3.830049932003021240e-01
3.141750097274780273e-01
1.476500928401947021e-02
4.505199790000915527e-01
-4.836199879646301270e-01
-9.256950020790100098e-02
1.584450006484985352e-01
3.335350155830383301e-01
-1.504749953746795654e-01
4.669849872589111328e-01
-1.138649955391883850e-01
1.649200022220611572e-01
-4.716199636459350586e-01
-5.827249884605407715e-01
3.534559905529022217e-01
-4.972299933433532715e-01
-7.464199662208557129e-01
3.860850036144256592e-01
7.080800086259841919e-02
1.053699925541877747e-01
6.655300259590148926e-01
4.292999804019927979e-01
2.144750058650970459e-01
5.058500170707702637e-01
1.535100024193525314e-02
-1.920799911022186279e-01
4.298944771289825439e-01
-2.154749929904937744e-01
-4.415600001811981201e-01
-3.628249764442443848e-01
1.003370046615600586e+00
-4.811249971389770508e-01
4.003349840641021729e-01
2.612735033035278320e-01
4.513099789619445801e-01
-5.284749865531921387e-01
-2.863299846649169922e-01
1.589300036430358887e-01
-9.627349674701690674e-02
-6.138849854469299316e-01
-3.725119829177856445e-01
-1.148600056767463684e-01
-3.433150053024291992e-01
1.442909985780715942e-01
-4.159100055694580078e-01
-1.615999639034271240e-02
5.662800073623657227e-01
-1.777600049972534180e-01
-2.240949869155883789e-01
-7.002600431442260742e-01
3.456500172615051270e-02
3.326100111007690430e-01
3.318249881267547607e-01
1.216899976134300232e-01
9.312500059604644775e-02
-3.910199999809265137e-01
2.009399980306625366e-01
-4.053549766540527344e-01
-3.074150085449218750e-01
3.771000206470489502e-01
-1.168099939823150635e-01
3.766199946403503418e-01
-6.242997944355010986e-03
-8.693999052047729492e-02
2.493425905704498291e-01
7.806500047445297241e-02
-1.226500421762466431e-02
-7.386998832225799561e-02
4.670799970626831055e-01
4.906399846076965332e-01
-1.966169923543930054e-01
-1.948200017213821411e-01
-6.799149513244628906e-02
1.647450029850006104e-01
3.711001574993133545e-02
5.871899724006652832e-01
4.629899933934211731e-02
-7.218549847602844238e-01
1.010169982910156250e-01
-2.626999914646148682e-01
-1.652799993753433228e-01
4.747700095176696777e-01
-1.708349883556365967e-01
-3.510200083255767822e-01
-2.587340176105499268e-01
8.530549705028533936e-02
-2.880499511957168579e-02
-3.185279965400695801e-01
-1.326449960470199585e-01
-1.875050067901611328e-01
8.028899431228637695e-01
-3.094759881496429443e-01
3.791190087795257568e-01
6.110550165176391602e-01
1.166499406099319458e-02
1.753824949264526367e-01
1.966110020875930786e-01
4.247099757194519043e-01
1.681350022554397583e-01
7.904599905014038086e-01
2.094129025936126709e-01
-1.578759998083114624e-01
4.036729931831359863e-01
-8.939099907875061035e-01
-3.733400106430053711e-01
2.008150070905685425e-01
-5.913850069046020508e-01
-3.000150024890899658e-01
-7.844000309705734253e-02
3.233050107955932617e-01
1.280674934387207031e-01
-2.562150061130523682e-01
-1.483405083417892456e-01
-2.511799931526184082e-01
-4.733299911022186279e-01
7.232219725847244263e-02
-4.240800142288208008e-01
2.967950105667114258e-01
1.289914995431900024e-01
2.699650079011917114e-02
-3.107349872589111328e-01
2.344114929437637329e-01
-1.716000139713287354e-01
-2.310050129890441895e-01
-8.391900360584259033e-02
1.236310005187988281e-01
7.820500135421752930e-01
-2.851850092411041260e-01
6.328250169754028320e-01
8.750639855861663818e-02
