-2.820675075054168701e-01
9.736987948417663574e-02
-3.551148772239685059e-01
-1.838423758745193481e-01
-6.146150231361389160e-01
-3.924387693405151367e-02
6.141509860754013062e-03
3.801619708538055420e-01
-3.819828629493713379e-01
-1.095165014266967773e+00
2.070936262607574463e-01
2.259091287851333618e-01
-4.872428774833679199e-01
-1.030810028314590454e-01
-1.347624883055686951e-02
-1.884852945804595947e-01
-2.852999866008758545e-01
3.380474746227264404e-01
2.677724957466125488e-01
-2.460874915122985840e-01
-2.046282440423965454e-01
-1.035442575812339783e-01
-1.204498708248138428e-01
2.890258729457855225e-01
-1.072250306606292725e-03
1.581564545631408691e-01
1.874930113554000854e-01
3.134369850158691406e-01
3.670060038566589355e-01
-2.782514095306396484e-01
-2.177749574184417725e-02
3.472314774990081787e-01
-3.230502605438232422e-01
-1.015683785080909729e-01
-5.967375040054321289e-01
-2.866245806217193604e-03
2.363124787807464600e-01
-4.436662495136260986e-01
-5.331287160515785217e-02
2.026412487030029297e-01
-1.392837464809417725e-01
2.399141192436218262e-01
-4.942450225353240967e-01
6.603733897209167480e-01
-2.529295086860656738e-01
-1.794801354408264160e-01
2.006186246871948242e-01
-1.398128718137741089e-01
-3.446938097476959229e-02
6.189337745308876038e-02
-9.650626778602600098e-02
1.961642354726791382e-01
-1.880038976669311523e-01
-3.806374967098236084e-02
-3.428375348448753357e-02
2.432360649108886719e-01
3.403062820434570312e-01
-1.038224995136260986e-01
1.636497378349304199e-01
-5.438832044601440430e-01
4.288363456726074219e-01
2.549653649330139160e-01
1.531312465667724609e-01
5.052474886178970337e-02
-2.393638342618942261e-02
-1.614841222763061523e-01
-2.604558467864990234e-01
7.707624882459640503e-02
3.001686334609985352e-01
-3.179237544536590576e-01
-2.657683789730072021e-01
4.044094979763031006e-01
3.809325098991394043e-01
2.316343933343887329e-01
-4.280649721622467041e-01
-4.813673347234725952e-02
2.313624918460845947e-01
3.744274750351905823e-02
-1.336711198091506958e-01
-1.102021187543869019e-01
-5.680887401103973389e-02
1.516015082597732544e-01
-6.489850580692291260e-02
-3.152507543563842773e-01
6.099773943424224854e-02
-6.725687533617019653e-02
-1.545200217515230179e-02
3.504181504249572754e-01
3.557426333427429199e-01
-1.686333566904067993e-01
1.438803672790527344e-01
2.668010890483856201e-01
-3.255626261234283447e-01
-5.032674670219421387e-01
6.231700181961059570e-01
-9.807999432086944580e-02
1.637374982237815857e-02
-1.445314139127731323e-01
1.755152493715286255e-01
-5.208997130393981934e-01
-3.738307356834411621e-01
2.970499731600284576e-02
-8.942491561174392700e-02
-4.390137270092964172e-02
-2.775374948978424072e-01
-3.086499869823455811e-01
3.529125079512596130e-02
9.224649518728256226e-02
5.733212083578109741e-02
-1.483381241559982300e-01
-2.013050019741058350e-01
-7.179337739944458008e-02
1.598983556032180786e-01
7.542800903320312500e-02
-5.757775157690048218e-02
-1.327623724937438965e-01
-1.386337578296661377e-01
1.685234308242797852e-01
8.937762677669525146e-02
-2.192605137825012207e-01
5.404612421989440918e-01
-1.732074841856956482e-02
1.199723631143569946e-01
-3.077349960803985596e-01
-3.976869583129882812e-02
2.842607498168945312e-01
3.701254725456237793e-03
5.544875562191009521e-02
-1.284318715333938599e-01
4.891875013709068298e-02
-8.777013421058654785e-02
-1.809650063514709473e-01
-4.022924900054931641e-01
9.700075536966323853e-02
6.755112856626510620e-02
-3.259937465190887451e-01
-2.603247947990894318e-02
-1.540514230728149414e-01
1.764362603425979614e-01
3.654424846172332764e-02
-1.069665998220443726e-01
3.405762910842895508e-01
2.117812484502792358e-01
-2.274908572435379028e-01
-4.079627394676208496e-01
-2.226203978061676025e-01
-1.857183873653411865e-01
-3.681062459945678711e-01
3.043637573719024658e-01
1.948450133204460144e-02
3.411000967025756836e-01
-1.290487349033355713e-01
6.686612963676452637e-02
-1.783816218376159668e-01
9.724479913711547852e-02
4.925375804305076599e-02
3.312937319278717041e-01
1.340733766555786133e-01
-1.423487253487110138e-02
-1.641112565994262695e-01
-6.055101007223129272e-02
3.717612475156784058e-02
-2.361162453889846802e-01
-1.765825552865862846e-03
-2.966459989547729492e-01
1.983758360147476196e-01
-5.157025158405303955e-02
6.837686896324157715e-02
-6.700645387172698975e-02
4.214011877775192261e-02
1.878972500562667847e-01
9.435948729515075684e-02
-3.950874507427215576e-02
5.085542798042297363e-01
-1.478585004806518555e-01
-5.478949844837188721e-02
-1.501776278018951416e-01
-2.666913568973541260e-01
4.358187317848205566e-02
3.619112372398376465e-01
-2.722500264644622803e-01
2.343232482671737671e-01
-1.983581334352493286e-01
-1.025931313633918762e-01
-2.955774962902069092e-01
-4.808174669742584229e-01
-2.869798541069030762e-01
4.198614358901977539e-01
3.757090270519256592e-01
4.152300059795379639e-01
4.566186964511871338e-01
1.832961142063140869e-01
-8.736294507980346680e-02
4.150432050228118896e-01
-2.169767320156097412e-01
1.735384315252304077e-01
1.892289966344833374e-01
-8.941326290369033813e-02
-1.766125112771987915e-01
-2.950996160507202148e-01
7.018125653266906738e-01
-2.035250514745712280e-02
2.953770160675048828e-01
2.198797911405563354e-01
1.411281228065490723e-01
-3.774833679199218750e-01
-5.950062870979309082e-01
-1.883586868643760681e-02
3.419762253761291504e-01
-3.340013921260833740e-01
-5.073179006576538086e-01
-1.220345124602317810e-01
-2.074409872293472290e-01
4.111421406269073486e-01
-3.901608884334564209e-01
1.840711086988449097e-01
5.895716696977615356e-02
9.586250036954879761e-02
-2.329100072383880615e-01
-4.145499467849731445e-01
-7.092757523059844971e-02
-7.855646312236785889e-02
7.876499742269515991e-02
2.516900300979614258e-01
4.276103526353836060e-02
2.056243829429149628e-02
7.188274711370468140e-02
1.214837580919265747e-01
-9.621375054121017456e-02
3.394694030284881592e-01
8.505611866712570190e-02
1.915076375007629395e-01
2.398325316607952118e-02
-3.212497830390930176e-01
4.343099594116210938e-01
-1.979449391365051270e-02
-1.348351240158081055e-01
-1.349899917840957642e-01
2.393412441015243530e-01
2.965617477893829346e-01
1.098107546567916870e-01
-2.952241301536560059e-01
-8.162374794483184814e-02
-3.325124830007553101e-02
-1.769165098667144775e-01
-1.106581315398216248e-01
1.437920033931732178e-01
-4.240737855434417725e-02
-1.168569922447204590e-01
2.780870199203491211e-01
-6.441274285316467285e-02
2.711408436298370361e-01
-2.162196040153503418e-01
-2.978007197380065918e-01
-1.754812598228454590e-01
-1.523849964141845703e-01
6.059373915195465088e-02
-4.843700230121612549e-01
1.366563439369201660e-01
2.449200004339218140e-01
3.266137540340423584e-01
-3.824209570884704590e-01
-3.347313776612281799e-02
4.294127225875854492e-03
-1.959512531757354736e-01
-1.866641193628311157e-01
5.481512546539306641e-01
5.079332366585731506e-02
3.565980195999145508e-01
6.398287415504455566e-01
-1.531122475862503052e-01
-3.960337042808532715e-01
8.163752965629100800e-03
-4.017881453037261963e-01
-1.094817221164703369e-01
3.580012619495391846e-01
-7.085560560226440430e-01
1.062538772821426392e-01
-4.282124340534210205e-02
7.801105827093124390e-02
-3.151837289333343506e-01
-2.667683660984039307e-01
-3.039903640747070312e-01
-2.715237736701965332e-01
2.390605062246322632e-01
5.548012256622314453e-02
-2.497199922800064087e-01
1.211588755249977112e-01
2.999332547187805176e-01
2.603814601898193359e-01
-2.363613694906234741e-01
1.235412508249282837e-01
-1.421150192618370056e-02
-1.134482473134994507e-01
1.383825093507766724e-01
3.011874854564666748e-01
5.199737548828125000e-01
-6.152581572532653809e-01
-1.282672584056854248e-01
1.135514825582504272e-01
