-1.518049985170364380e-01
2.118165045976638794e-01
-2.183504998683929443e-01
-1.975822597742080688e-01
-2.265174984931945801e-01
2.365725301206111908e-02
-7.581750303506851196e-02
2.554219961166381836e-01
-9.053650498390197754e-02
-1.450525045394897461e+00
1.344772428274154663e-01
3.102057576179504395e-01
-5.889925360679626465e-02
4.243474453687667847e-02
6.288249045610427856e-02
-6.584750115871429443e-02
-1.658537536859512329e-01
2.223954945802688599e-01
7.526425272226333618e-02
-3.851075470447540283e-02
-1.561907529830932617e-01
4.429349675774574280e-02
9.619000554084777832e-02
2.421997487545013428e-01
8.622248470783233643e-02
7.601124793291091919e-02
1.593978703022003174e-01
2.532550096511840820e-01
2.608547508716583252e-01
-1.877100020647048950e-01
-2.471742630004882812e-01
5.335274934768676758e-01
-1.464800536632537842e-01
3.155617415904998779e-01
-7.037575244903564453e-01
-2.920999377965927124e-02
1.182549968361854553e-01
-3.679524958133697510e-01
-1.138099879026412964e-01
1.574712693691253662e-01
1.012150198221206665e-02
1.517174988985061646e-01
-4.857975244522094727e-01
5.567517280578613281e-01
-2.762390077114105225e-01
-4.968425035476684570e-01
2.154844999313354492e-01
-6.091825664043426514e-02
6.088050454854965210e-02
-1.929807364940643311e-01
-1.589349806308746338e-01
2.601110041141510010e-01
1.013957485556602478e-01
1.884989440441131592e-01
2.216844856739044189e-01
7.820825278759002686e-02
-8.053000271320343018e-02
-1.977974921464920044e-01
1.089232489466667175e-01
-2.497450113296508789e-01
3.260750323534011841e-02
2.692932784557342529e-01
2.126954793930053711e-01
3.481600433588027954e-02
-5.258550494909286499e-02
8.222000300884246826e-02
-7.811249047517776489e-02
1.005627438426017761e-01
2.406824976205825806e-01
-3.264774978160858154e-01
-2.171925082802772522e-02
3.223074972629547119e-01
2.431937456130981445e-01
5.709699541330337524e-02
-3.024950027465820312e-01
3.792449831962585449e-02
1.900999993085861206e-02
-1.623275130987167358e-02
-1.182475090026855469e-01
9.815450012683868408e-02
6.509225070476531982e-02
1.942883133888244629e-01
-1.457509994506835938e-01
-2.298000007867813110e-01
1.561925113201141357e-01
-1.097575128078460693e-01
4.462775215506553650e-02
1.718082576990127563e-01
2.010575085878372192e-01
-1.351929903030395508e-01
1.724107563495635986e-01
2.656855061650276184e-02
-1.077800020575523376e-01
-5.651124715805053711e-01
4.470325112342834473e-01
5.083199962973594666e-02
-1.593699902296066284e-01
-2.181752473115921021e-01
1.076132506132125854e-01
-4.278519749641418457e-01
-2.131099998950958252e-01
8.745003491640090942e-03
1.363926678895950317e-01
1.121250167489051819e-02
-3.511475026607513428e-02
-2.937397360801696777e-01
3.233399987220764160e-01
3.542655110359191895e-01
1.827825605869293213e-02
-1.381249874830245972e-01
1.284775137901306152e-01
2.126085162162780762e-01
6.722939759492874146e-02
7.099375128746032715e-02
1.653175055980682373e-01
-1.156897544860839844e-01
4.273074865341186523e-02
3.025792539119720459e-01
4.096449911594390869e-02
-4.112792313098907471e-01
1.069924980401992798e-01
-1.681974977254867554e-01
1.002357453107833862e-01
-2.338974922895431519e-01
1.446370035409927368e-01
-7.167500257492065430e-02
-1.649224907159805298e-01
-8.322649449110031128e-02
3.814873844385147095e-02
6.801898777484893799e-02
7.972975075244903564e-02
9.075750410556793213e-02
-5.717214941978454590e-01
4.458599910140037537e-02
8.243649452924728394e-02
-1.698324978351593018e-01
6.487100571393966675e-02
-2.533549964427947998e-01
2.346887439489364624e-01
-3.695699572563171387e-02
-2.797499857842922211e-02
3.739825487136840820e-01
3.647274971008300781e-01
-1.924367547035217285e-01
-5.153825283050537109e-01
-1.032337471842765808e-01
-2.264242470264434814e-01
-1.055215001106262207e-01
1.148399934172630310e-01
9.867324680089950562e-02
5.556849837303161621e-01
-4.010874927043914795e-01
-9.822506457567214966e-03
1.083124801516532898e-02
2.358096241950988770e-01
-1.413974910974502563e-02
3.911175131797790527e-01
9.607493877410888672e-03
1.107997596263885498e-01
2.750499546527862549e-02
-9.942274540662765503e-02
-7.457800209522247314e-02
3.526749834418296814e-02
-2.596800029277801514e-02
-1.598844826221466064e-01
-6.844832748174667358e-02
-1.032975092530250549e-01
-1.199029907584190369e-01
-1.189624965190887451e-01
1.658200025558471680e-01
3.936450183391571045e-02
1.706449985504150391e-01
-4.483374953269958496e-01
4.057042598724365234e-01
-5.961250513792037964e-02
-1.582522392272949219e-01
-3.830824792385101318e-02
6.943225860595703125e-02
1.068444997072219849e-01
3.479650020599365234e-01
-6.426075100898742676e-02
2.910875082015991211e-01
-2.960940003395080566e-01
-1.159737408161163330e-01
-7.438750565052032471e-02
-3.045234978199005127e-01
-5.371174812316894531e-01
2.418288737535476685e-01
-4.924997687339782715e-03
-5.837550014257431030e-02
4.323725104331970215e-01
3.071449995040893555e-01
2.665163576602935791e-02
4.017094969749450684e-01
-2.024127393960952759e-01
-9.003075212240219116e-02
4.719224870204925537e-01
-2.407664954662322998e-01
-1.199917495250701904e-01
-3.473049998283386230e-01
9.017500281333923340e-01
-1.185175031423568726e-01
2.213050425052642822e-02
1.364167630672454834e-01
2.283582389354705811e-01
-3.711619973182678223e-01
-3.787025213241577148e-01
6.531074643135070801e-02
-5.543872341513633728e-02
-2.333075106143951416e-01
-4.288532435894012451e-01
-1.302839964628219604e-01
-8.865499496459960938e-02
2.372580021619796753e-01
-2.896667420864105225e-01
-1.583049893379211426e-01
1.083647608757019043e-01
-7.218976318836212158e-02
-1.920199990272521973e-01
-3.750749677419662476e-02
-8.123274147510528564e-02
1.314295828342437744e-01
2.990700006484985352e-01
3.530000150203704834e-01
-9.654850512742996216e-02
-1.524699926376342773e-01
1.968900114297866821e-02
-1.439684927463531494e-01
3.246250748634338379e-02
2.340762615203857422e-01
-2.130475044250488281e-01
3.790450096130371094e-01
-8.729748427867889404e-03
-2.549974918365478516e-01
4.585324823856353760e-01
2.380524873733520508e-01
-1.450574994087219238e-01
4.708199948072433472e-02
3.155474960803985596e-01
2.762910127639770508e-01
-1.022474914789199829e-01
-3.414682447910308838e-01
4.419275373220443726e-02
1.092399954795837402e-01
-1.035774946212768555e-01
2.770687341690063477e-01
1.417167484760284424e-01
-2.675749659538269043e-01
1.540735065937042236e-01
8.318499475717544556e-02
-3.463000059127807617e-03
1.768505126237869263e-01
-2.888374775648117065e-02
-1.916415095329284668e-01
-1.282400041818618774e-01
-1.927570104598999023e-01
7.837250828742980957e-02
-4.174724817276000977e-01
1.999174952507019043e-01
1.756132543087005615e-01
3.176714777946472168e-01
-1.858505010604858398e-01
1.965799927711486816e-01
1.151985079050064087e-01
-8.843775093555450439e-02
1.863002777099609375e-03
2.006579935550689697e-01
1.139507442712783813e-01
2.522995173931121826e-01
3.720825016498565674e-01
-1.139024943113327026e-01
-5.409324765205383301e-01
4.284850060939788818e-01
-3.883937597274780273e-01
-8.084099739789962769e-02
7.219475507736206055e-02
-1.113530039787292480e+00
-3.166225180029869080e-02
2.402250170707702637e-01
1.205832511186599731e-01
-1.454305052757263184e-01
7.335700094699859619e-02
-3.919995129108428955e-01
-2.437484860420227051e-01
-8.976224064826965332e-02
-9.569999575614929199e-02
-1.520924866199493408e-01
1.081549897789955139e-01
2.109249979257583618e-01
3.614200353622436523e-01
-1.782982349395751953e-01
1.580800116062164307e-02
-1.442525088787078857e-01
-1.157775074243545532e-01
1.209849938750267029e-01
2.002400159835815430e-01
4.516450166702270508e-01
-3.441482782363891602e-01
-1.443099975585937500e-01
2.398569881916046143e-02
