-2.424977868795394897e-01
2.296181023120880127e-01
-3.480991125106811523e-01
-1.295088976621627808e-01
-5.686077475547790527e-01
-9.163599461317062378e-02
-1.032765507698059082e-01
3.272385597229003906e-01
-1.460089981555938721e-01
-1.204854488372802734e+00
5.547545105218887329e-02
1.876156628131866455e-01
-3.747173547744750977e-01
1.524139940738677979e-01
-7.376221567392349243e-02
-1.455377787351608276e-01
-2.765721976757049561e-01
1.624597907066345215e-01
1.970690041780471802e-01
-9.195734560489654541e-02
-1.010840088129043579e-01
-1.294795572757720947e-01
-1.287954449653625488e-01
9.957233071327209473e-02
-3.529755771160125732e-02
1.750800013542175293e-01
5.174465104937553406e-02
1.906544417142868042e-01
3.054109811782836914e-01
-1.787057071924209595e-01
-1.920025497674942017e-01
3.956206738948822021e-01
-2.641057670116424561e-01
-8.089555799961090088e-02
-7.446321845054626465e-01
2.207779325544834137e-03
2.699357569217681885e-01
-4.185400009155273438e-01
-1.428824067115783691e-01
2.396078407764434814e-01
-1.472325623035430908e-01
5.149778723716735840e-02
-5.673682093620300293e-01
5.673630237579345703e-01
-1.940328776836395264e-01
-3.006773591041564941e-01
3.056246638298034668e-01
-1.164003312587738037e-01
-1.166363283991813660e-01
3.991591557860374451e-02
5.808276683092117310e-02
1.687118858098983765e-01
5.956633388996124268e-02
5.926099792122840881e-02
2.998311258852481842e-02
2.659055292606353760e-01
2.672277987003326416e-01
-1.199177801609039307e-01
1.176254376769065857e-01
-3.187011182308197021e-01
3.645522296428680420e-01
3.285889029502868652e-01
7.437599450349807739e-02
6.651034206151962280e-02
-1.190278828144073486e-01
-1.075689028948545456e-02
-1.660609990358352661e-01
9.169185906648635864e-02
3.195022344589233398e-01
-3.180646896362304688e-01
-1.296974420547485352e-01
4.030922353267669678e-01
1.628900021314620972e-01
2.426884174346923828e-01
-3.942221999168395996e-01
-6.289517879486083984e-02
2.117866724729537964e-01
6.743533909320831299e-02
-2.037611156702041626e-01
9.873744100332260132e-02
-1.709309965372085571e-01
1.030388921499252319e-01
4.145843163132667542e-02
-3.360739946365356445e-01
1.942377686500549316e-01
-9.480333328247070312e-02
-1.072712168097496033e-01
3.541088998317718506e-01
5.101777985692024231e-02
-1.095178872346878052e-01
7.911790907382965088e-02
1.071655228734016418e-01
-2.997965812683105469e-01
-5.251821875572204590e-01
3.925987482070922852e-01
7.823733240365982056e-02
-2.187189012765884399e-01
-1.612243503332138062e-01
1.848033219575881958e-01
-4.545264840126037598e-01
-3.927379250526428223e-01
3.686438500881195068e-02
-1.203899085521697998e-01
3.455836325883865356e-02
-2.401233464479446411e-01
-4.569999873638153076e-01
1.920144408941268921e-01
1.814243346452713013e-01
5.671000480651855469e-02
1.664666086435317993e-02
-7.514744251966476440e-02
1.153133437037467957e-02
3.129713237285614014e-02
1.739255338907241821e-02
-4.456689581274986267e-02
-1.407542228698730469e-01
6.460633128881454468e-02
3.027285337448120117e-01
8.316688984632492065e-02
-2.961685359477996826e-01
3.504056036472320557e-01
-1.029745638370513916e-01
2.458531260490417480e-01
-3.235088586807250977e-01
4.658756405115127563e-02
2.338477820158004761e-01
-6.622810661792755127e-02
5.257888510823249817e-02
-2.432249933481216431e-01
-3.340677917003631592e-02
-9.492777287960052490e-02
4.101365059614181519e-02
-4.307235181331634521e-01
1.594172120094299316e-01
5.609111115336418152e-02
-1.772277951240539551e-01
-1.467004418373107910e-01
-2.364275753498077393e-01
3.187368810176849365e-01
-9.832799434661865234e-02
-7.066244632005691528e-02
5.738577842712402344e-01
2.066755592823028564e-01
-3.747189790010452271e-02
-3.239752054214477539e-01
-2.030805200338363647e-01
-2.079096883535385132e-01
-2.722021341323852539e-01
3.073233366012573242e-01
6.836067140102386475e-02
2.862001061439514160e-01
-1.215021088719367981e-01
2.267632633447647095e-02
-1.614163517951965332e-01
1.842572093009948730e-01
-1.180734336376190186e-01
3.882666826248168945e-01
1.437185406684875488e-01
1.978032290935516357e-01
-1.625322252511978149e-01
-5.592322349548339844e-02
-1.518457680940628052e-01
-1.619800031185150146e-01
1.474191434681415558e-02
-3.702003359794616699e-01
2.282662987709045410e-01
7.056722044944763184e-02
9.852321445941925049e-02
-1.537249684333801270e-01
-6.445778533816337585e-03
2.641997933387756348e-01
2.723892331123352051e-01
-2.166288793087005615e-01
3.312404751777648926e-01
-7.210222631692886353e-02
-1.528366506099700928e-01
-3.282666951417922974e-02
-9.430632740259170532e-02
2.420675456523895264e-01
3.016499876976013184e-01
-2.144189178943634033e-01
3.496628999710083008e-01
-5.939578264951705933e-02
-2.638838589191436768e-01
-2.825293242931365967e-01
-1.751431077718734741e-01
-3.047634363174438477e-01
2.069963663816452026e-01
1.641416847705841064e-01
1.866206526756286621e-01
4.554100036621093750e-01
1.616453379392623901e-01
-7.703728042542934418e-03
3.278694748878479004e-01
-3.273261785507202148e-01
-4.208589717745780945e-02
3.274580240249633789e-01
-1.030077785253524780e-01
-1.958315521478652954e-01
-4.196321964263916016e-01
9.919222593307495117e-01
-1.587833836674690247e-02
3.140479922294616699e-01
2.937833070755004883e-01
9.891609102487564087e-02
-2.614220082759857178e-01
-5.605981945991516113e-01
-5.746222101151943207e-03
2.209755778312683105e-01
-3.280365467071533203e-01
-5.828370451927185059e-01
-3.053011558949947357e-02
-1.708560883998870850e-01
3.179652094841003418e-01
-3.669750094413757324e-01
1.723352074623107910e-01
6.334422528743743896e-02
-1.321470141410827637e-01
-8.510444313287734985e-02
-3.792710900306701660e-01
-1.172911822795867920e-01
1.305513679981231689e-01
2.273912131786346436e-01
2.794529795646667480e-01
5.029021576046943665e-02
2.946322225034236908e-02
5.398911237716674805e-02
1.360809952020645142e-01
8.383879065513610840e-02
2.221929281949996948e-01
-9.336576610803604126e-02
2.943391501903533936e-01
2.403547167778015137e-01
-3.606000542640686035e-01
2.909708917140960693e-01
2.049999833106994629e-01
-1.110999882221221924e-01
-9.085343778133392334e-02
1.279008984565734863e-01
2.077756375074386597e-01
-9.319565445184707642e-02
-4.475183486938476562e-01
-7.534632831811904907e-02
1.438777744770050049e-01
-1.281660050153732300e-01
-1.243656501173973083e-01
3.761191293597221375e-02
7.846633344888687134e-02
9.749442338943481445e-03
1.252647787332534790e-01
-1.484880000352859497e-01
1.097025573253631592e-01
-1.546798348426818848e-01
-2.529740035533905029e-01
-1.596135497093200684e-01
-1.966073215007781982e-01
-1.364889368414878845e-02
-3.878211081027984619e-01
1.019894406199455261e-01
1.966399885714054108e-02
2.154963314533233643e-01
-3.925933241844177246e-01
-7.811277359724044800e-02
9.715522825717926025e-02
-1.468387842178344727e-01
-5.982299521565437317e-02
4.957066774368286133e-01
2.173577696084976196e-01
2.456057816743850708e-01
5.236755013465881348e-01
-2.300555408000946045e-01
-3.037383258342742920e-01
2.806538939476013184e-01
-2.472779005765914917e-01
-1.251155734062194824e-01
3.618498146533966064e-01
-7.551348805427551270e-01
1.344317793846130371e-01
1.419712156057357788e-01
2.462477795779705048e-02
-2.296626865863800049e-01
-1.770491003990173340e-01
-3.228771686553955078e-01
-3.051072061061859131e-01
1.073886677622795105e-01
-2.261377684772014618e-02
-1.139311119914054871e-01
1.702179759740829468e-01
2.215355634689331055e-01
2.628628313541412354e-01
-1.871020495891571045e-01
-2.714888937771320343e-02
-2.748320996761322021e-01
-2.129511088132858276e-01
1.302739977836608887e-01
2.052247822284698486e-01
4.490533471107482910e-01
-4.909580945968627930e-01
-1.522600054740905762e-01
1.742422282695770264e-01
