-3.078751862049102783e-01
7.661580294370651245e-02
-1.370263993740081787e-01
-9.623180329799652100e-02
-5.268839597702026367e-01
1.148258000612258911e-01
-1.104393973946571350e-01
8.252320438623428345e-02
-3.680799603462219238e-01
-1.079746007919311523e+00
2.123725861310958862e-01
2.727566063404083252e-01
-1.774998009204864502e-01
-5.784980207681655884e-02
-1.511439979076385498e-01
-3.665246441960334778e-02
-4.733799993991851807e-01
2.710279822349548340e-01
2.805940210819244385e-01
-7.944399863481521606e-02
-2.393660098314285278e-01
-2.288520336151123047e-02
3.251403570175170898e-03
1.117534041404724121e-01
-1.227960139513015747e-01
1.435623317956924438e-01
1.225780025124549866e-01
1.437231153249740601e-01
2.989616096019744873e-01
-2.931379973888397217e-01
-1.953159868717193604e-01
5.431720018386840820e-01
-2.198904007673263550e-01
-1.099926009774208069e-01
-7.367579340934753418e-01
1.941808015108108521e-01
3.033779561519622803e-01
-4.024700224399566650e-01
-1.982700079679489136e-01
1.592269986867904663e-01
1.127199549227952957e-02
2.030609846115112305e-01
-3.780700266361236572e-01
5.838493704795837402e-01
-1.568811982870101929e-01
-2.018780261278152466e-01
1.100627928972244263e-01
-8.321060240268707275e-02
-8.540300279855728149e-02
1.238068118691444397e-01
1.668779850006103516e-01
3.061479888856410980e-02
-1.604578047990798950e-01
2.315659970045089722e-01
-5.598520115017890930e-02
1.556849479675292969e-02
5.159601569175720215e-02
2.921400032937526703e-02
6.630603969097137451e-02
-4.804128110408782959e-01
4.285100102424621582e-01
1.706245988607406616e-01
5.066720247268676758e-01
-2.284299954771995544e-02
-1.364744156599044800e-01
-6.729259341955184937e-02
8.738604374229907990e-03
7.601599395275115967e-02
3.366460204124450684e-01
-2.579279839992523193e-01
-2.325679957866668701e-01
4.289011955261230469e-01
2.889462113380432129e-01
-1.712402678094804287e-03
-3.501799702644348145e-01
-1.215813979506492615e-01
-3.414239734411239624e-02
1.218690499663352966e-01
-2.108399197459220886e-02
-3.369840234518051147e-02
1.004657968878746033e-01
1.458639055490493774e-01
1.518983989953994751e-01
-4.632840156555175781e-01
2.835839986801147461e-01
-6.299899518489837646e-02
-5.539999529719352722e-02
4.118753969669342041e-01
1.680591702461242676e-01
-8.919940143823623657e-02
1.751026064157485962e-01
2.337917387485504150e-01
-2.741281986236572266e-01
-5.585120320320129395e-01
4.563434123992919922e-01
-2.264999784529209137e-02
7.103859633207321167e-02
-2.523470520973205566e-01
2.504540085792541504e-01
-5.907736420631408691e-01
-9.176319837570190430e-02
-1.109279990196228027e-01
2.380701601505279541e-01
1.040060073137283325e-01
-2.094880044460296631e-01
-9.218998998403549194e-02
-6.842659413814544678e-02
3.050779737532138824e-02
4.123798757791519165e-02
-5.545799806714057922e-02
2.080219984054565430e-01
7.619300484657287598e-02
3.549273908138275146e-01
2.171477973461151123e-01
8.211588487029075623e-03
1.147720068693161011e-01
-1.705600023269653320e-01
5.132749676704406738e-02
2.647339925169944763e-02
-2.580294013023376465e-01
4.307839870452880859e-01
-6.312078237533569336e-02
-9.176020324230194092e-02
-3.746159672737121582e-01
3.340119868516921997e-02
6.374520063400268555e-02
3.835999872535467148e-03
6.655400991439819336e-02
-5.029100179672241211e-02
-4.933599755167961121e-02
2.100979983806610107e-01
-3.152360022068023682e-01
-3.758853971958160400e-01
-2.400120534002780914e-02
9.713400900363922119e-02
-3.115280270576477051e-01
1.283840090036392212e-01
-1.433642804622650146e-01
3.414420187473297119e-01
-3.333199070766568184e-03
-1.757659912109375000e-01
1.341278254985809326e-01
7.748003117740154266e-03
-1.489854007959365845e-01
-2.482140064239501953e-01
-1.213305965065956116e-01
-1.181513890624046326e-01
-4.261180460453033447e-01
3.858680129051208496e-01
7.461607456207275391e-03
4.438900053501129150e-01
-2.766664028167724609e-01
1.337634027004241943e-01
-2.828924059867858887e-01
2.033874094486236572e-01
-4.846400767564773560e-02
1.968720108270645142e-01
-3.446600586175918579e-02
-1.306962072849273682e-01
-1.477719843387603760e-01
-1.959439739584922791e-02
-1.694210022687911987e-01
-1.883680075407028198e-01
6.891600042581558228e-02
-2.121655941009521484e-01
2.318953573703765869e-01
-8.358440548181533813e-02
1.355482041835784912e-01
-2.537020482122898102e-02
1.798799932003021240e-01
1.076395958662033081e-01
1.097919940948486328e-01
-1.487319916486740112e-01
6.163079738616943359e-01
-6.635199487209320068e-02
1.728599891066551208e-02
-3.009865880012512207e-01
-2.090984135866165161e-01
1.154739875346422195e-02
4.296120107173919678e-01
-2.747139930725097656e-01
1.894042044878005981e-01
-4.564220011234283447e-01
7.250580191612243652e-02
-4.868462085723876953e-01
-4.639160037040710449e-01
-1.069399937987327576e-01
1.580642908811569214e-01
2.328583896160125732e-01
3.001639842987060547e-01
4.886791706085205078e-01
2.263279855251312256e-01
5.400499794632196426e-03
3.417870998382568359e-01
-2.795307934284210205e-01
1.265154629945755005e-01
2.149833887815475464e-01
1.939880847930908203e-02
-6.114400178194046021e-02
-1.407773941755294800e-01
7.763060331344604492e-01
-1.529923975467681885e-01
1.129724159836769104e-01
3.135200142860412598e-01
1.948409974575042725e-01
-4.021593928337097168e-01
-4.009119868278503418e-01
1.944306194782257080e-01
3.129480183124542236e-01
-1.795221865177154541e-01
-5.531305670738220215e-01
-3.036131858825683594e-01
-1.050020009279251099e-01
6.320820450782775879e-01
-4.365373551845550537e-01
-1.410619914531707764e-01
4.665539413690567017e-02
9.798119962215423584e-02
-2.263730019330978394e-01
-1.052999496459960938e-02
-2.325441837310791016e-01
8.521165698766708374e-02
7.550394628196954727e-03
1.652639955282211304e-01
-1.811034418642520905e-02
2.951390109956264496e-02
-6.468300521373748779e-02
5.428200215101242065e-02
-8.666598796844482422e-02
2.303810119628906250e-01
9.681780636310577393e-02
1.586492061614990234e-01
-1.202441826462745667e-01
-3.366155922412872314e-01
4.329020082950592041e-01
1.210020035505294800e-01
4.638597369194030762e-03
-2.089999988675117493e-02
2.187719792127609253e-01
4.431888163089752197e-01
2.219759970903396606e-01
-2.744925916194915771e-01
1.042060274630784988e-02
-7.020002696663141251e-03
-2.421739995479583740e-01
-7.842739671468734741e-02
1.086812019348144531e-01
-2.362459897994995117e-01
-1.992640048265457153e-01
2.931020259857177734e-01
-2.144023925065994263e-01
2.598803937435150146e-01
-2.370373755693435669e-01
-2.076489925384521484e-01
2.041199244558811188e-02
-1.914210021495819092e-01
2.271859943866729736e-01
-6.049340367317199707e-01
2.158857285976409912e-01
3.623239994049072266e-01
3.829320073127746582e-01
-1.426995843648910522e-01
-1.353559941053390503e-01
-1.506491899490356445e-01
-1.574606001377105713e-01
-2.613286077976226807e-01
4.385619759559631348e-01
2.256659790873527527e-02
2.385720014572143555e-01
5.602620244026184082e-01
-1.453339904546737671e-01
-6.016579866409301758e-01
1.452179849147796631e-01
-3.141629993915557861e-01
-9.700676053762435913e-02
4.362599849700927734e-01
-9.685199856758117676e-01
1.270819641649723053e-02
-7.194279134273529053e-02
-1.264757066965103149e-01
-3.736959993839263916e-01
-2.454953938722610474e-01
-5.811296701431274414e-01
-8.707799762487411499e-02
9.267880022525787354e-02
-6.608179956674575806e-02
-1.136997938156127930e-01
-2.081400156021118164e-02
3.855099976062774658e-01
2.759290337562561035e-01
-1.211325973272323608e-01
-9.379880130290985107e-02
-1.376800518482923508e-02
8.155480027198791504e-02
1.431000232696533203e-02
1.102839931845664978e-01
5.324860215187072754e-01
-6.251446008682250977e-01
-2.087959945201873779e-01
4.111240431666374207e-02
