7.012939453125000000e-02
5.426025390625000000e-02
-2.920532226562500000e-02
6.252288818359375000e-03
-6.115722656250000000e-02
1.722412109375000000e-01
-6.915283203125000000e-02
-1.156250000000000000e+00
-2.431640625000000000e-01
6.376953125000000000e-01
-2.507324218750000000e-01
2.019042968750000000e-01
2.077636718750000000e-01
-1.811523437500000000e-01
2.116699218750000000e-01
-2.612304687500000000e-01
3.564453125000000000e-01
-1.141357421875000000e-01
-4.440307617187500000e-02
-8.477783203125000000e-02
2.824707031250000000e-01
3.483886718750000000e-01
9.448242187500000000e-02
1.826171875000000000e-01
-4.892578125000000000e-01
9.414672851562500000e-03
-4.382324218750000000e-01
1.584472656250000000e-01
8.050537109375000000e-02
6.018066406250000000e-02
1.538085937500000000e-01
-2.710342407226562500e-03
-2.088546752929687500e-03
2.629394531250000000e-01
-1.196899414062500000e-01
2.448730468750000000e-01
-2.365722656250000000e-01
-1.347656250000000000e-01
7.427215576171875000e-03
-5.178833007812500000e-02
-7.916259765625000000e-02
-1.450195312500000000e-01
-1.508331298828125000e-02
2.927246093750000000e-01
4.396972656250000000e-01
1.616210937500000000e-01
3.803710937500000000e-01
6.124877929687500000e-02
-2.218017578125000000e-01
-2.370605468750000000e-01
-1.561279296875000000e-01
-5.268554687500000000e-01
-1.693725585937500000e-02
2.851562500000000000e-01
-2.257080078125000000e-01
4.046630859375000000e-02
-1.361083984375000000e-01
1.172485351562500000e-01
-4.167480468750000000e-01
7.922363281250000000e-02
5.927734375000000000e-01
-2.312011718750000000e-01
-6.384277343750000000e-02
-1.936035156250000000e-01
8.759498596191406250e-04
-1.738281250000000000e-01
8.705139160156250000e-03
1.133422851562500000e-01
-2.457275390625000000e-01
-3.332519531250000000e-01
-4.191894531250000000e-01
-2.236328125000000000e-01
2.604980468750000000e-01
4.970703125000000000e-01
5.136108398437500000e-02
-2.298583984375000000e-01
-7.733154296875000000e-02
1.105957031250000000e-01
-7.989501953125000000e-02
-1.954345703125000000e-01
-2.200927734375000000e-01
-1.408691406250000000e-01
-1.768798828125000000e-01
5.048828125000000000e-01
-2.905273437500000000e-01
-1.425781250000000000e-01
-3.833007812500000000e-02
-1.257324218750000000e-01
-1.491699218750000000e-01
-5.050659179687500000e-02
-1.912841796875000000e-01
2.900390625000000000e-01
-1.640625000000000000e+00
5.163574218750000000e-02
1.865234375000000000e-01
2.998046875000000000e-01
1.215820312500000000e-01
5.317382812500000000e-01
2.202148437500000000e-01
-3.491210937500000000e-01
8.337402343750000000e-02
-6.506347656250000000e-02
1.749267578125000000e-01
-1.821289062500000000e-01
-3.037109375000000000e-01
6.976318359375000000e-02
8.430480957031250000e-03
-1.737060546875000000e-01
-1.970214843750000000e-01
2.128906250000000000e-01
3.374023437500000000e-01
8.361816406250000000e-03
9.930419921875000000e-02
-1.291503906250000000e-01
6.854248046875000000e-02
-7.116699218750000000e-02
-1.270751953125000000e-01
3.171386718750000000e-01
9.973144531250000000e-02
-3.894042968750000000e-01
2.624511718750000000e-01
-3.859863281250000000e-01
1.691894531250000000e-01
-2.665710449218750000e-02
1.979980468750000000e-01
-2.783203125000000000e-01
1.805114746093750000e-02
-4.916381835937500000e-02
-3.143310546875000000e-02
1.314697265625000000e-01
-1.475830078125000000e-01
-3.048706054687500000e-02
1.733398437500000000e-02
6.015625000000000000e+00
-2.558593750000000000e-01
1.031494140625000000e-01
-7.775878906250000000e-02
2.476501464843750000e-02
4.472656250000000000e-01
-3.608398437500000000e-01
4.047851562500000000e-01
3.654785156250000000e-01
-1.500244140625000000e-01
-5.378723144531250000e-03
-3.068847656250000000e-01
2.944335937500000000e-01
9.284973144531250000e-03
1.428222656250000000e-01
-6.372070312500000000e-02
-1.054077148437500000e-01
2.488708496093750000e-02
2.470703125000000000e-01
8.743286132812500000e-03
6.057739257812500000e-02
-4.182128906250000000e-01
-1.730957031250000000e-01
1.266479492187500000e-02
1.811218261718750000e-02
-2.880859375000000000e-01
2.449035644531250000e-02
1.727294921875000000e-01
-2.059326171875000000e-01
2.737426757812500000e-02
-1.763916015625000000e-01
-1.520996093750000000e-01
1.241455078125000000e-01
3.958129882812500000e-02
4.379272460937500000e-03
1.011352539062500000e-01
1.905517578125000000e-01
3.607177734375000000e-02
-1.210784912109375000e-02
1.563720703125000000e-01
1.789550781250000000e-01
-3.020019531250000000e-01
-7.226562500000000000e-02
-3.701782226562500000e-02
2.425537109375000000e-01
8.215332031250000000e-02
-6.610107421875000000e-02
5.950927734375000000e-02
4.045410156250000000e-01
-3.449707031250000000e-01
-1.638183593750000000e-01
-5.119323730468750000e-03
-2.519531250000000000e-01
1.452636718750000000e-01
-4.658203125000000000e-01
5.718994140625000000e-02
-8.514404296875000000e-02
1.843261718750000000e-02
3.851318359375000000e-02
-1.544189453125000000e-01
2.558593750000000000e-01
3.091430664062500000e-02
4.565429687500000000e-02
-7.724609375000000000e-01
4.069824218750000000e-01
7.159423828125000000e-02
-2.161865234375000000e-01
1.255035400390625000e-02
1.181030273437500000e-01
-8.654785156250000000e-02
-2.617187500000000000e-01
3.906250000000000000e-02
6.866455078125000000e-02
-2.387695312500000000e-01
-5.790710449218750000e-03
-6.230468750000000000e-01
2.663574218750000000e-01
4.831542968750000000e-01
4.479980468750000000e-01
2.827148437500000000e-01
6.506347656250000000e-02
-4.360961914062500000e-02
7.177734375000000000e-02
1.179199218750000000e-01
-4.443359375000000000e-02
-1.813964843750000000e-01
-4.204101562500000000e-01
-3.366699218750000000e-01
-4.309082031250000000e-01
2.727050781250000000e-01
-1.657104492187500000e-02
1.798095703125000000e-01
-1.701660156250000000e-01
2.785644531250000000e-01
2.911376953125000000e-02
2.003173828125000000e-01
-1.304931640625000000e-01
1.071166992187500000e-02
6.292724609375000000e-02
-8.612060546875000000e-02
-1.095581054687500000e-01
3.542480468750000000e-01
6.738281250000000000e-02
-1.395263671875000000e-01
-1.958007812500000000e-01
4.772949218750000000e-02
-1.759033203125000000e-01
-1.119995117187500000e-02
-5.923461914062500000e-02
-4.421386718750000000e-01
-4.294433593750000000e-01
-2.705078125000000000e-01
-1.968994140625000000e-01
1.226196289062500000e-01
-1.799316406250000000e-01
1.167602539062500000e-01
4.206542968750000000e-01
-3.918457031250000000e-01
6.225585937500000000e-02
2.380371093750000000e-01
1.850585937500000000e-01
-8.197021484375000000e-02
1.787109375000000000e-01
-5.606079101562500000e-02
6.829833984375000000e-02
5.990600585937500000e-02
1.635742187500000000e-01
-4.534912109375000000e-02
-4.116821289062500000e-02
-6.695556640625000000e-02
1.932373046875000000e-01
5.191802978515625000e-03
1.390380859375000000e-01
2.231445312500000000e-01
-5.854492187500000000e-01
3.608398437500000000e-01
3.854980468750000000e-01
7.781982421875000000e-02
-1.693115234375000000e-01
3.170776367187500000e-02
-5.792236328125000000e-02
1.313018798828125000e-02
-1.680908203125000000e-01
6.677246093750000000e-02
-1.055297851562500000e-01
2.519531250000000000e-01
-1.494140625000000000e-01
2.049560546875000000e-01
4.699707031250000000e-02
2.401123046875000000e-01
-7.128906250000000000e-02
-1.811523437500000000e-01
1.493072509765625000e-02
3.508300781250000000e-01
3.481445312500000000e-01
2.315673828125000000e-01
-9.930419921875000000e-02
-1.776123046875000000e-01
-9.027099609375000000e-02
4.776000976562500000e-02
-6.008911132812500000e-02
-4.724121093750000000e-01
-1.418457031250000000e-01
-4.187011718750000000e-01
-1.978759765625000000e-01
-1.250000000000000000e-01
1.291503906250000000e-01
-1.508331298828125000e-02
-3.969726562500000000e-01
-1.169433593750000000e-01
1.827392578125000000e-01
-1.172485351562500000e-01
2.865600585937500000e-02
-1.571044921875000000e-01
-4.538574218750000000e-01
-2.023925781250000000e-01
-1.905517578125000000e-01
1.894531250000000000e-01
-3.756713867187500000e-02
6.007812500000000000e+00
-1.625976562500000000e-01
-3.103027343750000000e-01
5.566406250000000000e-01
2.907714843750000000e-01
8.129882812500000000e-02
2.941894531250000000e-01
1.279296875000000000e-01
6.091308593750000000e-02
4.228515625000000000e-01
4.763183593750000000e-01
-7.244873046875000000e-02
-3.204345703125000000e-02
2.585449218750000000e-01
1.193237304687500000e-01
-1.437988281250000000e-01
1.843261718750000000e-01
-2.306640625000000000e+00
-3.472900390625000000e-02
4.228515625000000000e-01
-1.688232421875000000e-01
6.204223632812500000e-02
-1.129150390625000000e-01
-1.212158203125000000e-01
-6.762695312500000000e-02
1.795654296875000000e-01
-4.034423828125000000e-02
2.310180664062500000e-02
3.713607788085937500e-03
-2.183837890625000000e-01
-2.330322265625000000e-01
-3.103027343750000000e-01
3.994140625000000000e-01
-2.060546875000000000e-01
4.547119140625000000e-02
1.123809814453125000e-02
2.011718750000000000e-01
2.420654296875000000e-01
-7.205963134765625000e-03
-5.375976562500000000e-01
3.095703125000000000e-01
1.663818359375000000e-01
-1.456298828125000000e-01
-1.142883300781250000e-02
9.173583984375000000e-02
1.353759765625000000e-01
5.197143554687500000e-02
7.983398437500000000e-02
8.538818359375000000e-02
-1.157836914062500000e-01
-3.095703125000000000e-01
-3.100585937500000000e-01
-1.060180664062500000e-01
-1.381835937500000000e-01
-1.218261718750000000e-01
-1.227416992187500000e-01
-7.604980468750000000e-02
-2.156982421875000000e-01
5.008697509765625000e-03
-1.943969726562500000e-02
-9.681701660156250000e-03
2.565917968750000000e-01
-2.695312500000000000e-01
-4.409790039062500000e-02
-4.769897460937500000e-02
6.652832031250000000e-02
-1.387939453125000000e-01
-5.737304687500000000e-02
-1.622314453125000000e-01
-1.882324218750000000e-01
1.326904296875000000e-01
-4.287109375000000000e-01
-9.356689453125000000e-02
-2.680664062500000000e-01
-1.868896484375000000e-01
2.203369140625000000e-01
1.132202148437500000e-01
2.421875000000000000e-01
-4.052734375000000000e-01
2.297363281250000000e-01
8.862304687500000000e-02
-1.051635742187500000e-01
5.480957031250000000e-02
2.061767578125000000e-01
1.917724609375000000e-01
-9.223937988281250000e-03
-6.445312500000000000e-01
5.898437500000000000e-01
2.875976562500000000e-01
-1.898193359375000000e-01
6.884765625000000000e-02
-5.527343750000000000e-01
-1.491699218750000000e-01
1.197509765625000000e-01
2.232666015625000000e-01
-1.044921875000000000e-01
-1.010131835937500000e-01
-1.777343750000000000e-01
5.898437500000000000e-01
1.876220703125000000e-01
2.023925781250000000e-01
-1.079101562500000000e-01
-1.309967041015625000e-02
-9.283447265625000000e-02
-1.530761718750000000e-01
-4.143066406250000000e-01
-1.966552734375000000e-01
-1.859130859375000000e-01
1.248779296875000000e-01
-3.028869628906250000e-02
-1.865234375000000000e-01
-5.058593750000000000e-01
1.124877929687500000e-01
9.326171875000000000e-02
-1.312255859375000000e-01
-8.831787109375000000e-02
2.629394531250000000e-01
9.735107421875000000e-02
-2.702636718750000000e-01
-2.770996093750000000e-02
-1.514892578125000000e-01
-7.793426513671875000e-03
-1.506347656250000000e-01
-2.703857421875000000e-02
1.827392578125000000e-01
-1.463623046875000000e-01
-1.796875000000000000e-01
-2.551269531250000000e-01
-2.568359375000000000e-01
-1.982421875000000000e-01
1.497802734375000000e-01
-1.912841796875000000e-01
2.470703125000000000e-01
1.750488281250000000e-01
-9.582519531250000000e-02
-1.846923828125000000e-01
-5.761718750000000000e-02
2.023315429687500000e-02
-8.386230468750000000e-02
2.697753906250000000e-01
-2.392578125000000000e-01
3.830566406250000000e-01
-2.009277343750000000e-01
-8.624267578125000000e-02
2.609252929687500000e-02
-4.251098632812500000e-02
5.048828125000000000e-01
6.646728515625000000e-02
-8.776855468750000000e-02
-1.394042968750000000e-01
-1.185302734375000000e-01
3.308105468750000000e-01
2.352294921875000000e-01
-4.708862304687500000e-02
3.823242187500000000e-01
1.240539550781250000e-02
7.775878906250000000e-02
6.726074218750000000e-02
-1.479492187500000000e-01
-1.754150390625000000e-01
-2.062988281250000000e-01
-2.978515625000000000e-01
-2.661132812500000000e-01
1.198730468750000000e-01
-4.682617187500000000e-01
2.242431640625000000e-01
-1.341552734375000000e-01
-3.847656250000000000e-01
2.631835937500000000e-01
-5.712890625000000000e-01
1.511230468750000000e-01
-3.120422363281250000e-02
2.700195312500000000e-01
-2.193603515625000000e-01
-1.317138671875000000e-01
1.947021484375000000e-02
-1.479492187500000000e-01
-8.984375000000000000e-02
3.533935546875000000e-02
2.617187500000000000e-01
5.578613281250000000e-02
4.157714843750000000e-01
6.909179687500000000e-02
-2.235107421875000000e-01
3.881835937500000000e-01
1.566162109375000000e-01
-3.452148437500000000e-01
1.813964843750000000e-01
-3.713378906250000000e-01
3.120422363281250000e-03
1.194458007812500000e-01
4.787597656250000000e-01
-7.104492187500000000e-02
-4.262695312500000000e-01
5.932617187500000000e-02
9.536743164062500000e-03
-7.641601562500000000e-02
-5.065917968750000000e-02
-1.325683593750000000e-01
-1.459960937500000000e-01
