5.944824218750000000e-02
-1.781005859375000000e-01
-4.202270507812500000e-02
5.447387695312500000e-02
-1.901855468750000000e-01
-1.544189453125000000e-01
1.892089843750000000e-01
-1.025390625000000000e+00
-2.489013671875000000e-01
5.712890625000000000e-01
-3.183593750000000000e-01
1.993408203125000000e-01
2.250976562500000000e-01
-2.585449218750000000e-01
8.129882812500000000e-02
-3.149414062500000000e-01
1.903076171875000000e-01
-2.030029296875000000e-01
-2.600097656250000000e-02
1.989746093750000000e-01
2.143554687500000000e-01
6.909179687500000000e-02
1.210327148437500000e-01
6.341552734375000000e-02
-4.858398437500000000e-01
1.016998291015625000e-02
-4.028320312500000000e-01
2.714843750000000000e-01
4.446411132812500000e-02
4.738769531250000000e-01
1.194458007812500000e-01
1.798095703125000000e-01
1.768798828125000000e-01
2.570800781250000000e-01
-1.995849609375000000e-01
1.682128906250000000e-01
-4.684448242187500000e-02
4.956054687500000000e-02
-1.933593750000000000e-01
-1.012573242187500000e-01
-8.590698242187500000e-03
-4.907226562500000000e-01
-1.481933593750000000e-01
2.197265625000000000e-01
2.624511718750000000e-01
2.568359375000000000e-01
2.045898437500000000e-01
3.701171875000000000e-01
-4.128417968750000000e-01
-6.817626953125000000e-02
9.794235229492187500e-04
-4.956054687500000000e-01
8.837890625000000000e-02
-2.254638671875000000e-01
2.731933593750000000e-01
1.103515625000000000e-01
-4.354858398437500000e-02
5.728149414062500000e-02
-2.736816406250000000e-01
4.758300781250000000e-01
1.578369140625000000e-01
-1.479492187500000000e-01
-1.654052734375000000e-02
-1.611328125000000000e-01
-1.853942871093750000e-02
5.349731445312500000e-02
-7.684326171875000000e-02
2.919921875000000000e-01
-3.032226562500000000e-01
-9.393310546875000000e-02
-2.154541015625000000e-01
-2.902832031250000000e-01
2.165527343750000000e-01
6.987304687500000000e-01
4.433593750000000000e-01
-3.081054687500000000e-01
-3.696289062500000000e-01
9.185791015625000000e-02
-1.154174804687500000e-01
6.418228149414062500e-04
-7.482910156250000000e-02
-1.612548828125000000e-01
1.458740234375000000e-01
2.663574218750000000e-01
-3.923339843750000000e-01
-8.074951171875000000e-02
1.224975585937500000e-01
-9.954833984375000000e-02
-3.041992187500000000e-01
-1.028442382812500000e-01
-2.878417968750000000e-01
2.612304687500000000e-01
-1.521484375000000000e+00
1.958007812500000000e-01
-3.808593750000000000e-01
3.903808593750000000e-01
4.928588867187500000e-02
6.425781250000000000e-01
5.693359375000000000e-01
-2.851562500000000000e-01
2.934570312500000000e-01
1.492309570312500000e-02
6.904296875000000000e-01
-1.530761718750000000e-01
-6.289062500000000000e-01
4.858398437500000000e-02
1.290283203125000000e-01
-6.143188476562500000e-02
-1.008911132812500000e-01
7.482910156250000000e-02
3.325195312500000000e-01
7.995605468750000000e-02
3.579101562500000000e-01
-2.927246093750000000e-01
3.642578125000000000e-01
2.255859375000000000e-01
9.212493896484375000e-04
4.323730468750000000e-01
1.200866699218750000e-02
-2.479248046875000000e-01
-1.016235351562500000e-01
-2.019042968750000000e-01
5.020141601562500000e-02
-1.609802246093750000e-03
1.488037109375000000e-01
4.306030273437500000e-02
-2.038574218750000000e-01
1.122436523437500000e-01
-2.242431640625000000e-01
-8.770751953125000000e-02
-2.060546875000000000e-01
1.186523437500000000e-01
2.258300781250000000e-01
5.761718750000000000e+00
-1.595458984375000000e-01
2.113037109375000000e-01
-4.345703125000000000e-02
1.956787109375000000e-01
4.582519531250000000e-01
-1.583251953125000000e-01
1.456298828125000000e-01
1.962890625000000000e-01
5.566406250000000000e-02
1.103515625000000000e-01
-2.949218750000000000e-01
3.955078125000000000e-01
6.091308593750000000e-02
2.849121093750000000e-01
1.596069335937500000e-02
-3.854980468750000000e-01
2.225341796875000000e-01
1.766357421875000000e-01
-2.603149414062500000e-02
-6.555175781250000000e-02
-4.936523437500000000e-01
1.412391662597656250e-03
7.385253906250000000e-02
-1.224365234375000000e-01
-2.447509765625000000e-01
-1.348876953125000000e-01
1.394042968750000000e-01
-9.350585937500000000e-02
3.485107421875000000e-02
-1.519775390625000000e-01
-9.899902343750000000e-02
-1.295166015625000000e-01
-4.353027343750000000e-01
1.252441406250000000e-01
8.691406250000000000e-02
2.183837890625000000e-01
-2.476501464843750000e-02
7.034301757812500000e-03
7.635498046875000000e-02
3.134765625000000000e-01
-2.951660156250000000e-01
-3.338623046875000000e-02
-3.369140625000000000e-01
8.575439453125000000e-02
1.291503906250000000e-01
-4.504394531250000000e-02
3.444824218750000000e-01
1.829833984375000000e-01
-1.866455078125000000e-01
2.160644531250000000e-01
2.460937500000000000e-01
-4.484863281250000000e-01
2.631835937500000000e-01
-8.184814453125000000e-02
-2.990722656250000000e-01
-9.628295898437500000e-03
2.532958984375000000e-03
-3.086853027343750000e-02
-2.897949218750000000e-01
1.341552734375000000e-01
2.532958984375000000e-02
-2.914428710937500000e-02
-4.306640625000000000e-01
2.495117187500000000e-01
-2.824707031250000000e-01
-4.172363281250000000e-01
-1.936035156250000000e-01
1.467285156250000000e-01
1.213378906250000000e-01
-2.263183593750000000e-01
-1.629638671875000000e-01
-2.725219726562500000e-02
-2.176513671875000000e-01
1.427001953125000000e-01
-6.206054687500000000e-01
2.956542968750000000e-01
3.945312500000000000e-01
4.460449218750000000e-01
-3.913879394531250000e-03
4.003906250000000000e-01
-7.238769531250000000e-02
-5.749511718750000000e-02
-1.067504882812500000e-01
4.031372070312500000e-02
-4.262695312500000000e-01
-4.831542968750000000e-01
-5.112304687500000000e-01
-4.504394531250000000e-01
-2.082519531250000000e-01
-5.029296875000000000e-02
4.216308593750000000e-01
-3.274536132812500000e-02
2.590332031250000000e-01
-2.465820312500000000e-02
5.624389648437500000e-02
3.359985351562500000e-02
-3.325939178466796875e-04
6.848144531250000000e-02
5.477905273437500000e-02
-9.445190429687500000e-03
3.388671875000000000e-01
3.022766113281250000e-02
-1.289062500000000000e-01
7.580566406250000000e-02
2.194213867187500000e-02
-3.398437500000000000e-01
-2.549743652343750000e-02
-3.970336914062500000e-02
-4.443359375000000000e-01
-2.187500000000000000e-01
-1.201171875000000000e-01
-1.134033203125000000e-01
1.982421875000000000e-01
-4.083251953125000000e-02
2.276611328125000000e-01
3.471679687500000000e-01
-5.664062500000000000e-01
-1.826477050781250000e-02
1.569824218750000000e-01
5.268554687500000000e-01
-3.103027343750000000e-01
2.717285156250000000e-01
5.975341796875000000e-02
4.946899414062500000e-02
-7.160186767578125000e-03
-1.254882812500000000e-01
2.208251953125000000e-01
1.312255859375000000e-01
-2.037353515625000000e-01
1.114501953125000000e-01
-5.554199218750000000e-02
1.589355468750000000e-01
-1.759033203125000000e-01
-3.320312500000000000e-01
7.067871093750000000e-02
6.220703125000000000e-01
2.680664062500000000e-01
-9.545898437500000000e-02
-9.936523437500000000e-02
-2.224121093750000000e-01
-6.183624267578125000e-03
-1.218872070312500000e-01
2.434082031250000000e-01
-2.468261718750000000e-01
9.265136718750000000e-02
-1.976013183593750000e-02
3.930664062500000000e-01
3.371582031250000000e-01
3.378295898437500000e-02
-3.149414062500000000e-02
-8.288574218750000000e-02
2.021484375000000000e-01
4.211425781250000000e-01
-8.770751953125000000e-02
-6.903076171875000000e-02
-1.343536376953125000e-02
-2.009277343750000000e-01
-4.362792968750000000e-01
-4.299926757812500000e-02
2.524414062500000000e-01
-5.908203125000000000e-01
1.926269531250000000e-01
-4.521484375000000000e-01
-6.076049804687500000e-02
-6.707763671875000000e-02
-2.786254882812500000e-02
4.846191406250000000e-02
-4.138183593750000000e-02
-2.175292968750000000e-01
2.656555175781250000e-02
-1.692199707031250000e-02
2.709960937500000000e-01
-2.365722656250000000e-01
-2.990722656250000000e-01
-2.976074218750000000e-01
-2.951660156250000000e-01
3.310546875000000000e-01
-1.744384765625000000e-01
5.753906250000000000e+00
7.064819335937500000e-03
-3.916015625000000000e-01
-1.545410156250000000e-01
1.106567382812500000e-01
-1.668701171875000000e-01
1.964111328125000000e-01
2.014160156250000000e-01
1.763916015625000000e-01
3.522949218750000000e-01
3.005371093750000000e-01
-2.124023437500000000e-01
1.707763671875000000e-01
3.769531250000000000e-01
2.803802490234375000e-03
-2.043457031250000000e-01
1.318359375000000000e-01
-2.015625000000000000e+00
-4.619140625000000000e-01
2.512207031250000000e-01
-1.032104492187500000e-01
-6.317138671875000000e-02
-7.086181640625000000e-02
9.185791015625000000e-02
-1.221923828125000000e-01
4.804687500000000000e-01
-2.208251953125000000e-01
-2.580566406250000000e-01
2.253723144531250000e-02
-9.582519531250000000e-02
-5.184936523437500000e-02
-1.234130859375000000e-01
8.178710937500000000e-02
-2.634277343750000000e-01
-2.871704101562500000e-02
-2.208251953125000000e-01
2.062988281250000000e-01
1.921386718750000000e-01
1.331787109375000000e-01
-5.336914062500000000e-01
5.145263671875000000e-02
9.246826171875000000e-02
-4.641723632812500000e-02
3.090820312500000000e-01
3.710937500000000000e-01
1.003417968750000000e-01
1.409912109375000000e-01
2.607727050781250000e-02
-2.315673828125000000e-01
2.001953125000000000e-01
-4.182128906250000000e-01
-1.354980468750000000e-01
-1.848144531250000000e-01
-8.380126953125000000e-02
-1.771240234375000000e-01
-7.446289062500000000e-02
-2.709960937500000000e-01
-2.407226562500000000e-01
3.689575195312500000e-02
-1.560058593750000000e-01
-1.177368164062500000e-01
4.392089843750000000e-01
-3.872070312500000000e-01
1.763916015625000000e-01
-2.307128906250000000e-01
9.545898437500000000e-02
-2.313232421875000000e-01
5.908203125000000000e-02
-2.250976562500000000e-01
-6.701660156250000000e-02
-7.965087890625000000e-02
7.409667968750000000e-02
-1.654052734375000000e-01
-1.224365234375000000e-01
1.853027343750000000e-01
2.122802734375000000e-01
2.792968750000000000e-01
1.031494140625000000e-02
-2.144775390625000000e-01
7.708740234375000000e-02
2.155761718750000000e-01
1.765441894531250000e-02
9.326171875000000000e-02
3.466796875000000000e-01
1.888427734375000000e-01
-4.638671875000000000e-02
-5.136718750000000000e-01
6.518554687500000000e-01
-6.094360351562500000e-02
-2.230224609375000000e-01
-8.825683593750000000e-02
-3.979492187500000000e-01
-1.045532226562500000e-01
-7.714843750000000000e-02
2.919921875000000000e-01
6.599426269531250000e-03
-5.337524414062500000e-02
-1.201171875000000000e-01
4.702148437500000000e-01
2.246856689453125000e-03
-1.023559570312500000e-01
-2.468261718750000000e-01
-2.546691894531250000e-02
2.241516113281250000e-02
8.062744140625000000e-02
1.585388183593750000e-02
-3.347167968750000000e-01
9.057617187500000000e-02
4.418945312500000000e-01
-9.008789062500000000e-02
-1.547851562500000000e-01
-3.737792968750000000e-01
-2.598571777343750000e-02
1.611328125000000000e-01
-1.199340820312500000e-02
1.623535156250000000e-02
3.041992187500000000e-01
1.488037109375000000e-01
-1.512451171875000000e-01
-5.224609375000000000e-02
-1.889648437500000000e-01
7.464599609375000000e-02
-9.179687500000000000e-02
5.157470703125000000e-03
-3.668212890625000000e-02
-7.153320312500000000e-02
-1.065673828125000000e-01
-3.344726562500000000e-01
-2.927246093750000000e-01
-9.075927734375000000e-02
2.885742187500000000e-01
-7.019042968750000000e-02
2.619628906250000000e-01
2.050781250000000000e-01
1.105346679687500000e-01
4.116821289062500000e-02
5.649566650390625000e-03
-1.910400390625000000e-01
-1.079711914062500000e-01
2.529296875000000000e-01
-2.070312500000000000e-01
5.664062500000000000e-02
-3.491210937500000000e-02
-9.289550781250000000e-02
1.220703125000000000e-01
5.892944335937500000e-02
2.045898437500000000e-01
-9.466552734375000000e-02
3.991699218750000000e-02
1.943359375000000000e-01
-9.606933593750000000e-02
3.186035156250000000e-01
2.639160156250000000e-01
-2.583007812500000000e-01
3.249511718750000000e-01
8.789062500000000000e-02
1.023559570312500000e-01
-2.104492187500000000e-01
1.402282714843750000e-02
-1.729736328125000000e-01
-1.514892578125000000e-01
-2.187500000000000000e-01
-2.082519531250000000e-01
1.002197265625000000e-01
-1.944580078125000000e-01
3.837890625000000000e-01
-1.309814453125000000e-01
-6.357421875000000000e-01
1.365966796875000000e-01
-4.211425781250000000e-01
5.398559570312500000e-02
-1.562500000000000000e-01
1.608886718750000000e-01
-9.796142578125000000e-02
-1.844787597656250000e-02
3.623046875000000000e-01
-2.442626953125000000e-01
-1.007843017578125000e-02
-1.716308593750000000e-01
7.830810546875000000e-02
3.022766113281250000e-02
5.205078125000000000e-01
-1.757812500000000000e-02
-1.192626953125000000e-01
5.380859375000000000e-01
3.204345703125000000e-02
-3.588867187500000000e-01
1.724853515625000000e-01
-2.834472656250000000e-01
4.745483398437500000e-02
2.817382812500000000e-01
1.318359375000000000e-01
-1.809692382812500000e-02
-3.024902343750000000e-01
5.206298828125000000e-02
1.467285156250000000e-01
-2.288818359375000000e-01
1.799316406250000000e-01
-1.107177734375000000e-01
-1.771240234375000000e-01
