-1.787109375000000000e-01
1.170654296875000000e-01
8.880615234375000000e-03
2.812500000000000000e-01
-4.089355468750000000e-02
-4.389648437500000000e-01
-6.162109375000000000e-01
-1.001953125000000000e+00
1.045227050781250000e-02
-3.149414062500000000e-02
-1.484375000000000000e-01
2.030944824218750000e-02
-3.535156250000000000e-01
4.040527343750000000e-01
2.841796875000000000e-01
-1.193237304687500000e-02
2.607421875000000000e-01
2.050781250000000000e-02
-1.540527343750000000e-01
-4.238281250000000000e-01
3.520507812500000000e-01
-3.640136718750000000e-01
4.460449218750000000e-01
1.843261718750000000e-01
-3.862304687500000000e-01
-7.159423828125000000e-02
6.665039062500000000e-02
1.645507812500000000e-01
2.465820312500000000e-02
3.493652343750000000e-01
-4.018554687500000000e-01
6.999969482421875000e-03
-2.707519531250000000e-01
6.176757812500000000e-01
3.231811523437500000e-02
3.366699218750000000e-01
1.482391357421875000e-02
1.270751953125000000e-01
-2.556152343750000000e-01
-1.308593750000000000e-01
-2.019042968750000000e-01
-7.318115234375000000e-02
4.860839843750000000e-01
-3.562011718750000000e-01
1.403808593750000000e-03
2.026367187500000000e-01
-4.394531250000000000e-02
1.173095703125000000e-01
3.344726562500000000e-01
5.903320312500000000e-01
2.810058593750000000e-01
-3.540039062500000000e-01
3.864746093750000000e-01
-2.595214843750000000e-01
1.133422851562500000e-01
8.923339843750000000e-02
1.195068359375000000e-01
-1.236572265625000000e-01
-2.421875000000000000e-01
3.881835937500000000e-01
3.747558593750000000e-01
-1.252441406250000000e-01
2.536621093750000000e-01
-2.246093750000000000e-01
-1.536369323730468750e-03
1.154785156250000000e-01
-3.339843750000000000e-01
3.607177734375000000e-02
-1.268310546875000000e-01
-2.325439453125000000e-02
2.435302734375000000e-01
-1.514892578125000000e-01
1.566162109375000000e-01
3.452148437500000000e-01
-4.121093750000000000e-01
2.511596679687500000e-02
-2.341308593750000000e-01
-3.701782226562500000e-02
-3.479003906250000000e-01
-2.525329589843750000e-02
-3.212890625000000000e-01
1.918945312500000000e-01
3.479003906250000000e-01
-3.848266601562500000e-02
9.069824218750000000e-02
-8.526611328125000000e-02
2.653808593750000000e-01
-9.490966796875000000e-02
1.579589843750000000e-01
2.071533203125000000e-01
1.719970703125000000e-01
-1.593017578125000000e-01
-1.531250000000000000e+00
1.072387695312500000e-01
-2.410888671875000000e-01
-3.076171875000000000e-01
3.857421875000000000e-01
-2.585449218750000000e-01
-5.331420898437500000e-02
1.771240234375000000e-01
2.592773437500000000e-01
2.971191406250000000e-01
5.473632812500000000e-01
-2.583007812500000000e-01
-3.378906250000000000e-01
-2.491474151611328125e-04
1.246948242187500000e-01
-6.179809570312500000e-02
-3.750000000000000000e-01
-1.175537109375000000e-01
3.616809844970703125e-04
1.562500000000000000e-02
-4.829101562500000000e-01
2.370605468750000000e-01
5.126953125000000000e-02
-3.791503906250000000e-01
1.722412109375000000e-01
3.745117187500000000e-01
-1.284790039062500000e-02
2.043457031250000000e-01
-8.715820312500000000e-02
-5.612182617187500000e-02
2.492675781250000000e-01
-2.033996582031250000e-02
-6.292724609375000000e-02
-2.453613281250000000e-01
2.934265136718750000e-02
-1.887207031250000000e-01
1.798095703125000000e-01
6.191406250000000000e-01
2.724609375000000000e-01
-8.721923828125000000e-02
3.350830078125000000e-02
6.191406250000000000e+00
-7.891845703125000000e-02
1.398925781250000000e-01
-9.008789062500000000e-02
-2.297363281250000000e-01
3.635253906250000000e-01
-1.728515625000000000e-01
2.490234375000000000e-01
2.108154296875000000e-01
2.470703125000000000e-01
3.215332031250000000e-01
-9.790039062500000000e-02
9.783935546875000000e-02
1.495361328125000000e-01
-7.728576660156250000e-03
3.213500976562500000e-02
-2.054443359375000000e-01
4.404296875000000000e-01
1.657714843750000000e-01
5.178833007812500000e-02
-1.286621093750000000e-01
-2.753906250000000000e-01
-3.417968750000000000e-02
-2.909851074218750000e-02
1.062622070312500000e-01
2.612304687500000000e-02
-6.353759765625000000e-02
-1.964111328125000000e-01
2.709960937500000000e-01
-6.835937500000000000e-02
3.171386718750000000e-01
-6.430664062500000000e-01
1.391601562500000000e-02
-1.802978515625000000e-01
1.313781738281250000e-02
2.446289062500000000e-01
-1.210937500000000000e-01
-1.649169921875000000e-01
-2.160644531250000000e-02
5.664825439453125000e-03
6.744384765625000000e-02
-9.393310546875000000e-02
6.469726562500000000e-02
-3.115234375000000000e-01
-8.367919921875000000e-02
4.907226562500000000e-01
-5.334472656250000000e-02
-2.500000000000000000e-01
1.445312500000000000e-01
1.289062500000000000e-01
-1.821899414062500000e-02
1.068115234375000000e-01
-2.980957031250000000e-01
5.691528320312500000e-02
9.301757812500000000e-02
3.688964843750000000e-01
1.903076171875000000e-01
-5.914306640625000000e-02
1.903076171875000000e-01
2.259521484375000000e-01
-8.392333984375000000e-02
2.177734375000000000e-01
1.916503906250000000e-01
-8.068847656250000000e-02
1.990966796875000000e-01
-3.497314453125000000e-02
1.276855468750000000e-01
-6.817626953125000000e-02
-3.134765625000000000e-01
8.465576171875000000e-02
-5.685424804687500000e-02
3.425292968750000000e-01
4.035644531250000000e-01
-5.083007812500000000e-01
-9.735107421875000000e-02
-5.522460937500000000e-01
-1.389160156250000000e-01
2.210693359375000000e-01
1.026611328125000000e-01
9.686279296875000000e-02
-2.687988281250000000e-01
-1.903076171875000000e-01
8.966064453125000000e-02
1.925048828125000000e-01
-6.313476562500000000e-01
-7.501220703125000000e-02
2.531738281250000000e-01
1.123046875000000000e-01
-3.212890625000000000e-01
2.238769531250000000e-01
-7.006835937500000000e-02
2.897949218750000000e-01
-2.138671875000000000e-01
2.061462402343750000e-02
6.237792968750000000e-02
6.528320312500000000e-01
1.970214843750000000e-01
3.071289062500000000e-01
-1.475830078125000000e-01
-1.564941406250000000e-01
8.262634277343750000e-03
1.779785156250000000e-01
1.871337890625000000e-01
-1.953125000000000000e-01
8.679199218750000000e-02
-8.856201171875000000e-02
1.013793945312500000e-01
-1.178588867187500000e-01
4.931640625000000000e-01
-2.053222656250000000e-01
-6.250000000000000000e-02
4.754638671875000000e-02
9.956359863281250000e-04
-5.825805664062500000e-02
5.392456054687500000e-02
2.109375000000000000e-01
4.180908203125000000e-03
-3.320312500000000000e-01
3.188476562500000000e-01
2.863769531250000000e-01
2.561035156250000000e-01
2.045898437500000000e-01
4.855957031250000000e-01
-1.713867187500000000e-01
-1.346435546875000000e-01
-1.000213623046875000e-02
9.851074218750000000e-02
1.391601562500000000e-01
2.467041015625000000e-01
1.017456054687500000e-01
1.781005859375000000e-01
1.774902343750000000e-01
-2.044677734375000000e-01
1.419677734375000000e-01
6.097412109375000000e-02
-8.880615234375000000e-03
-6.192016601562500000e-02
-2.246093750000000000e-01
-3.622436523437500000e-02
-8.325195312500000000e-02
-3.000488281250000000e-01
2.509765625000000000e-01
2.590942382812500000e-02
-2.660751342773437500e-03
3.266601562500000000e-01
3.533935546875000000e-02
1.553955078125000000e-01
4.287109375000000000e-01
3.093261718750000000e-01
2.015380859375000000e-01
2.729492187500000000e-01
-8.618164062500000000e-02
-8.892822265625000000e-02
2.285156250000000000e-01
3.127441406250000000e-01
2.281494140625000000e-01
-1.195678710937500000e-01
1.578369140625000000e-01
9.490966796875000000e-02
3.649902343750000000e-02
-1.839599609375000000e-01
-9.918212890625000000e-02
-2.912597656250000000e-01
-2.037353515625000000e-01
2.097167968750000000e-01
-5.685424804687500000e-02
-1.423339843750000000e-01
-7.867431640625000000e-02
1.595458984375000000e-01
-7.556152343750000000e-02
-4.179687500000000000e-01
-1.362304687500000000e-01
1.444091796875000000e-01
-3.925781250000000000e-01
-1.535644531250000000e-01
-2.339172363281250000e-02
-3.454589843750000000e-02
1.368408203125000000e-01
-1.518554687500000000e-01
6.191406250000000000e+00
-1.782226562500000000e-01
-1.406250000000000000e-01
1.260986328125000000e-01
1.490478515625000000e-01
9.704589843750000000e-03
4.023437500000000000e-01
1.700439453125000000e-01
1.907958984375000000e-01
5.654296875000000000e-01
-7.659912109375000000e-02
-1.157226562500000000e-01
-3.085937500000000000e-01
-1.027832031250000000e-01
2.233886718750000000e-01
5.245971679687500000e-02
1.226196289062500000e-01
-1.682617187500000000e+00
-7.789611816406250000e-03
4.791259765625000000e-02
-6.256103515625000000e-02
-3.491210937500000000e-02
7.801055908203125000e-03
-3.143310546875000000e-02
5.493164062500000000e-01
-2.052001953125000000e-01
3.890991210937500000e-02
-4.018554687500000000e-01
-8.308410644531250000e-03
-3.824234008789062500e-03
1.871337890625000000e-01
2.705078125000000000e-01
1.313476562500000000e-01
9.954833984375000000e-02
3.576660156250000000e-01
2.849121093750000000e-01
-3.170776367187500000e-02
-2.210998535156250000e-02
-1.877441406250000000e-01
-5.673217773437500000e-02
-2.753906250000000000e-01
6.762695312500000000e-02
5.017089843750000000e-02
3.741455078125000000e-02
-8.526611328125000000e-02
3.527832031250000000e-01
1.291503906250000000e-01
1.614990234375000000e-01
-1.528930664062500000e-02
-9.558105468750000000e-02
-4.083251953125000000e-02
6.951904296875000000e-02
7.458496093750000000e-02
-4.614257812500000000e-02
6.561279296875000000e-02
1.369628906250000000e-01
2.600097656250000000e-01
-1.173706054687500000e-01
3.642578125000000000e-01
-7.743835449218750000e-03
-8.551025390625000000e-02
3.129882812500000000e-01
-4.448242187500000000e-01
9.442138671875000000e-02
-2.980957031250000000e-01
2.261962890625000000e-01
5.902099609375000000e-02
8.441162109375000000e-02
-1.092529296875000000e-01
-3.825683593750000000e-01
3.344726562500000000e-01
1.762390136718750000e-02
-4.523925781250000000e-01
-9.551048278808593750e-04
9.307861328125000000e-02
1.536865234375000000e-01
1.232910156250000000e-01
8.911132812500000000e-03
-3.037109375000000000e-01
1.005249023437500000e-01
1.176147460937500000e-01
-1.965332031250000000e-01
3.293457031250000000e-01
3.798828125000000000e-01
-5.029296875000000000e-02
-1.480712890625000000e-01
-1.799316406250000000e-01
4.992675781250000000e-01
-2.597656250000000000e-01
-1.385498046875000000e-01
2.835083007812500000e-02
-8.544921875000000000e-02
-3.073730468750000000e-01
-9.197998046875000000e-02
-2.177734375000000000e-01
-6.903076171875000000e-02
4.045410156250000000e-01
-5.571289062500000000e-01
-1.478271484375000000e-01
1.353759765625000000e-01
-5.341796875000000000e-01
3.689575195312500000e-02
-4.934692382812500000e-02
-1.542968750000000000e-01
-1.809082031250000000e-01
-5.691528320312500000e-02
6.118774414062500000e-02
2.502441406250000000e-01
9.338378906250000000e-02
-1.331787109375000000e-01
1.151123046875000000e-01
-3.269042968750000000e-01
1.111450195312500000e-01
3.898925781250000000e-01
-4.230957031250000000e-01
-6.386718750000000000e-01
1.920166015625000000e-01
2.326660156250000000e-01
4.537963867187500000e-02
6.439208984375000000e-02
-2.490234375000000000e-02
2.031250000000000000e-01
-3.063964843750000000e-01
1.555175781250000000e-01
-1.297607421875000000e-01
-9.875488281250000000e-02
-2.534179687500000000e-01
2.491455078125000000e-01
-2.836914062500000000e-01
4.211425781250000000e-02
9.643554687500000000e-02
-2.331542968750000000e-02
1.428222656250000000e-01
5.307006835937500000e-02
-1.423339843750000000e-01
-2.526855468750000000e-01
1.206054687500000000e-01
1.021728515625000000e-01
-2.406311035156250000e-02
-2.087402343750000000e-01
-2.321777343750000000e-01
2.158203125000000000e-01
2.778320312500000000e-01
3.977050781250000000e-01
5.732421875000000000e-01
1.160278320312500000e-01
1.517333984375000000e-01
-3.386230468750000000e-01
2.488708496093750000e-02
1.130981445312500000e-01
-7.128906250000000000e-02
4.052734375000000000e-01
3.947753906250000000e-01
-1.156616210937500000e-01
1.696777343750000000e-01
4.730224609375000000e-02
-1.144409179687500000e-01
-3.247070312500000000e-01
-1.323242187500000000e-01
-3.945312500000000000e-01
3.647460937500000000e-01
-9.899902343750000000e-02
3.059082031250000000e-01
5.569458007812500000e-02
6.811523437500000000e-02
-9.045410156250000000e-02
6.192016601562500000e-02
2.207031250000000000e-01
1.196289062500000000e-01
-2.216796875000000000e-01
3.607177734375000000e-02
1.076049804687500000e-01
-2.487792968750000000e-01
-1.516113281250000000e-01
7.214355468750000000e-02
-5.871582031250000000e-02
4.133300781250000000e-01
-1.492919921875000000e-01
-1.362304687500000000e-01
-9.600830078125000000e-02
1.844482421875000000e-01
5.332031250000000000e-01
-2.265625000000000000e-01
5.551757812500000000e-01
4.963378906250000000e-01
5.828857421875000000e-02
-1.354980468750000000e-01
-1.240234375000000000e-01
-3.986358642578125000e-03
-4.899902343750000000e-01
2.031250000000000000e-01
9.460449218750000000e-02
1.765136718750000000e-01
-2.661132812500000000e-01
-2.450561523437500000e-02
-7.464599609375000000e-02
2.626953125000000000e-01
8.778572082519531250e-04
-2.318115234375000000e-01
5.429077148437500000e-02
