-7.843017578125000000e-02
-6.579589843750000000e-02
-1.837158203125000000e-01
4.711914062500000000e-02
1.186370849609375000e-02
-1.315917968750000000e-01
-9.429931640625000000e-02
-1.826171875000000000e+00
4.211425781250000000e-01
2.783203125000000000e-01
1.907958984375000000e-01
-2.924804687500000000e-01
1.510009765625000000e-01
-2.370605468750000000e-01
1.520996093750000000e-01
7.000732421875000000e-02
2.065429687500000000e-01
2.315673828125000000e-01
1.245727539062500000e-01
-3.173828125000000000e-02
5.278320312500000000e-01
-8.142089843750000000e-02
3.254394531250000000e-01
-2.207031250000000000e-01
7.556152343750000000e-02
2.137451171875000000e-01
4.821777343750000000e-02
-4.040527343750000000e-02
-2.264404296875000000e-01
1.560058593750000000e-01
8.117675781250000000e-03
-9.252929687500000000e-02
-4.135131835937500000e-02
-1.026611328125000000e-01
-4.343261718750000000e-01
5.758666992187500000e-02
-8.337402343750000000e-02
-1.738281250000000000e-01
-1.860351562500000000e-01
-1.569824218750000000e-01
1.425781250000000000e-01
2.032470703125000000e-02
-1.469726562500000000e-01
-2.473144531250000000e-01
3.363037109375000000e-02
2.266845703125000000e-01
-2.238769531250000000e-01
3.388671875000000000e-01
1.660156250000000000e-01
1.895141601562500000e-02
-1.251983642578125000e-02
-2.105712890625000000e-01
4.550781250000000000e-01
-2.334594726562500000e-02
4.248046875000000000e-02
2.198486328125000000e-01
-1.783447265625000000e-01
-2.338867187500000000e-01
-2.071533203125000000e-01
-3.845214843750000000e-02
1.287841796875000000e-01
-2.858886718750000000e-01
2.719726562500000000e-01
-8.068847656250000000e-02
-1.651763916015625000e-03
-9.533691406250000000e-02
9.564208984375000000e-02
-4.001464843750000000e-01
-1.451416015625000000e-01
-1.113281250000000000e-01
-2.827148437500000000e-01
-3.024902343750000000e-01
-1.220703125000000000e-01
-6.689453125000000000e-02
1.090698242187500000e-01
-5.000000000000000000e-01
2.902832031250000000e-01
2.465820312500000000e-01
-4.724121093750000000e-02
-1.563720703125000000e-01
2.261352539062500000e-02
6.146240234375000000e-02
1.389160156250000000e-01
1.040039062500000000e-01
-1.217651367187500000e-01
1.412353515625000000e-01
-1.566162109375000000e-01
-4.113769531250000000e-02
1.155395507812500000e-01
1.024780273437500000e-01
1.374511718750000000e-01
1.552581787109375000e-02
-1.958984375000000000e+00
3.349609375000000000e-01
1.440429687500000000e-01
3.634643554687500000e-02
2.337646484375000000e-01
6.259918212890625000e-03
1.414794921875000000e-01
-7.802734375000000000e-01
1.248168945312500000e-01
2.646484375000000000e-01
2.912597656250000000e-01
-2.951660156250000000e-01
9.692382812500000000e-02
-2.045898437500000000e-01
1.791992187500000000e-01
1.547851562500000000e-01
-4.328613281250000000e-01
-3.326416015625000000e-02
1.530761718750000000e-01
2.207031250000000000e-01
-1.297607421875000000e-01
3.247070312500000000e-02
7.586669921875000000e-02
6.250000000000000000e-02
1.110229492187500000e-01
6.341552734375000000e-02
5.886840820312500000e-02
2.437744140625000000e-01
1.336669921875000000e-01
2.864074707031250000e-02
-7.747650146484375000e-03
-1.997070312500000000e-01
-9.106445312500000000e-02
1.334228515625000000e-01
-1.872558593750000000e-01
-2.714843750000000000e-01
-2.833557128906250000e-02
4.191894531250000000e-01
3.974609375000000000e-01
-9.326171875000000000e-02
3.244018554687500000e-02
7.382812500000000000e+00
-2.401123046875000000e-01
-1.916503906250000000e-02
1.125488281250000000e-01
-3.715820312500000000e-01
2.235107421875000000e-01
6.542968750000000000e-02
4.574584960937500000e-02
1.397705078125000000e-01
-4.489135742187500000e-02
2.313232421875000000e-01
-2.622070312500000000e-01
-1.853942871093750000e-02
-9.320068359375000000e-02
-3.942871093750000000e-02
3.741455078125000000e-02
2.702636718750000000e-01
-1.970214843750000000e-01
-1.043701171875000000e-01
6.921386718750000000e-02
-9.167480468750000000e-02
-1.080322265625000000e-01
-6.304931640625000000e-02
-1.827392578125000000e-01
2.678222656250000000e-01
-9.875488281250000000e-02
1.921386718750000000e-01
2.214355468750000000e-01
-7.092285156250000000e-02
-1.279296875000000000e-01
-3.417968750000000000e-01
-2.182006835937500000e-02
2.883300781250000000e-01
1.372070312500000000e-01
1.143646240234375000e-02
-1.633300781250000000e-01
3.329467773437500000e-02
-1.025390625000000000e-01
-4.595947265625000000e-02
-1.719665527343750000e-02
1.879882812500000000e-01
-7.946777343750000000e-02
1.385498046875000000e-01
-4.230957031250000000e-01
2.073974609375000000e-01
-1.072998046875000000e-01
6.585693359375000000e-02
3.775024414062500000e-02
1.048278808593750000e-02
-4.516601562500000000e-02
2.597656250000000000e-01
-1.553955078125000000e-01
-2.290344238281250000e-02
2.090454101562500000e-03
9.544372558593750000e-03
2.060546875000000000e-01
-3.527832031250000000e-02
-2.231445312500000000e-01
-3.869628906250000000e-02
1.664733886718750000e-02
-3.677368164062500000e-02
-3.964843750000000000e-01
-1.306152343750000000e-02
5.709838867187500000e-02
-5.734252929687500000e-02
-1.450195312500000000e-01
1.217041015625000000e-01
8.758544921875000000e-02
3.181152343750000000e-01
4.727172851562500000e-02
2.023925781250000000e-01
1.752929687500000000e-01
-2.917480468750000000e-01
1.965332031250000000e-01
-1.722412109375000000e-01
2.775878906250000000e-01
2.932128906250000000e-01
-3.372192382812500000e-02
1.081542968750000000e-01
-2.153320312500000000e-01
-2.668762207031250000e-02
-1.877441406250000000e-01
2.822875976562500000e-02
2.493286132812500000e-02
1.393890380859375000e-02
1.754150390625000000e-01
-7.696533203125000000e-02
-8.062744140625000000e-02
-1.505126953125000000e-01
-1.400146484375000000e-01
-1.969909667968750000e-02
1.104736328125000000e-01
7.519531250000000000e-02
5.920410156250000000e-02
1.484375000000000000e-01
-1.188354492187500000e-01
9.149169921875000000e-02
-1.837158203125000000e-01
1.721191406250000000e-01
-1.756591796875000000e-01
-1.933593750000000000e-01
1.452636718750000000e-02
2.471923828125000000e-01
1.782226562500000000e-01
2.283935546875000000e-01
-3.452148437500000000e-01
-3.508300781250000000e-01
-1.203002929687500000e-01
3.156738281250000000e-01
1.522216796875000000e-01
-6.378173828125000000e-02
4.129028320312500000e-02
-1.494140625000000000e-01
-2.120361328125000000e-01
4.338378906250000000e-01
3.386230468750000000e-01
7.257080078125000000e-02
-1.346435546875000000e-01
1.685791015625000000e-01
-3.234863281250000000e-01
4.153442382812500000e-02
1.077880859375000000e-01
1.673583984375000000e-01
3.503417968750000000e-02
-2.717285156250000000e-01
2.556152343750000000e-01
7.189941406250000000e-02
1.341552734375000000e-01
-1.673583984375000000e-01
-3.740234375000000000e-01
-2.546386718750000000e-01
-2.825927734375000000e-02
-1.939392089843750000e-02
1.876220703125000000e-01
-1.612548828125000000e-01
2.753906250000000000e-01
-1.574707031250000000e-02
-3.430175781250000000e-02
4.650878906250000000e-02
-3.923339843750000000e-01
-2.834472656250000000e-01
8.068847656250000000e-02
-5.548095703125000000e-02
-1.046142578125000000e-01
5.160522460937500000e-02
2.008056640625000000e-01
-1.845703125000000000e-01
-2.708435058593750000e-02
3.400878906250000000e-01
5.087280273437500000e-02
5.706787109375000000e-02
1.302490234375000000e-01
4.501953125000000000e-01
1.713867187500000000e-01
-9.277343750000000000e-02
-1.201782226562500000e-01
2.302246093750000000e-01
-1.227569580078125000e-02
5.572509765625000000e-02
3.947753906250000000e-01
-1.688232421875000000e-01
1.827392578125000000e-01
7.720947265625000000e-02
-3.090820312500000000e-01
-1.749267578125000000e-01
1.383056640625000000e-01
1.868896484375000000e-01
-3.415527343750000000e-01
2.783203125000000000e-01
4.959106445312500000e-02
1.729736328125000000e-01
-3.825683593750000000e-01
1.119232177734375000e-02
-2.630615234375000000e-02
1.047363281250000000e-01
-2.425537109375000000e-01
-1.713867187500000000e-01
2.707519531250000000e-01
-1.546630859375000000e-01
7.367187500000000000e+00
4.072265625000000000e-01
1.972656250000000000e-01
1.633300781250000000e-01
2.260742187500000000e-01
-5.245971679687500000e-02
-1.080322265625000000e-01
-5.761718750000000000e-02
-1.425781250000000000e-01
4.636230468750000000e-01
7.934570312500000000e-02
2.447509765625000000e-01
-1.696777343750000000e-01
6.799316406250000000e-02
-1.990966796875000000e-01
-3.970336914062500000e-02
-5.130004882812500000e-02
-3.259765625000000000e+00
-3.497314453125000000e-02
1.654052734375000000e-01
-8.178710937500000000e-02
-3.383789062500000000e-01
3.582763671875000000e-02
3.268432617187500000e-02
2.370605468750000000e-01
2.529296875000000000e-01
-1.744079589843750000e-02
2.150878906250000000e-01
-6.234741210937500000e-02
-5.371093750000000000e-02
7.507324218750000000e-02
-1.066894531250000000e-01
-1.156616210937500000e-01
1.595458984375000000e-01
1.004638671875000000e-01
2.039794921875000000e-01
2.846679687500000000e-01
-6.262207031250000000e-02
1.619873046875000000e-01
-1.730957031250000000e-01
-6.097412109375000000e-02
1.646728515625000000e-01
1.882324218750000000e-01
2.279052734375000000e-01
-1.251220703125000000e-01
1.414794921875000000e-01
-2.376708984375000000e-01
-1.451873779296875000e-02
-4.438476562500000000e-01
8.892822265625000000e-02
2.812194824218750000e-02
3.535156250000000000e-01
-7.653808593750000000e-02
-4.206542968750000000e-01
-5.123138427734375000e-03
3.486328125000000000e-01
1.101684570312500000e-01
-9.399414062500000000e-03
-5.020141601562500000e-02
-3.872070312500000000e-01
2.050781250000000000e-02
-1.716308593750000000e-01
1.033782958984375000e-02
4.431152343750000000e-02
8.874511718750000000e-02
-3.935546875000000000e-01
-3.894042968750000000e-01
4.699707031250000000e-02
1.948242187500000000e-01
2.644042968750000000e-01
1.577148437500000000e-01
-2.607421875000000000e-01
3.056640625000000000e-01
2.380371093750000000e-03
4.388427734375000000e-02
-8.221435546875000000e-02
-1.890869140625000000e-01
2.166748046875000000e-01
-8.532714843750000000e-02
-1.282958984375000000e-01
-7.611083984375000000e-02
4.537105560302734375e-04
8.386230468750000000e-02
1.738281250000000000e-01
-2.178955078125000000e-02
2.697753906250000000e-01
-2.429199218750000000e-01
-1.168823242187500000e-01
2.144775390625000000e-01
-2.100830078125000000e-01
-2.435302734375000000e-02
-2.712402343750000000e-01
-1.981201171875000000e-01
6.111145019531250000e-03
6.713867187500000000e-02
-3.012695312500000000e-01
1.951904296875000000e-01
-4.687500000000000000e-01
1.237182617187500000e-01
7.522583007812500000e-03
6.523132324218750000e-03
6.774902343750000000e-02
-6.726074218750000000e-02
-2.702636718750000000e-01
-1.140136718750000000e-01
-2.159423828125000000e-01
-1.295166015625000000e-01
4.663085937500000000e-01
-2.080078125000000000e-01
-2.800292968750000000e-01
-1.468658447265625000e-02
1.820068359375000000e-01
1.831054687500000000e-01
-1.275634765625000000e-01
-3.828125000000000000e-01
-1.446533203125000000e-01
5.010986328125000000e-02
2.122802734375000000e-01
-5.740356445312500000e-02
-4.541015625000000000e-01
-2.156982421875000000e-01
-3.302001953125000000e-02
-1.013793945312500000e-01
-4.604492187500000000e-01
-4.108886718750000000e-01
5.395507812500000000e-02
-5.943298339843750000e-03
-6.762695312500000000e-02
-1.584472656250000000e-01
-2.126464843750000000e-01
-3.513183593750000000e-01
-4.299316406250000000e-01
7.580566406250000000e-02
-1.547851562500000000e-01
-2.109375000000000000e-01
-4.072265625000000000e-01
1.071166992187500000e-01
-2.106933593750000000e-01
7.778167724609375000e-03
-6.046295166015625000e-04
8.526611328125000000e-02
-2.770996093750000000e-02
2.335205078125000000e-01
-2.320861816406250000e-02
-5.706787109375000000e-03
2.413330078125000000e-01
1.267089843750000000e-01
-2.006835937500000000e-01
3.339843750000000000e-01
4.580688476562500000e-02
-8.544921875000000000e-02
-9.906005859375000000e-02
2.093505859375000000e-01
-8.857727050781250000e-03
-1.690673828125000000e-01
-1.654052734375000000e-01
-2.792968750000000000e-01
1.420898437500000000e-01
3.696289062500000000e-01
1.838378906250000000e-01
1.580810546875000000e-01
-6.245117187500000000e-01
2.592773437500000000e-01
-2.717285156250000000e-01
-1.390380859375000000e-01
1.369628906250000000e-01
3.461914062500000000e-01
2.043457031250000000e-01
1.517333984375000000e-01
-1.060546875000000000e+00
1.170654296875000000e-01
5.048828125000000000e-01
-9.497070312500000000e-02
-1.235961914062500000e-01
2.208251953125000000e-01
-8.935546875000000000e-02
-7.501220703125000000e-02
4.202270507812500000e-02
6.536865234375000000e-02
1.224975585937500000e-01
7.153320312500000000e-02
1.195678710937500000e-01
-9.979248046875000000e-03
-1.091308593750000000e-01
1.893310546875000000e-01
-1.818847656250000000e-01
-4.694824218750000000e-01
-1.364746093750000000e-01
3.586425781250000000e-01
-2.402343750000000000e-01
7.812500000000000000e-02
-7.727050781250000000e-02
3.437500000000000000e-01
2.788085937500000000e-01
7.873535156250000000e-02
9.170532226562500000e-03
-1.948242187500000000e-01
-5.566406250000000000e-01
7.788085937500000000e-02
1.549072265625000000e-01
