1.409912109375000000e-01
-3.486328125000000000e-01
-4.338378906250000000e-01
2.983398437500000000e-01
2.055664062500000000e-01
9.201049804687500000e-03
-2.169189453125000000e-01
-1.059570312500000000e+00
-2.349853515625000000e-01
3.134765625000000000e-01
1.480712890625000000e-01
-1.540527343750000000e-01
1.643066406250000000e-01
9.466552734375000000e-02
2.303466796875000000e-01
8.557128906250000000e-02
8.239746093750000000e-04
1.579589843750000000e-01
-3.913574218750000000e-01
3.000488281250000000e-01
1.469726562500000000e-01
2.053222656250000000e-01
3.532714843750000000e-01
-1.866149902343750000e-02
-1.829833984375000000e-01
2.673339843750000000e-01
-1.486816406250000000e-01
-5.154418945312500000e-02
-1.066894531250000000e-01
3.730468750000000000e-01
-6.953125000000000000e-01
-8.062744140625000000e-02
3.200683593750000000e-01
-1.697998046875000000e-01
-1.082763671875000000e-01
1.013793945312500000e-01
2.165527343750000000e-01
1.739501953125000000e-01
1.948242187500000000e-01
-1.441192626953125000e-02
2.293701171875000000e-01
-1.835937500000000000e-01
-1.610107421875000000e-01
-1.790771484375000000e-01
1.912841796875000000e-01
2.258300781250000000e-01
-1.425781250000000000e-01
2.883300781250000000e-01
-5.313110351562500000e-02
9.387207031250000000e-02
3.920898437500000000e-01
-4.262695312500000000e-01
3.625488281250000000e-01
-1.163330078125000000e-01
-1.444244384765625000e-02
1.118774414062500000e-01
1.516113281250000000e-01
-2.810058593750000000e-01
-1.437988281250000000e-01
-1.013183593750000000e-01
4.035644531250000000e-01
-1.795654296875000000e-01
-1.866455078125000000e-01
-2.878417968750000000e-01
-5.102539062500000000e-01
-3.220214843750000000e-01
-7.189941406250000000e-02
3.325195312500000000e-01
2.037353515625000000e-01
-1.869201660156250000e-02
1.447753906250000000e-01
-4.826660156250000000e-01
2.389526367187500000e-02
-2.456054687500000000e-01
1.046142578125000000e-01
-4.360961914062500000e-02
2.478027343750000000e-01
8.007812500000000000e-02
1.937255859375000000e-01
2.202148437500000000e-01
-4.782714843750000000e-01
-3.029785156250000000e-01
1.153564453125000000e-01
4.565429687500000000e-01
-1.005859375000000000e-01
-2.445068359375000000e-01
2.016601562500000000e-01
-3.850097656250000000e-01
-2.797851562500000000e-01
-2.812194824218750000e-02
1.187744140625000000e-01
-1.511230468750000000e-01
-1.478515625000000000e+00
5.874023437500000000e-01
-2.985839843750000000e-01
5.157470703125000000e-02
2.294921875000000000e-01
6.683349609375000000e-02
1.301574707031250000e-02
1.069335937500000000e-01
3.798828125000000000e-01
2.128906250000000000e-01
2.222900390625000000e-01
1.628417968750000000e-01
-1.264648437500000000e-01
2.946777343750000000e-01
-5.163574218750000000e-02
-1.531982421875000000e-01
-2.399902343750000000e-01
-1.195068359375000000e-01
2.923583984375000000e-02
2.056884765625000000e-01
-5.264282226562500000e-02
5.566406250000000000e-02
9.075927734375000000e-02
1.938476562500000000e-01
1.173706054687500000e-01
4.169921875000000000e-01
-1.320800781250000000e-01
-3.488159179687500000e-02
-2.695312500000000000e-01
-2.580566406250000000e-01
-1.286621093750000000e-01
-2.548828125000000000e-01
3.161621093750000000e-01
1.197509765625000000e-01
-2.519531250000000000e-01
-3.427734375000000000e-01
-2.015380859375000000e-01
2.667236328125000000e-02
3.231811523437500000e-02
5.224609375000000000e-01
-2.614746093750000000e-01
5.445312500000000000e+00
-2.639160156250000000e-01
-1.333007812500000000e-01
-5.840301513671875000e-03
-5.180664062500000000e-01
2.033691406250000000e-01
-1.329345703125000000e-01
-1.534423828125000000e-01
-4.669189453125000000e-02
-7.727050781250000000e-02
3.642578125000000000e-01
-1.953125000000000000e-01
1.511230468750000000e-01
1.983642578125000000e-02
-3.280639648437500000e-02
-1.591796875000000000e-01
4.013061523437500000e-02
-2.061767578125000000e-01
-1.556396484375000000e-01
-8.618164062500000000e-02
-2.026367187500000000e-01
2.183837890625000000e-01
2.316284179687500000e-02
-2.333984375000000000e-01
3.593750000000000000e-01
-2.440185546875000000e-01
2.830505371093750000e-02
-1.326904296875000000e-01
1.993408203125000000e-01
-1.943359375000000000e-01
2.094726562500000000e-01
-7.031250000000000000e-02
6.280517578125000000e-02
3.583984375000000000e-01
1.081848144531250000e-02
2.900390625000000000e-01
2.314453125000000000e-01
-1.267089843750000000e-01
6.317138671875000000e-02
1.544189453125000000e-01
-2.783203125000000000e-01
-7.250976562500000000e-02
1.871337890625000000e-01
-2.697753906250000000e-01
1.212768554687500000e-01
2.076416015625000000e-01
1.092529296875000000e-01
1.831054687500000000e-01
-4.133300781250000000e-01
-1.544189453125000000e-01
-4.379272460937500000e-02
1.929931640625000000e-01
-1.944580078125000000e-01
4.085540771484375000e-03
-1.488037109375000000e-01
4.803466796875000000e-02
-8.689880371093750000e-03
2.044677734375000000e-01
9.841918945312500000e-03
-2.237548828125000000e-01
-7.778167724609375000e-03
-1.475830078125000000e-01
-6.982421875000000000e-02
-3.757324218750000000e-01
4.316406250000000000e-01
6.793212890625000000e-02
-1.342010498046875000e-02
2.264404296875000000e-02
-2.410888671875000000e-01
-2.685546875000000000e-01
1.937255859375000000e-01
1.915283203125000000e-01
-3.189086914062500000e-02
2.469482421875000000e-01
-1.090087890625000000e-01
1.542968750000000000e-01
-3.767089843750000000e-01
3.444824218750000000e-01
-2.219238281250000000e-01
-1.772460937500000000e-01
-1.968994140625000000e-01
-1.588134765625000000e-01
5.268554687500000000e-01
-4.038085937500000000e-01
-4.365234375000000000e-01
5.181884765625000000e-02
-2.062988281250000000e-01
-1.019897460937500000e-01
-4.702148437500000000e-01
-3.129882812500000000e-01
-2.626953125000000000e-01
3.476562500000000000e-01
4.040527343750000000e-01
-2.109375000000000000e-01
-1.090087890625000000e-01
-2.019042968750000000e-01
9.588623046875000000e-02
1.711425781250000000e-01
1.490478515625000000e-01
6.933593750000000000e-02
-1.777343750000000000e-01
2.480468750000000000e-01
1.335449218750000000e-01
1.530456542968750000e-02
1.291503906250000000e-01
-1.417236328125000000e-01
2.495117187500000000e-01
-1.417236328125000000e-01
-4.385375976562500000e-02
-3.586425781250000000e-01
1.705322265625000000e-01
-1.017456054687500000e-01
1.339721679687500000e-02
7.763671875000000000e-02
-1.558837890625000000e-01
2.653808593750000000e-01
-7.849121093750000000e-02
-2.651977539062500000e-02
-1.326904296875000000e-01
-1.751708984375000000e-01
9.088134765625000000e-02
-4.681396484375000000e-02
6.113281250000000000e-01
-4.449462890625000000e-02
-6.629943847656250000e-03
-2.516174316406250000e-02
-3.530273437500000000e-01
3.618164062500000000e-01
2.065429687500000000e-01
-2.604980468750000000e-01
-2.363281250000000000e-01
-4.394531250000000000e-02
8.789062500000000000e-02
2.541503906250000000e-01
2.929687500000000000e-01
-1.452636718750000000e-01
-8.428955078125000000e-02
-6.964111328125000000e-02
-9.417724609375000000e-02
1.278076171875000000e-01
1.496582031250000000e-01
-4.550781250000000000e-01
-1.325683593750000000e-01
7.794189453125000000e-02
-7.867431640625000000e-02
-1.800537109375000000e-01
3.320312500000000000e-02
3.161621093750000000e-02
2.468261718750000000e-01
-1.491699218750000000e-01
3.178710937500000000e-01
-5.938720703125000000e-02
3.857421875000000000e-01
1.162719726562500000e-01
4.327392578125000000e-02
-3.110351562500000000e-01
-8.032226562500000000e-02
5.629882812500000000e-01
1.966552734375000000e-01
1.977539062500000000e-01
-1.794433593750000000e-02
7.299804687500000000e-02
-2.174072265625000000e-01
-1.317138671875000000e-01
-3.349609375000000000e-01
4.968261718750000000e-02
-5.072021484375000000e-02
5.520629882812500000e-02
2.116394042968750000e-02
1.086425781250000000e-01
-3.732910156250000000e-01
1.000976562500000000e-01
-5.987548828125000000e-02
6.414794921875000000e-02
-4.745483398437500000e-03
-2.907714843750000000e-01
1.181030273437500000e-01
-2.734375000000000000e-01
2.291259765625000000e-01
5.441406250000000000e+00
5.366210937500000000e-01
-3.002929687500000000e-02
-2.135009765625000000e-01
-3.395996093750000000e-01
-1.650390625000000000e-01
5.693359375000000000e-01
5.030632019042968750e-04
5.673828125000000000e-01
3.029785156250000000e-01
2.056884765625000000e-01
2.325439453125000000e-01
-8.020019531250000000e-02
-2.000732421875000000e-01
1.478271484375000000e-01
1.402587890625000000e-01
2.120361328125000000e-01
-2.234375000000000000e+00
6.113281250000000000e-01
-1.241455078125000000e-01
1.069946289062500000e-01
-1.922607421875000000e-01
1.475830078125000000e-01
2.091064453125000000e-01
-1.063842773437500000e-01
-6.768798828125000000e-02
2.235412597656250000e-02
-1.677246093750000000e-01
3.627929687500000000e-01
-3.201293945312500000e-02
3.935546875000000000e-01
-1.231689453125000000e-01
-6.829833984375000000e-02
-6.420898437500000000e-02
4.311523437500000000e-01
4.250488281250000000e-01
6.591796875000000000e-02
-1.379394531250000000e-01
-3.591308593750000000e-01
-8.557128906250000000e-02
2.836914062500000000e-01
5.117187500000000000e-01
-1.279449462890625000e-02
1.798095703125000000e-01
-3.364257812500000000e-01
2.481689453125000000e-01
3.427734375000000000e-01
1.528320312500000000e-01
4.472656250000000000e-01
1.077880859375000000e-01
-2.180175781250000000e-01
-6.018066406250000000e-02
3.930664062500000000e-01
-3.652343750000000000e-01
-8.155822753906250000e-03
1.513671875000000000e-01
-5.751953125000000000e-01
1.965332031250000000e-01
-3.425292968750000000e-01
-2.386474609375000000e-01
4.504394531250000000e-02
5.758666992187500000e-02
-1.115722656250000000e-01
-5.097656250000000000e-01
8.673095703125000000e-02
-1.652832031250000000e-01
-5.871582031250000000e-02
-7.464599609375000000e-02
-8.628845214843750000e-03
1.925048828125000000e-01
-1.831054687500000000e-02
-4.040527343750000000e-02
1.140136718750000000e-01
-1.182250976562500000e-01
-6.994628906250000000e-02
2.558593750000000000e-01
-6.630859375000000000e-01
-1.728820800781250000e-02
-6.538085937500000000e-01
-5.731201171875000000e-02
1.109619140625000000e-01
3.540039062500000000e-02
-1.313476562500000000e-01
3.022460937500000000e-01
1.084594726562500000e-01
2.568359375000000000e-01
-6.098632812500000000e-01
3.347167968750000000e-01
-5.383300781250000000e-02
-2.418212890625000000e-01
6.726074218750000000e-02
1.145629882812500000e-01
5.718994140625000000e-02
-1.818847656250000000e-01
3.793945312500000000e-01
5.325317382812500000e-02
-1.544189453125000000e-01
-5.798339843750000000e-02
-3.140258789062500000e-02
5.010986328125000000e-02
4.052734375000000000e-01
5.913085937500000000e-01
-1.050415039062500000e-01
-1.345214843750000000e-01
-3.698730468750000000e-02
2.331542968750000000e-01
1.795654296875000000e-01
-2.731933593750000000e-01
-1.655273437500000000e-01
-5.068359375000000000e-01
1.814270019531250000e-02
-3.007812500000000000e-01
1.539306640625000000e-01
1.419677734375000000e-01
2.315521240234375000e-03
-1.839599609375000000e-01
1.938476562500000000e-01
3.521728515625000000e-02
-3.269042968750000000e-01
-2.418212890625000000e-01
-1.239624023437500000e-01
2.416992187500000000e-01
5.349731445312500000e-02
2.451171875000000000e-01
5.480957031250000000e-02
-1.351318359375000000e-01
-6.103515625000000000e-01
-5.698242187500000000e-01
-4.995727539062500000e-02
-3.970336914062500000e-02
-3.859863281250000000e-01
-1.958007812500000000e-01
2.639160156250000000e-01
-4.045410156250000000e-01
-1.211547851562500000e-01
-3.532714843750000000e-01
-3.021240234375000000e-02
4.904785156250000000e-01
-4.936523437500000000e-01
-1.384277343750000000e-01
-3.686523437500000000e-02
3.344726562500000000e-02
2.486572265625000000e-01
-4.016113281250000000e-02
4.782104492187500000e-02
2.368164062500000000e-01
8.306884765625000000e-02
-1.220092773437500000e-01
1.233520507812500000e-01
5.200195312500000000e-02
-5.993652343750000000e-02
2.091979980468750000e-02
6.323242187500000000e-01
3.378295898437500000e-02
-3.051757812500000000e-01
-7.247924804687500000e-03
-4.694824218750000000e-01
2.754211425781250000e-02
-3.686904907226562500e-03
-7.556152343750000000e-02
3.268432617187500000e-02
-3.823852539062500000e-02
1.900634765625000000e-01
1.895141601562500000e-02
-2.534179687500000000e-01
1.165161132812500000e-01
8.642578125000000000e-02
3.369140625000000000e-01
-1.765136718750000000e-01
-5.258789062500000000e-01
-3.557128906250000000e-01
2.128906250000000000e-01
3.793945312500000000e-01
2.425537109375000000e-01
7.867431640625000000e-02
7.849121093750000000e-02
2.600097656250000000e-01
-9.692382812500000000e-02
1.945800781250000000e-01
-1.712646484375000000e-01
-1.890869140625000000e-01
7.026367187500000000e-01
2.883300781250000000e-01
6.121826171875000000e-02
9.924316406250000000e-02
-5.908966064453125000e-03
-3.876953125000000000e-01
2.590332031250000000e-01
1.710205078125000000e-01
-3.000488281250000000e-01
-4.718017578125000000e-02
1.477050781250000000e-01
1.994628906250000000e-01
-4.594726562500000000e-01
-4.426269531250000000e-01
-4.907226562500000000e-01
-7.766723632812500000e-03
-1.964111328125000000e-01
-2.218017578125000000e-01
-1.514892578125000000e-01
