1.938476562500000000e-01
1.087646484375000000e-01
1.755371093750000000e-01
4.414062500000000000e-01
-4.948730468750000000e-01
-2.185058593750000000e-01
-2.946777343750000000e-01
-1.198730468750000000e-01
-3.850097656250000000e-01
2.281494140625000000e-01
-5.039062500000000000e-01
-6.372070312500000000e-02
2.180175781250000000e-01
-7.000732421875000000e-02
6.899414062500000000e-01
-1.206054687500000000e-01
3.239746093750000000e-01
1.875000000000000000e-01
-3.881454467773437500e-03
8.233642578125000000e-02
2.174072265625000000e-01
5.981445312500000000e-01
-3.303222656250000000e-01
5.712890625000000000e-01
-1.021118164062500000e-01
2.641601562500000000e-01
-9.460449218750000000e-02
-8.459472656250000000e-02
-1.519775390625000000e-01
4.760742187500000000e-01
-1.464843750000000000e-01
-2.078857421875000000e-01
-2.866210937500000000e-01
5.180664062500000000e-01
-7.409667968750000000e-02
-3.840332031250000000e-01
-1.001586914062500000e-01
-1.302490234375000000e-01
-1.947021484375000000e-01
9.301757812500000000e-02
2.229003906250000000e-01
-1.075439453125000000e-01
3.874511718750000000e-01
1.069335937500000000e-01
2.364501953125000000e-01
2.978515625000000000e-01
4.636230468750000000e-01
1.275634765625000000e-01
8.245849609375000000e-02
-2.536010742187500000e-02
-1.347541809082031250e-03
-3.916015625000000000e-01
6.024169921875000000e-02
-3.679275512695312500e-03
-8.972167968750000000e-02
8.020019531250000000e-02
1.737060546875000000e-01
7.171630859375000000e-02
-2.806091308593750000e-02
3.320312500000000000e-01
1.567382812500000000e-01
-8.148193359375000000e-02
1.211547851562500000e-01
-5.463867187500000000e-01
2.243041992187500000e-02
2.766418457031250000e-02
-4.160156250000000000e-01
5.371093750000000000e-01
-1.650390625000000000e-01
-1.514892578125000000e-01
2.888183593750000000e-01
-6.427001953125000000e-02
-1.430664062500000000e-01
2.526855468750000000e-01
3.090820312500000000e-01
-1.500701904296875000e-02
4.909515380859375000e-03
-7.763671875000000000e-02
-1.379394531250000000e-01
-2.181396484375000000e-01
1.169433593750000000e-01
3.155517578125000000e-02
1.292724609375000000e-01
4.682617187500000000e-01
-1.245117187500000000e-01
-1.064300537109375000e-02
8.569335937500000000e-02
1.926269531250000000e-01
2.471923828125000000e-01
7.794189453125000000e-02
4.986572265625000000e-02
-2.849121093750000000e-01
-1.274414062500000000e+00
3.413085937500000000e-01
-2.658691406250000000e-01
-4.241943359375000000e-02
-5.197143554687500000e-02
6.610107421875000000e-02
-1.766357421875000000e-01
3.753662109375000000e-02
2.231445312500000000e-01
-7.977294921875000000e-02
-1.297607421875000000e-01
-2.717285156250000000e-01
-3.208007812500000000e-01
3.286132812500000000e-01
-1.538085937500000000e-01
5.603027343750000000e-02
-1.159057617187500000e-01
-1.107788085937500000e-01
-2.954101562500000000e-01
2.101135253906250000e-02
6.799316406250000000e-02
4.388427734375000000e-02
2.595214843750000000e-01
-3.781738281250000000e-01
8.319091796875000000e-02
1.855468750000000000e-01
1.223754882812500000e-02
1.557617187500000000e-01
2.734375000000000000e-01
-6.240234375000000000e-01
-2.844238281250000000e-01
-1.068115234375000000e-01
8.255004882812500000e-03
-1.174316406250000000e-01
-2.763748168945312500e-03
1.768493652343750000e-02
1.665039062500000000e-01
4.074707031250000000e-01
6.713867187500000000e-02
2.360534667968750000e-02
1.673583984375000000e-01
5.312500000000000000e+00
4.775390625000000000e-01
2.622070312500000000e-01
-2.988281250000000000e-01
-7.036132812500000000e-01
-1.705322265625000000e-01
-3.381347656250000000e-01
2.778320312500000000e-01
8.337402343750000000e-02
-2.973632812500000000e-01
2.320556640625000000e-01
-3.833007812500000000e-01
4.675388336181640625e-04
-1.334228515625000000e-01
-3.122558593750000000e-01
-6.811523437500000000e-02
-1.189422607421875000e-02
-1.033325195312500000e-01
3.430175781250000000e-02
-2.334594726562500000e-02
1.844482421875000000e-01
-5.874633789062500000e-03
6.069946289062500000e-02
2.368164062500000000e-01
1.608276367187500000e-02
-4.365234375000000000e-01
-1.633300781250000000e-01
4.263305664062500000e-02
-7.221221923828125000e-03
4.379272460937500000e-02
-6.982421875000000000e-02
4.376220703125000000e-02
-1.776123046875000000e-01
2.469482421875000000e-01
-5.107421875000000000e-01
2.042236328125000000e-01
1.043701171875000000e-01
1.303710937500000000e-01
1.318359375000000000e-01
-5.950927734375000000e-02
1.571044921875000000e-01
-5.151367187500000000e-01
8.183593750000000000e-01
-3.054199218750000000e-01
-1.951904296875000000e-01
4.821777343750000000e-01
2.571105957031250000e-03
1.579589843750000000e-01
1.750488281250000000e-01
-1.696777343750000000e-01
-2.917480468750000000e-01
1.647949218750000000e-01
2.893066406250000000e-02
-4.489746093750000000e-01
-6.039428710937500000e-02
4.538574218750000000e-01
1.546630859375000000e-01
4.291992187500000000e-01
4.843139648437500000e-02
5.336914062500000000e-01
-4.916381835937500000e-02
-2.470397949218750000e-02
3.765869140625000000e-02
2.871093750000000000e-01
7.165527343750000000e-02
-3.485107421875000000e-02
-3.027343750000000000e-01
7.098388671875000000e-02
-1.697998046875000000e-01
-3.637695312500000000e-02
4.243164062500000000e-01
1.820068359375000000e-01
3.482055664062500000e-02
1.893310546875000000e-01
-1.600341796875000000e-01
-2.595214843750000000e-01
1.839599609375000000e-01
3.134765625000000000e-01
2.846679687500000000e-01
3.862304687500000000e-01
-8.093261718750000000e-02
6.768798828125000000e-02
2.739257812500000000e-01
-3.334960937500000000e-01
-3.005371093750000000e-01
-1.217041015625000000e-01
-1.331787109375000000e-01
7.049560546875000000e-02
-2.254638671875000000e-01
-1.019287109375000000e-01
1.541748046875000000e-01
2.773437500000000000e-01
-2.397460937500000000e-01
-3.188476562500000000e-01
-8.917236328125000000e-02
8.007812500000000000e-02
-1.939697265625000000e-01
2.580566406250000000e-01
4.890136718750000000e-01
6.665039062500000000e-01
-2.543945312500000000e-01
1.071777343750000000e-01
5.480957031250000000e-02
3.718261718750000000e-01
3.869628906250000000e-01
1.083984375000000000e-01
-4.177246093750000000e-01
-1.325683593750000000e-01
6.328125000000000000e-01
5.383300781250000000e-02
-3.713989257812500000e-02
2.465820312500000000e-02
1.322021484375000000e-01
-7.568359375000000000e-02
-2.561035156250000000e-01
8.117675781250000000e-03
6.063842773437500000e-02
-2.218017578125000000e-01
1.643066406250000000e-01
8.288574218750000000e-02
1.021728515625000000e-01
-3.615722656250000000e-01
1.528320312500000000e-01
-1.750488281250000000e-01
6.658935546875000000e-02
-2.104187011718750000e-02
2.807617187500000000e-01
-4.313964843750000000e-01
3.869628906250000000e-02
1.809082031250000000e-01
-1.423339843750000000e-01
-5.517578125000000000e-02
-3.730468750000000000e-01
8.642578125000000000e-02
-7.635498046875000000e-02
-4.213867187500000000e-01
-2.697753906250000000e-01
-4.133300781250000000e-01
-9.863281250000000000e-02
2.683105468750000000e-01
1.502685546875000000e-01
-1.575927734375000000e-01
5.722656250000000000e-01
1.276855468750000000e-01
1.451416015625000000e-01
2.523422241210937500e-03
-1.973876953125000000e-01
1.831054687500000000e-01
-2.059326171875000000e-01
3.203125000000000000e-01
3.908691406250000000e-01
-2.258300781250000000e-01
-3.557128906250000000e-01
1.239624023437500000e-01
2.568359375000000000e-01
2.341308593750000000e-01
-2.381591796875000000e-01
4.001464843750000000e-01
-2.282714843750000000e-01
2.805175781250000000e-01
1.713867187500000000e-01
1.065063476562500000e-01
-3.105468750000000000e-01
-3.137207031250000000e-01
1.108398437500000000e-01
-1.448974609375000000e-01
-2.302246093750000000e-01
-3.376464843750000000e-01
-3.977050781250000000e-01
-2.291259765625000000e-01
-4.077148437500000000e-01
-1.827392578125000000e-01
2.934570312500000000e-01
-1.643066406250000000e-01
-5.297851562500000000e-02
1.030883789062500000e-01
-2.796936035156250000e-02
-1.158447265625000000e-01
1.155395507812500000e-01
5.312500000000000000e+00
3.110351562500000000e-01
-3.976440429687500000e-02
9.582519531250000000e-02
-1.606445312500000000e-01
3.659667968750000000e-01
2.988281250000000000e-01
1.196289062500000000e-01
-1.364746093750000000e-01
4.772949218750000000e-01
1.959228515625000000e-01
2.069091796875000000e-01
-2.683105468750000000e-01
2.888183593750000000e-01
-9.838867187500000000e-02
-1.049804687500000000e-01
9.521484375000000000e-03
-1.503906250000000000e+00
-8.581542968750000000e-02
1.166992187500000000e-01
7.226562500000000000e-02
6.994628906250000000e-02
5.923461914062500000e-02
-2.390136718750000000e-01
3.375244140625000000e-02
2.259521484375000000e-01
-1.910400390625000000e-01
3.671875000000000000e-01
-1.222534179687500000e-01
-1.821289062500000000e-01
4.138946533203125000e-03
2.079772949218750000e-02
8.819580078125000000e-02
-5.853271484375000000e-02
2.035522460937500000e-02
6.872558593750000000e-02
-8.898925781250000000e-02
-3.452148437500000000e-01
3.217773437500000000e-01
2.832031250000000000e-01
8.628845214843750000e-03
-2.421875000000000000e-01
7.604980468750000000e-02
4.528808593750000000e-02
-1.577758789062500000e-02
-9.124755859375000000e-02
-1.910400390625000000e-02
2.996826171875000000e-02
2.385253906250000000e-01
3.302001953125000000e-02
1.809082031250000000e-01
2.410888671875000000e-01
-1.335449218750000000e-01
2.163696289062500000e-02
-3.344726562500000000e-02
-2.319335937500000000e-02
-3.122329711914062500e-03
-1.892089843750000000e-01
-9.658813476562500000e-03
-1.346435546875000000e-01
1.013793945312500000e-01
-9.741210937500000000e-02
2.797851562500000000e-01
6.835937500000000000e-02
9.191894531250000000e-02
-2.023315429687500000e-02
-5.346679687500000000e-01
2.395019531250000000e-01
5.053710937500000000e-02
-2.600097656250000000e-01
1.613769531250000000e-01
-1.887207031250000000e-01
-2.009277343750000000e-01
1.759033203125000000e-01
-2.633666992187500000e-02
3.850097656250000000e-01
-2.519531250000000000e-01
-9.411621093750000000e-02
-6.259765625000000000e-01
2.365722656250000000e-01
-7.482910156250000000e-02
-1.632080078125000000e-01
2.352294921875000000e-01
7.543945312500000000e-02
-1.440429687500000000e-01
-1.014404296875000000e-01
-2.514648437500000000e-01
4.860839843750000000e-01
-1.187744140625000000e-01
-1.939697265625000000e-01
-5.316162109375000000e-02
1.074218750000000000e-01
1.671142578125000000e-01
-4.953613281250000000e-01
5.191802978515625000e-03
-1.791381835937500000e-02
2.227783203125000000e-01
-4.934692382812500000e-02
-1.253662109375000000e-01
8.312988281250000000e-02
-2.198486328125000000e-01
5.859375000000000000e-02
-2.326660156250000000e-01
5.737304687500000000e-01
-3.820800781250000000e-01
-5.989074707031250000e-03
-4.506835937500000000e-01
-1.588134765625000000e-01
3.181152343750000000e-01
-5.053710937500000000e-01
8.959960937500000000e-02
-2.568359375000000000e-01
1.690673828125000000e-01
3.806152343750000000e-01
-4.541015625000000000e-01
-9.112548828125000000e-02
7.415771484375000000e-02
6.008911132812500000e-02
-1.408691406250000000e-01
-1.647949218750000000e-01
4.263305664062500000e-02
4.345703125000000000e-01
2.086181640625000000e-01
-4.096679687500000000e-01
-4.267578125000000000e-01
2.104187011718750000e-02
4.554748535156250000e-03
2.675781250000000000e-01
1.680908203125000000e-01
1.467285156250000000e-01
2.396240234375000000e-01
-4.160156250000000000e-01
-2.680664062500000000e-01
4.338378906250000000e-01
1.351165771484375000e-02
-1.943359375000000000e-01
2.290039062500000000e-01
2.101135253906250000e-02
-5.392456054687500000e-02
1.790771484375000000e-01
-5.187988281250000000e-02
3.776855468750000000e-01
1.391601562500000000e-01
5.356445312500000000e-01
3.269042968750000000e-01
1.679687500000000000e-01
2.369384765625000000e-01
9.729003906250000000e-02
1.872558593750000000e-01
6.726074218750000000e-02
-4.333496093750000000e-01
1.938476562500000000e-01
9.560546875000000000e-01
-1.279296875000000000e-01
2.854003906250000000e-01
-1.300048828125000000e-01
1.910400390625000000e-01
-3.071289062500000000e-01
3.073730468750000000e-01
-1.677246093750000000e-01
4.045410156250000000e-01
-3.583984375000000000e-01
2.072753906250000000e-01
1.749267578125000000e-01
-3.373622894287109375e-04
3.200683593750000000e-01
7.128906250000000000e-02
7.187500000000000000e-01
1.385498046875000000e-01
-9.716796875000000000e-01
1.300048828125000000e-01
6.889343261718750000e-03
-3.537597656250000000e-01
-3.208007812500000000e-01
-5.691528320312500000e-02
-7.104492187500000000e-02
5.813598632812500000e-02
-2.187500000000000000e-01
3.566894531250000000e-01
1.137084960937500000e-01
2.019042968750000000e-01
7.866210937500000000e-01
1.774902343750000000e-01
-8.178710937500000000e-02
2.879333496093750000e-02
1.203002929687500000e-01
-1.776123046875000000e-01
1.912841796875000000e-01
3.798828125000000000e-01
-1.898193359375000000e-01
2.427978515625000000e-01
5.312500000000000000e-01
4.110717773437500000e-02
-2.189941406250000000e-01
-3.891601562500000000e-01
1.494140625000000000e-01
1.529541015625000000e-01
-3.293457031250000000e-01
2.340087890625000000e-01
2.636718750000000000e-01
