-9.814453125000000000e-02
2.469482421875000000e-01
-1.972198486328125000e-03
3.415527343750000000e-01
-4.992675781250000000e-02
2.580566406250000000e-01
-5.661010742187500000e-02
-9.951171875000000000e-01
-2.042236328125000000e-01
1.115112304687500000e-01
-7.592773437500000000e-02
-3.077697753906250000e-02
3.198242187500000000e-01
-4.511718750000000000e-01
1.144409179687500000e-01
5.073242187500000000e-01
2.917480468750000000e-01
-2.907714843750000000e-01
-2.902832031250000000e-01
-5.264282226562500000e-02
4.309082031250000000e-01
8.038330078125000000e-02
1.266479492187500000e-02
3.137207031250000000e-01
-3.486328125000000000e-01
-4.159545898437500000e-02
2.033996582031250000e-02
-6.494140625000000000e-02
-1.887207031250000000e-01
5.966796875000000000e-01
-1.345214843750000000e-01
2.093505859375000000e-01
8.349609375000000000e-02
6.262207031250000000e-02
1.821289062500000000e-01
3.768920898437500000e-02
-3.076171875000000000e-02
1.508789062500000000e-01
1.684570312500000000e-01
-3.805541992187500000e-02
-2.924804687500000000e-01
-5.351562500000000000e-01
5.203247070312500000e-02
-3.598022460937500000e-02
1.104125976562500000e-01
3.869628906250000000e-01
1.210937500000000000e-01
2.727050781250000000e-01
2.086181640625000000e-01
-2.751464843750000000e-01
-2.486572265625000000e-01
-3.046875000000000000e-01
9.289550781250000000e-02
-3.125000000000000000e-01
-8.270263671875000000e-02
1.142120361328125000e-02
-1.105346679687500000e-01
1.021118164062500000e-01
-3.303222656250000000e-01
2.893066406250000000e-01
3.979492187500000000e-01
-2.117919921875000000e-01
3.155517578125000000e-02
-5.352783203125000000e-02
-5.024414062500000000e-01
-2.182006835937500000e-02
-2.426757812500000000e-01
2.232666015625000000e-01
1.416015625000000000e-01
-1.699218750000000000e-01
2.231445312500000000e-01
1.390838623046875000e-02
-4.531860351562500000e-02
4.189453125000000000e-01
2.105712890625000000e-02
4.772949218750000000e-02
9.936523437500000000e-02
1.121215820312500000e-01
2.668457031250000000e-01
-2.668457031250000000e-01
-6.367187500000000000e-01
-1.389312744140625000e-02
-1.567382812500000000e-01
4.645996093750000000e-01
2.770996093750000000e-01
-1.359863281250000000e-01
1.152343750000000000e-01
-1.078491210937500000e-01
-1.903076171875000000e-01
2.724609375000000000e-01
-2.934570312500000000e-01
-3.631591796875000000e-02
-1.565429687500000000e+00
5.634765625000000000e-01
-6.503906250000000000e-01
5.999755859375000000e-02
9.875488281250000000e-02
3.557128906250000000e-01
-2.626953125000000000e-01
-6.793212890625000000e-02
-1.167602539062500000e-01
3.137207031250000000e-01
-4.421997070312500000e-02
-3.288574218750000000e-01
5.712509155273437500e-04
3.352050781250000000e-01
-9.936523437500000000e-02
-3.234863281250000000e-01
1.630859375000000000e-01
1.750488281250000000e-01
-2.321777343750000000e-01
1.458740234375000000e-01
-3.129882812500000000e-01
3.034667968750000000e-01
8.081054687500000000e-02
-2.849121093750000000e-01
-1.163330078125000000e-01
6.237792968750000000e-02
-1.889648437500000000e-01
-1.749267578125000000e-01
-1.391601562500000000e-01
-5.043945312500000000e-01
1.079101562500000000e-01
-5.038452148437500000e-02
-5.221557617187500000e-02
-3.581542968750000000e-01
4.328613281250000000e-01
1.861572265625000000e-01
1.821289062500000000e-01
2.585449218750000000e-01
2.084960937500000000e-01
6.365966796875000000e-02
1.961669921875000000e-01
5.828125000000000000e+00
-2.455139160156250000e-02
-1.094970703125000000e-01
-7.891845703125000000e-02
-4.804687500000000000e-01
3.369140625000000000e-01
-2.274169921875000000e-01
-1.983642578125000000e-01
1.018066406250000000e-01
-2.678222656250000000e-01
9.289550781250000000e-02
1.086425781250000000e-01
1.221923828125000000e-01
-1.470947265625000000e-01
-1.515960693359375000e-02
2.827148437500000000e-01
3.068847656250000000e-01
-1.046142578125000000e-01
-1.090087890625000000e-01
2.521972656250000000e-01
-5.908203125000000000e-02
-1.954345703125000000e-01
2.226562500000000000e-01
-1.583251953125000000e-01
-3.219604492187500000e-02
-2.836914062500000000e-01
1.419677734375000000e-01
-4.165649414062500000e-03
-3.991699218750000000e-01
2.780761718750000000e-01
-9.179687500000000000e-02
-1.489257812500000000e-01
-3.798828125000000000e-01
-1.199951171875000000e-01
1.690673828125000000e-01
-8.215332031250000000e-02
2.426757812500000000e-01
1.643066406250000000e-01
5.947875976562500000e-02
-6.965637207031250000e-03
1.296386718750000000e-01
-6.220703125000000000e-01
-1.813964843750000000e-01
3.280639648437500000e-02
5.548095703125000000e-02
3.032226562500000000e-01
-5.361938476562500000e-02
-1.295166015625000000e-01
1.347656250000000000e-01
-1.570129394531250000e-02
-2.145385742187500000e-02
3.916015625000000000e-01
-2.316284179687500000e-02
2.479248046875000000e-01
-7.263183593750000000e-02
5.136718750000000000e-01
-1.396484375000000000e-01
3.076171875000000000e-01
-2.602539062500000000e-01
-1.900634765625000000e-01
-2.017822265625000000e-01
1.399993896484375000e-02
-3.564453125000000000e-01
-1.019287109375000000e-01
1.651611328125000000e-01
1.418304443359375000e-02
1.213378906250000000e-01
1.372070312500000000e-01
1.452636718750000000e-01
-1.951904296875000000e-01
-1.028442382812500000e-01
-3.237915039062500000e-02
-3.912353515625000000e-02
-2.409667968750000000e-01
-2.963867187500000000e-01
-2.023925781250000000e-01
1.087036132812500000e-01
2.398681640625000000e-01
3.092956542968750000e-02
-3.852539062500000000e-01
5.331420898437500000e-02
3.869628906250000000e-02
-9.252929687500000000e-02
2.995605468750000000e-01
-4.919433593750000000e-01
-1.878662109375000000e-01
-1.386718750000000000e-01
-2.097167968750000000e-01
-1.027832031250000000e-01
-3.706054687500000000e-01
1.940917968750000000e-01
-6.762695312500000000e-02
-1.422119140625000000e-01
-4.074096679687500000e-02
6.750488281250000000e-02
8.343505859375000000e-02
-1.430664062500000000e-01
3.805541992187500000e-02
4.582519531250000000e-01
5.434570312500000000e-01
-5.520629882812500000e-02
9.423828125000000000e-02
-8.399963378906250000e-03
2.089843750000000000e-01
3.540039062500000000e-01
-2.196044921875000000e-01
5.538940429687500000e-02
-9.277343750000000000e-02
2.280273437500000000e-01
-2.084960937500000000e-01
-9.136962890625000000e-02
-2.333984375000000000e-01
-1.296386718750000000e-01
-2.207031250000000000e-01
1.936340332031250000e-02
8.027343750000000000e-01
3.015136718750000000e-01
5.603027343750000000e-02
2.731933593750000000e-01
-1.940917968750000000e-01
4.421386718750000000e-01
3.254394531250000000e-01
6.054687500000000000e-01
1.719970703125000000e-01
1.437377929687500000e-02
-1.345214843750000000e-01
1.896972656250000000e-01
-3.535156250000000000e-01
1.871337890625000000e-01
1.162719726562500000e-01
-4.272460937500000000e-01
1.350097656250000000e-01
-2.521972656250000000e-01
-4.418945312500000000e-02
2.526855468750000000e-02
-9.716796875000000000e-02
1.373291015625000000e-01
-3.164062500000000000e-01
-3.898925781250000000e-01
-4.031372070312500000e-02
1.011352539062500000e-01
-3.151855468750000000e-01
-3.112792968750000000e-01
4.152832031250000000e-01
3.359375000000000000e-01
3.129882812500000000e-01
-7.702636718750000000e-02
-3.826904296875000000e-02
2.144775390625000000e-01
9.112548828125000000e-02
5.224609375000000000e-01
-2.639160156250000000e-01
1.881103515625000000e-01
3.293457031250000000e-01
2.619628906250000000e-01
-1.945800781250000000e-01
1.193237304687500000e-01
8.935546875000000000e-02
-4.794311523437500000e-02
-6.573486328125000000e-02
-4.985809326171875000e-03
-1.574707031250000000e-01
1.585388183593750000e-02
-5.190429687500000000e-01
3.486328125000000000e-01
2.591609954833984375e-04
4.123535156250000000e-01
-1.878662109375000000e-01
-2.690429687500000000e-01
-7.940673828125000000e-02
-2.283935546875000000e-01
9.912109375000000000e-02
-3.181152343750000000e-01
1.652832031250000000e-01
-2.651367187500000000e-01
-1.036987304687500000e-01
1.585693359375000000e-01
1.345214843750000000e-01
-5.041503906250000000e-02
5.820312500000000000e+00
5.267333984375000000e-02
-2.612304687500000000e-01
1.267242431640625000e-02
1.485595703125000000e-01
-2.580566406250000000e-01
1.832275390625000000e-01
2.252578735351562500e-03
3.284454345703125000e-03
2.452392578125000000e-01
1.745605468750000000e-01
4.035644531250000000e-01
-2.573242187500000000e-01
3.544921875000000000e-01
3.730468750000000000e-01
-1.556396484375000000e-01
1.155395507812500000e-01
-2.339843750000000000e+00
-3.396606445312500000e-02
7.257080078125000000e-02
-3.408813476562500000e-02
2.949218750000000000e-01
3.374023437500000000e-01
-4.326171875000000000e-01
-8.911132812500000000e-02
2.000732421875000000e-01
-3.574218750000000000e-01
1.455688476562500000e-02
1.073608398437500000e-01
-1.640625000000000000e-01
2.038574218750000000e-01
-1.823730468750000000e-01
6.164550781250000000e-02
2.797851562500000000e-01
1.701660156250000000e-01
3.581542968750000000e-01
7.888793945312500000e-03
-6.915283203125000000e-02
4.675292968750000000e-01
2.153320312500000000e-01
1.280517578125000000e-01
2.523803710937500000e-02
-6.164550781250000000e-02
5.715942382812500000e-02
1.922607421875000000e-01
2.954101562500000000e-01
-6.335449218750000000e-02
2.583007812500000000e-01
-1.824951171875000000e-01
2.778320312500000000e-01
5.058593750000000000e-01
3.695678710937500000e-02
2.941894531250000000e-01
-3.095703125000000000e-01
-3.302001953125000000e-02
-1.238250732421875000e-02
-2.315673828125000000e-01
9.594726562500000000e-02
-7.061767578125000000e-02
4.042968750000000000e-01
-2.430419921875000000e-01
-2.521972656250000000e-01
-1.444091796875000000e-01
-5.831909179687500000e-02
-2.132568359375000000e-01
1.202392578125000000e-01
1.271972656250000000e-01
-2.889633178710937500e-03
-2.583007812500000000e-01
-1.530761718750000000e-01
2.907714843750000000e-01
-5.058593750000000000e-01
1.693115234375000000e-01
-3.618164062500000000e-01
-2.827148437500000000e-01
1.351318359375000000e-01
2.370605468750000000e-01
-1.468505859375000000e-01
-3.244628906250000000e-01
2.278137207031250000e-02
-3.256835937500000000e-01
-3.447265625000000000e-01
-1.089477539062500000e-01
1.173706054687500000e-01
3.208007812500000000e-01
-8.477783203125000000e-02
-3.896484375000000000e-01
4.980468750000000000e-01
-1.258544921875000000e-01
-1.627197265625000000e-01
-1.036376953125000000e-01
4.699707031250000000e-02
-2.719116210937500000e-02
-2.882385253906250000e-02
3.383789062500000000e-01
9.979248046875000000e-02
4.499511718750000000e-01
-3.159179687500000000e-01
-1.687011718750000000e-01
-3.256835937500000000e-01
2.048339843750000000e-01
5.710601806640625000e-03
2.912597656250000000e-01
2.154541015625000000e-01
-5.219726562500000000e-01
2.907714843750000000e-01
1.181640625000000000e-01
2.741699218750000000e-01
1.898193359375000000e-01
-8.374023437500000000e-02
-1.766357421875000000e-01
-3.420410156250000000e-01
-2.778320312500000000e-01
-1.781005859375000000e-01
-1.439666748046875000e-02
-1.977539062500000000e-01
2.758789062500000000e-01
-2.607421875000000000e-01
1.145019531250000000e-01
-1.568603515625000000e-01
-2.236328125000000000e-01
2.639160156250000000e-01
1.625061035156250000e-02
-3.303222656250000000e-01
-7.073974609375000000e-02
-4.397583007812500000e-02
-7.281494140625000000e-02
-1.662597656250000000e-01
-2.556152343750000000e-01
-1.882324218750000000e-01
-3.457031250000000000e-01
4.034423828125000000e-02
9.780883789062500000e-03
2.424316406250000000e-01
-4.089355468750000000e-01
-4.704589843750000000e-01
-4.010009765625000000e-02
9.851074218750000000e-02
-8.032226562500000000e-02
2.409667968750000000e-01
-1.044273376464843750e-03
-1.386718750000000000e-01
9.719848632812500000e-03
-1.472167968750000000e-01
-6.021118164062500000e-02
-3.017578125000000000e-01
3.769531250000000000e-01
-3.142089843750000000e-01
-5.798339843750000000e-03
4.353027343750000000e-01
3.508300781250000000e-01
-1.496582031250000000e-01
4.877929687500000000e-01
-2.634277343750000000e-01
2.915039062500000000e-01
-9.991455078125000000e-02
7.672119140625000000e-02
-3.522949218750000000e-01
-2.297363281250000000e-01
-1.788330078125000000e-01
6.359863281250000000e-02
1.196289062500000000e-01
2.270507812500000000e-01
-7.958984375000000000e-02
-6.726074218750000000e-02
3.908691406250000000e-01
3.093261718750000000e-01
2.026367187500000000e-02
-1.741027832031250000e-02
-6.630859375000000000e-01
-6.210327148437500000e-02
-1.690673828125000000e-01
4.571533203125000000e-02
-2.198486328125000000e-01
-2.003173828125000000e-01
-7.653808593750000000e-02
-2.393798828125000000e-01
-5.322265625000000000e-01
4.514160156250000000e-01
3.830566406250000000e-01
-2.211914062500000000e-01
8.315429687500000000e-01
-1.696777343750000000e-01
-5.511474609375000000e-02
1.771926879882812500e-03
-2.342529296875000000e-01
-6.597900390625000000e-02
1.133422851562500000e-01
-1.430664062500000000e-01
-1.525878906250000000e-01
-4.595947265625000000e-02
8.868408203125000000e-02
-2.107238769531250000e-02
-3.273925781250000000e-01
-1.116333007812500000e-01
-2.658691406250000000e-01
-2.055664062500000000e-01
2.788085937500000000e-01
-3.579101562500000000e-01
-8.624267578125000000e-02
