8.319091796875000000e-02
1.928710937500000000e-01
-5.644531250000000000e-01
-2.155761718750000000e-01
1.074829101562500000e-01
4.956054687500000000e-01
5.084228515625000000e-02
-7.299804687500000000e-01
-1.365966796875000000e-01
1.116333007812500000e-01
-2.988281250000000000e-01
-1.665039062500000000e-01
1.263427734375000000e-01
-3.310546875000000000e-01
1.121826171875000000e-01
2.524414062500000000e-01
4.584960937500000000e-01
8.282470703125000000e-02
-2.644042968750000000e-01
4.296875000000000000e-01
4.777832031250000000e-01
3.338623046875000000e-02
-1.966857910156250000e-02
2.685546875000000000e-01
7.690429687500000000e-02
-3.576660156250000000e-01
4.699707031250000000e-02
7.025146484375000000e-02
2.583007812500000000e-01
4.318847656250000000e-01
-2.565917968750000000e-01
2.614746093750000000e-01
-1.424560546875000000e-01
-8.062744140625000000e-02
2.492904663085937500e-03
-2.151489257812500000e-02
4.291992187500000000e-01
-2.171325683593750000e-02
2.189941406250000000e-01
-5.926513671875000000e-02
1.161956787109375000e-02
-3.935546875000000000e-01
-1.507568359375000000e-01
-2.668457031250000000e-01
7.470703125000000000e-02
2.280273437500000000e-01
-1.685791015625000000e-01
1.429443359375000000e-01
3.796386718750000000e-01
3.356933593750000000e-01
1.434326171875000000e-01
-3.698730468750000000e-01
4.274902343750000000e-01
-1.350097656250000000e-01
-2.617187500000000000e-01
-4.431152343750000000e-02
1.507568359375000000e-01
-1.434326171875000000e-02
-3.337402343750000000e-01
1.807861328125000000e-01
4.287109375000000000e-01
-2.200927734375000000e-01
-1.291503906250000000e-01
-1.998291015625000000e-01
-4.506835937500000000e-01
-1.117553710937500000e-01
-3.564453125000000000e-02
2.435302734375000000e-01
2.558898925781250000e-02
4.229736328125000000e-02
3.740234375000000000e-01
-4.074096679687500000e-02
-5.844116210937500000e-02
-1.150512695312500000e-01
4.853515625000000000e-01
2.275390625000000000e-01
-1.395263671875000000e-01
2.641601562500000000e-01
5.099487304687500000e-02
-7.255859375000000000e-01
-1.779785156250000000e-01
2.838134765625000000e-02
-2.954101562500000000e-01
2.951049804687500000e-02
3.984375000000000000e-01
-7.110595703125000000e-02
3.952636718750000000e-01
-1.696777343750000000e-01
-3.615722656250000000e-01
2.526855468750000000e-01
-3.403320312500000000e-01
-1.879882812500000000e-01
-1.343750000000000000e+00
7.900390625000000000e-01
-2.915039062500000000e-01
-1.069335937500000000e-01
-2.687988281250000000e-01
1.265869140625000000e-01
-1.243896484375000000e-01
1.514434814453125000e-02
1.900634765625000000e-01
3.915405273437500000e-02
3.356933593750000000e-01
6.958007812500000000e-03
1.469726562500000000e-01
1.528320312500000000e-01
1.760253906250000000e-01
-9.564208984375000000e-02
-2.404785156250000000e-01
-8.465576171875000000e-02
-2.101135253906250000e-02
3.986816406250000000e-01
-1.799316406250000000e-01
4.074707031250000000e-01
3.918457031250000000e-02
-3.586425781250000000e-01
3.989257812500000000e-01
3.576660156250000000e-01
2.135009765625000000e-01
-3.022460937500000000e-01
4.062652587890625000e-04
-3.664550781250000000e-01
-2.845764160156250000e-02
4.494628906250000000e-01
6.076049804687500000e-02
2.812500000000000000e-01
2.344970703125000000e-01
-1.018676757812500000e-01
2.861328125000000000e-01
1.776123046875000000e-01
1.685791015625000000e-01
-7.897949218750000000e-02
-2.380371093750000000e-01
5.273437500000000000e+00
-1.098022460937500000e-01
1.544189453125000000e-01
-6.176757812500000000e-02
-3.859863281250000000e-01
2.866210937500000000e-01
-4.118652343750000000e-01
2.249755859375000000e-01
7.263183593750000000e-03
-1.309814453125000000e-01
2.836608886718750000e-02
-2.722167968750000000e-01
5.249023437500000000e-02
-3.513336181640625000e-03
-2.371826171875000000e-01
-1.616210937500000000e-01
3.803710937500000000e-01
-1.513671875000000000e-01
-2.895507812500000000e-01
1.488494873046875000e-02
9.033203125000000000e-02
-1.738281250000000000e-01
2.147216796875000000e-01
8.941650390625000000e-02
5.771484375000000000e-01
-4.968261718750000000e-02
1.110839843750000000e-02
2.094726562500000000e-01
-1.572265625000000000e-01
3.344726562500000000e-01
2.500000000000000000e-01
-4.145507812500000000e-01
-3.698730468750000000e-01
-2.458496093750000000e-01
-2.464599609375000000e-01
1.364746093750000000e-01
1.221923828125000000e-01
-9.936523437500000000e-02
-2.783203125000000000e-01
3.254394531250000000e-01
-1.481933593750000000e-01
-1.143798828125000000e-01
3.103027343750000000e-01
-1.347656250000000000e-01
1.638183593750000000e-01
-1.279296875000000000e-01
3.292846679687500000e-02
-3.134765625000000000e-01
1.087036132812500000e-01
2.064208984375000000e-01
1.972656250000000000e-01
7.682800292968750000e-03
-2.512207031250000000e-01
3.698730468750000000e-01
3.709793090820312500e-03
-3.476562500000000000e-01
1.457519531250000000e-01
-1.115722656250000000e-01
9.906005859375000000e-02
1.784667968750000000e-01
-1.347656250000000000e-01
3.291015625000000000e-01
-1.492919921875000000e-01
-2.218017578125000000e-01
1.610107421875000000e-01
-2.330322265625000000e-01
-3.300781250000000000e-01
-2.349853515625000000e-01
-3.334960937500000000e-01
-2.097167968750000000e-01
-2.736816406250000000e-01
2.624511718750000000e-01
-9.613037109375000000e-02
5.325317382812500000e-03
-3.488769531250000000e-01
-3.554687500000000000e-01
-9.442138671875000000e-02
2.851562500000000000e-01
-4.095458984375000000e-02
5.834960937500000000e-02
1.457519531250000000e-01
-2.773437500000000000e-01
-8.142089843750000000e-02
2.541503906250000000e-01
-2.751464843750000000e-01
2.039794921875000000e-01
1.187133789062500000e-01
-9.437561035156250000e-03
-9.536743164062500000e-03
3.387451171875000000e-02
3.459472656250000000e-01
-1.398925781250000000e-01
-1.927490234375000000e-01
-2.714843750000000000e-01
2.923583984375000000e-02
-4.763793945312500000e-02
-3.098144531250000000e-01
2.005615234375000000e-01
2.182617187500000000e-01
3.852539062500000000e-01
3.540039062500000000e-02
5.337524414062500000e-02
-4.608154296875000000e-02
-9.803771972656250000e-03
1.441650390625000000e-01
-1.628417968750000000e-01
-1.582031250000000000e-01
-2.084960937500000000e-01
1.524658203125000000e-01
-5.517578125000000000e-02
9.246826171875000000e-02
-4.987792968750000000e-01
-3.994140625000000000e-01
2.260742187500000000e-01
-3.372192382812500000e-02
3.237304687500000000e-01
3.240966796875000000e-02
1.298828125000000000e-01
-1.605224609375000000e-01
2.152099609375000000e-01
3.095703125000000000e-01
-9.417724609375000000e-02
3.273925781250000000e-01
3.674316406250000000e-01
9.317398071289062500e-04
-1.074829101562500000e-01
9.399414062500000000e-02
1.679687500000000000e-01
3.442382812500000000e-01
-2.470703125000000000e-01
-3.518066406250000000e-01
1.268310546875000000e-01
-9.112548828125000000e-02
-1.196899414062500000e-01
8.703613281250000000e-02
-1.788330078125000000e-01
1.650390625000000000e-01
3.750610351562500000e-02
2.758789062500000000e-01
2.553710937500000000e-01
-1.103515625000000000e-01
-4.399414062500000000e-01
-1.436767578125000000e-01
2.268066406250000000e-01
-1.074218750000000000e-01
-7.885742187500000000e-02
-3.859863281250000000e-01
8.312988281250000000e-02
7.702636718750000000e-02
2.209472656250000000e-01
-1.157226562500000000e-01
-3.579101562500000000e-01
-1.928710937500000000e-01
1.522216796875000000e-01
5.009765625000000000e-01
-8.343505859375000000e-02
-1.395263671875000000e-01
5.532226562500000000e-01
3.508300781250000000e-01
1.643066406250000000e-01
2.736816406250000000e-01
-6.378173828125000000e-02
2.125244140625000000e-01
-4.909667968750000000e-01
-9.008789062500000000e-02
1.134490966796875000e-02
2.486572265625000000e-01
-5.649414062500000000e-01
-4.165649414062500000e-02
-1.195068359375000000e-01
-7.153320312500000000e-02
5.935668945312500000e-02
-8.288574218750000000e-02
1.211547851562500000e-01
-3.045654296875000000e-02
-2.670898437500000000e-01
5.371093750000000000e-01
-5.374145507812500000e-02
-5.122070312500000000e-01
5.261718750000000000e+00
3.908691406250000000e-01
2.071533203125000000e-01
-2.482910156250000000e-01
-2.053222656250000000e-01
-7.158203125000000000e-01
4.377441406250000000e-01
-3.342285156250000000e-01
3.994140625000000000e-01
2.727050781250000000e-01
7.196044921875000000e-02
9.185791015625000000e-02
-6.100463867187500000e-02
-3.776855468750000000e-01
-7.843017578125000000e-02
5.221557617187500000e-02
2.447509765625000000e-01
-1.940429687500000000e+00
6.372070312500000000e-02
-1.478271484375000000e-01
1.162719726562500000e-01
4.678344726562500000e-02
2.531738281250000000e-01
-1.126098632812500000e-01
-3.635253906250000000e-01
7.360839843750000000e-02
-5.285644531250000000e-02
-9.600830078125000000e-02
1.645507812500000000e-01
-2.863769531250000000e-01
2.053222656250000000e-01
1.949462890625000000e-01
-1.669921875000000000e-01
-8.557128906250000000e-02
8.337402343750000000e-02
2.744140625000000000e-01
-6.033325195312500000e-02
1.472167968750000000e-01
1.098022460937500000e-01
4.879760742187500000e-02
1.645507812500000000e-01
3.854980468750000000e-01
-6.500244140625000000e-02
-1.501464843750000000e-01
8.551025390625000000e-02
2.039794921875000000e-01
-2.836914062500000000e-01
2.020263671875000000e-01
2.425537109375000000e-01
1.109619140625000000e-01
-4.626464843750000000e-01
6.340026855468750000e-03
2.370605468750000000e-01
1.515960693359375000e-02
-1.088867187500000000e-01
1.768798828125000000e-01
7.061767578125000000e-02
2.583007812500000000e-01
4.971313476562500000e-02
2.587890625000000000e-01
1.268768310546875000e-02
-3.032226562500000000e-01
-6.683349609375000000e-02
-1.070404052734375000e-02
-1.390380859375000000e-01
8.325195312500000000e-02
-2.864074707031250000e-02
-1.921386718750000000e-01
-2.893066406250000000e-01
-4.013671875000000000e-01
3.693847656250000000e-01
-2.802734375000000000e-01
-2.685546875000000000e-01
-3.474121093750000000e-01
-1.893310546875000000e-01
-9.741210937500000000e-02
4.672851562500000000e-01
-1.457519531250000000e-01
-4.982910156250000000e-01
1.381835937500000000e-01
-4.702148437500000000e-01
-3.073120117187500000e-02
-2.433776855468750000e-02
9.643554687500000000e-03
2.778320312500000000e-01
-6.848144531250000000e-02
-4.602050781250000000e-01
5.190429687500000000e-01
-2.318115234375000000e-01
-1.414794921875000000e-01
-3.530883789062500000e-02
-1.351928710937500000e-02
-1.461181640625000000e-01
-9.228515625000000000e-02
-1.142501831054687500e-03
-6.832122802734375000e-03
1.260986328125000000e-01
-5.065917968750000000e-02
-1.232910156250000000e-01
2.091064453125000000e-01
1.863098144531250000e-02
3.887939453125000000e-02
2.116699218750000000e-01
3.649902343750000000e-01
-2.551269531250000000e-01
3.847656250000000000e-01
-2.653808593750000000e-01
-3.933105468750000000e-01
-1.447753906250000000e-01
3.689575195312500000e-02
-1.106567382812500000e-01
-1.644287109375000000e-01
-1.506347656250000000e-01
-1.856994628906250000e-02
6.500244140625000000e-02
-4.995727539062500000e-02
2.042236328125000000e-01
-2.092285156250000000e-01
-2.218627929687500000e-02
-2.875976562500000000e-01
1.337890625000000000e-01
2.700195312500000000e-01
9.893798828125000000e-02
-9.411621093750000000e-02
-4.045410156250000000e-01
-1.695251464843750000e-02
-4.614257812500000000e-01
-3.342285156250000000e-01
-7.504882812500000000e-01
-3.293457031250000000e-01
8.819580078125000000e-02
8.384704589843750000e-03
1.950683593750000000e-01
1.822509765625000000e-01
-4.089355468750000000e-01
-4.482421875000000000e-01
1.240844726562500000e-01
2.685546875000000000e-01
-5.151367187500000000e-01
2.634277343750000000e-01
2.395019531250000000e-01
-1.094360351562500000e-01
1.898193359375000000e-01
-2.238769531250000000e-01
4.519653320312500000e-02
-1.959228515625000000e-01
-1.545410156250000000e-01
-5.043945312500000000e-01
-2.500000000000000000e-01
2.800292968750000000e-01
2.807617187500000000e-01
-3.658294677734375000e-03
5.249023437500000000e-01
1.846923828125000000e-01
2.154541015625000000e-02
1.936340332031250000e-02
-2.607421875000000000e-01
-3.181152343750000000e-01
-3.911132812500000000e-01
6.256103515625000000e-02
-5.358886718750000000e-02
-2.893066406250000000e-01
-2.606201171875000000e-02
8.026123046875000000e-02
4.890441894531250000e-03
7.385253906250000000e-02
-1.524658203125000000e-01
-1.218261718750000000e-01
-5.953979492187500000e-02
-2.993164062500000000e-01
-4.360961914062500000e-02
-1.346435546875000000e-01
-1.445312500000000000e-01
-3.603515625000000000e-01
-1.569824218750000000e-01
2.231445312500000000e-01
1.423339843750000000e-01
-5.175781250000000000e-01
3.247070312500000000e-01
5.911254882812500000e-02
-3.066406250000000000e-01
5.205078125000000000e-01
-3.388671875000000000e-01
-4.095458984375000000e-02
7.696533203125000000e-02
-5.014648437500000000e-01
-1.906738281250000000e-01
-3.012695312500000000e-01
2.409667968750000000e-01
-1.380615234375000000e-01
1.074829101562500000e-01
2.233886718750000000e-01
2.310791015625000000e-01
-1.995849609375000000e-01
-1.315917968750000000e-01
-1.864624023437500000e-02
1.488037109375000000e-01
7.963867187500000000e-01
-4.516601562500000000e-01
-2.907714843750000000e-01
