9.991455078125000000e-02
-3.369140625000000000e-01
1.028442382812500000e-01
1.262207031250000000e-01
-1.520996093750000000e-01
-8.102416992187500000e-03
2.114868164062500000e-02
-1.212890625000000000e+00
-3.769531250000000000e-01
5.493164062500000000e-01
-1.762695312500000000e-01
-6.378173828125000000e-02
-6.173706054687500000e-02
7.373046875000000000e-02
6.021118164062500000e-02
3.117675781250000000e-01
4.702148437500000000e-01
-2.338867187500000000e-01
-7.592773437500000000e-02
-6.445312500000000000e-02
3.435058593750000000e-01
1.049804687500000000e-01
2.846679687500000000e-01
9.344482421875000000e-02
-1.245727539062500000e-01
1.376953125000000000e-01
-2.775878906250000000e-01
6.365966796875000000e-02
-1.668701171875000000e-01
3.229980468750000000e-01
-1.529541015625000000e-01
-4.188537597656250000e-03
-1.117553710937500000e-01
8.312988281250000000e-02
3.078613281250000000e-01
2.277832031250000000e-01
2.961425781250000000e-01
1.229858398437500000e-01
-3.815917968750000000e-01
8.923339843750000000e-02
-3.896484375000000000e-01
2.250976562500000000e-01
4.067993164062500000e-02
2.308349609375000000e-01
2.381591796875000000e-01
1.650390625000000000e-01
-3.027343750000000000e-01
2.770996093750000000e-01
1.660156250000000000e-02
-2.912902832031250000e-02
3.161621093750000000e-01
-6.000976562500000000e-01
2.302551269531250000e-02
-8.343505859375000000e-02
3.408813476562500000e-02
6.988525390625000000e-02
-2.021484375000000000e-01
1.693115234375000000e-01
3.283691406250000000e-02
2.919921875000000000e-01
2.454833984375000000e-01
-1.445312500000000000e-01
5.786132812500000000e-01
6.646728515625000000e-02
1.277923583984375000e-02
1.159667968750000000e-02
-2.751464843750000000e-01
1.165771484375000000e-01
-1.723632812500000000e-01
-3.942871093750000000e-01
1.628417968750000000e-01
1.188964843750000000e-01
6.005859375000000000e-02
2.290344238281250000e-02
8.996582031250000000e-02
2.702713012695312500e-03
-8.215332031250000000e-02
1.737060546875000000e-01
1.499023437500000000e-01
-1.153564453125000000e-01
-1.646728515625000000e-01
2.429199218750000000e-01
-3.378906250000000000e-01
2.961425781250000000e-01
3.125000000000000000e-01
-2.551269531250000000e-01
7.385253906250000000e-02
-3.615722656250000000e-01
2.888183593750000000e-01
1.074218750000000000e-01
-1.325683593750000000e-01
-6.744384765625000000e-02
-1.549804687500000000e+00
6.225585937500000000e-01
-2.714843750000000000e-01
-4.179687500000000000e-01
2.167968750000000000e-01
3.947753906250000000e-01
1.420898437500000000e-01
-1.142883300781250000e-02
-1.606750488281250000e-02
7.543945312500000000e-02
4.931640625000000000e-01
-1.078491210937500000e-01
-5.325317382812500000e-02
1.494140625000000000e-01
1.710205078125000000e-01
4.943847656250000000e-02
-1.800537109375000000e-01
3.596191406250000000e-01
-1.006469726562500000e-01
-1.550292968750000000e-02
-2.880859375000000000e-01
6.726074218750000000e-02
3.415527343750000000e-01
-2.012939453125000000e-01
-2.573242187500000000e-01
-2.390136718750000000e-01
-1.204223632812500000e-01
6.140136718750000000e-02
3.427734375000000000e-01
-4.841308593750000000e-01
-2.578125000000000000e-01
6.524658203125000000e-02
2.622070312500000000e-01
-5.068359375000000000e-01
2.288818359375000000e-02
-1.082153320312500000e-01
2.498779296875000000e-01
4.611816406250000000e-01
3.561401367187500000e-02
6.118774414062500000e-02
4.531860351562500000e-02
6.289062500000000000e+00
-4.531860351562500000e-02
-1.846923828125000000e-01
-4.699707031250000000e-03
-2.739257812500000000e-01
2.266845703125000000e-01
-8.099365234375000000e-02
2.512207031250000000e-01
-2.446289062500000000e-01
-1.712646484375000000e-01
-2.696228027343750000e-02
-5.556640625000000000e-01
-8.087158203125000000e-02
-1.654052734375000000e-01
1.229248046875000000e-01
-3.247070312500000000e-01
-6.044921875000000000e-01
2.841796875000000000e-01
6.585693359375000000e-02
-5.239257812500000000e-01
-3.559570312500000000e-01
-2.062988281250000000e-01
-6.137847900390625000e-03
1.000366210937500000e-01
1.145019531250000000e-01
5.329132080078125000e-03
-3.146972656250000000e-01
-1.453857421875000000e-01
9.692382812500000000e-02
-7.514953613281250000e-03
-5.932617187500000000e-02
4.699707031250000000e-01
1.212310791015625000e-02
1.248779296875000000e-01
-3.552246093750000000e-01
-1.154327392578125000e-02
3.796386718750000000e-02
2.795410156250000000e-01
-3.741455078125000000e-02
2.770996093750000000e-02
3.536987304687500000e-02
-1.640625000000000000e-01
-1.577758789062500000e-02
-2.585449218750000000e-01
1.150512695312500000e-01
1.238403320312500000e-01
7.519531250000000000e-02
3.256835937500000000e-01
3.183593750000000000e-01
1.071777343750000000e-01
1.307373046875000000e-01
6.671142578125000000e-02
-1.695556640625000000e-01
2.912597656250000000e-01
-4.382324218750000000e-01
-6.335449218750000000e-02
2.839355468750000000e-01
-2.807617187500000000e-01
-3.664550781250000000e-01
3.494262695312500000e-02
-1.790771484375000000e-01
-3.562011718750000000e-01
1.030921936035156250e-03
-1.021575927734375000e-02
2.043457031250000000e-01
-4.645996093750000000e-01
-2.905273437500000000e-01
5.371093750000000000e-02
-7.942199707031250000e-03
7.446289062500000000e-02
1.335449218750000000e-01
-4.864501953125000000e-02
2.849121093750000000e-01
-5.172729492187500000e-02
-5.161132812500000000e-01
-9.191894531250000000e-02
-2.325439453125000000e-01
3.398437500000000000e-01
1.372070312500000000e-01
2.279052734375000000e-01
-5.661010742187500000e-02
-2.810058593750000000e-01
1.015625000000000000e-01
3.044128417968750000e-02
3.759765625000000000e-02
2.963867187500000000e-01
-2.433776855468750000e-02
-9.509277343750000000e-02
1.441650390625000000e-01
-8.789062500000000000e-02
-4.736328125000000000e-01
4.431152343750000000e-02
-2.237548828125000000e-01
2.850341796875000000e-02
4.693603515625000000e-02
-2.059326171875000000e-01
-2.187500000000000000e-01
2.680664062500000000e-01
1.634521484375000000e-01
2.895507812500000000e-01
3.129882812500000000e-01
-1.835937500000000000e-01
3.388671875000000000e-01
2.980957031250000000e-01
-1.372070312500000000e-01
-2.678222656250000000e-01
-7.824707031250000000e-02
1.182861328125000000e-01
2.651367187500000000e-01
5.214843750000000000e-01
-8.239746093750000000e-02
-3.059082031250000000e-01
-8.245849609375000000e-02
-2.919921875000000000e-01
-2.607421875000000000e-01
-2.426757812500000000e-01
-4.132080078125000000e-02
-2.707519531250000000e-01
-1.018066406250000000e-01
-3.442382812500000000e-01
6.533203125000000000e-01
-9.667968750000000000e-02
5.715942382812500000e-02
-2.321777343750000000e-01
6.567382812500000000e-02
1.176757812500000000e-01
1.613769531250000000e-01
-5.749511718750000000e-02
-1.649169921875000000e-01
1.457519531250000000e-01
-2.091064453125000000e-01
7.305908203125000000e-02
7.336425781250000000e-02
9.576416015625000000e-02
-5.190429687500000000e-01
-2.491455078125000000e-01
-9.313964843750000000e-02
7.678222656250000000e-02
9.753417968750000000e-02
1.853027343750000000e-01
1.593017578125000000e-01
1.687011718750000000e-01
5.163574218750000000e-02
1.505126953125000000e-01
2.330322265625000000e-01
-3.387451171875000000e-02
-7.287597656250000000e-02
2.805175781250000000e-01
1.061401367187500000e-01
2.061767578125000000e-01
1.582031250000000000e-01
3.366699218750000000e-01
3.146972656250000000e-01
1.893310546875000000e-01
1.017456054687500000e-01
-2.757263183593750000e-02
3.344726562500000000e-02
-5.270385742187500000e-02
1.925048828125000000e-01
2.093505859375000000e-02
3.139648437500000000e-01
-1.890869140625000000e-01
2.731933593750000000e-01
-3.205566406250000000e-01
-1.909179687500000000e-01
1.397705078125000000e-01
6.420898437500000000e-02
3.320312500000000000e-01
1.663818359375000000e-01
1.715087890625000000e-01
-2.111816406250000000e-01
-4.377441406250000000e-01
-1.861572265625000000e-01
-7.397460937500000000e-02
4.467773437500000000e-02
-9.423828125000000000e-02
2.172851562500000000e-01
3.354492187500000000e-01
7.153320312500000000e-02
6.277343750000000000e+00
3.391113281250000000e-01
2.526855468750000000e-02
1.063842773437500000e-01
4.931640625000000000e-02
1.083374023437500000e-01
3.566894531250000000e-01
8.447265625000000000e-02
4.670410156250000000e-01
3.630371093750000000e-01
1.395263671875000000e-01
1.451416015625000000e-01
4.477539062500000000e-01
2.917480468750000000e-01
7.995605468750000000e-02
-3.234863281250000000e-01
2.302246093750000000e-01
-2.066406250000000000e+00
-1.475830078125000000e-01
2.543945312500000000e-01
7.550048828125000000e-02
6.774902343750000000e-02
4.367065429687500000e-02
-8.856201171875000000e-02
2.789306640625000000e-02
8.264160156250000000e-02
-7.983398437500000000e-02
-1.372070312500000000e-01
1.678466796875000000e-01
1.420898437500000000e-01
-2.841796875000000000e-01
-1.097412109375000000e-01
4.118652343750000000e-01
-5.813598632812500000e-03
-1.599121093750000000e-01
-1.287841796875000000e-01
-6.610107421875000000e-02
-8.374023437500000000e-02
-4.055786132812500000e-02
1.904296875000000000e-01
-9.661865234375000000e-02
1.827392578125000000e-01
2.253417968750000000e-01
4.467773437500000000e-01
-1.781005859375000000e-01
3.894042968750000000e-02
-1.733398437500000000e-01
-2.047119140625000000e-01
3.417968750000000000e-01
-3.128051757812500000e-02
-4.537963867187500000e-02
3.007812500000000000e-01
3.640136718750000000e-01
-7.926940917968750000e-03
-1.062011718750000000e-01
2.087402343750000000e-02
1.649169921875000000e-01
-6.878662109375000000e-02
2.456665039062500000e-02
7.818603515625000000e-02
1.411132812500000000e-01
5.761718750000000000e-01
-1.062011718750000000e-01
-1.742553710937500000e-02
-1.860351562500000000e-01
1.458740234375000000e-01
-4.221191406250000000e-01
1.508789062500000000e-01
-3.825683593750000000e-01
-1.552734375000000000e-01
1.428222656250000000e-01
2.835083007812500000e-02
-3.913574218750000000e-01
-1.876220703125000000e-01
2.203369140625000000e-01
-1.451416015625000000e-01
1.270751953125000000e-01
-1.336669921875000000e-01
-3.483886718750000000e-01
-1.224365234375000000e-01
-3.884277343750000000e-01
-1.064453125000000000e-01
1.920166015625000000e-01
2.185058593750000000e-01
-1.428222656250000000e-02
7.141113281250000000e-02
-3.320312500000000000e-01
7.089843750000000000e-01
1.749267578125000000e-01
-1.026611328125000000e-01
3.029785156250000000e-01
-3.395996093750000000e-01
3.189086914062500000e-03
1.959228515625000000e-01
1.962890625000000000e-01
-1.936035156250000000e-01
3.688964843750000000e-01
-4.326171875000000000e-01
3.957519531250000000e-01
1.362304687500000000e-01
-1.506347656250000000e-01
3.391113281250000000e-01
-4.040527343750000000e-02
3.115844726562500000e-02
-2.709960937500000000e-02
-2.937011718750000000e-01
1.131591796875000000e-01
-1.072387695312500000e-01
7.653808593750000000e-02
-7.946777343750000000e-02
5.917358398437500000e-02
-4.150390625000000000e-01
2.482910156250000000e-01
8.575439453125000000e-02
-9.558105468750000000e-02
2.578125000000000000e-01
2.048339843750000000e-01
2.934570312500000000e-01
-3.125000000000000000e-01
-8.978271484375000000e-02
-6.524658203125000000e-02
-1.209106445312500000e-01
1.326751708984375000e-02
1.878662109375000000e-01
-3.015136718750000000e-01
-2.059326171875000000e-01
-4.716796875000000000e-01
-2.319335937500000000e-02
-6.103515625000000000e-03
3.752441406250000000e-01
-7.214355468750000000e-02
1.455078125000000000e-01
3.254394531250000000e-01
2.291259765625000000e-01
-6.054687500000000000e-02
-5.960083007812500000e-02
3.327636718750000000e-01
2.521972656250000000e-01
-3.909301757812500000e-02
1.553955078125000000e-01
-1.282958984375000000e-01
-3.641843795776367188e-05
7.031250000000000000e-02
-3.095703125000000000e-01
-1.835937500000000000e-01
-1.153564453125000000e-01
5.087890625000000000e-01
-2.077636718750000000e-01
5.676269531250000000e-02
-1.131439208984375000e-02
2.741699218750000000e-01
5.676269531250000000e-02
2.438964843750000000e-01
-5.746459960937500000e-02
-3.911132812500000000e-01
4.956054687500000000e-02
-2.539062500000000000e-01
-7.305908203125000000e-02
-9.796142578125000000e-02
-2.673339843750000000e-01
5.107421875000000000e-01
-3.588867187500000000e-01
1.757812500000000000e-01
1.188354492187500000e-01
9.545898437500000000e-02
3.947753906250000000e-01
3.576660156250000000e-01
7.659912109375000000e-02
-3.126144409179687500e-03
-4.223632812500000000e-01
2.196044921875000000e-01
-2.679443359375000000e-02
-2.380371093750000000e-01
3.149414062500000000e-02
1.837158203125000000e-02
1.864013671875000000e-01
-1.147460937500000000e-02
-2.778625488281250000e-02
3.173828125000000000e-02
6.634521484375000000e-02
-1.820373535156250000e-02
8.032226562500000000e-01
-9.941101074218750000e-03
-3.139495849609375000e-03
1.971435546875000000e-01
3.134765625000000000e-01
-9.414672851562500000e-03
-1.038208007812500000e-01
4.206542968750000000e-01
-3.851318359375000000e-02
2.700195312500000000e-01
2.553710937500000000e-01
-1.429443359375000000e-01
-1.461181640625000000e-01
-2.519531250000000000e-01
-3.703613281250000000e-01
-9.460449218750000000e-02
-1.340332031250000000e-01
-2.298583984375000000e-01
2.570800781250000000e-01
