-1.617431640625000000e-01
1.566162109375000000e-01
-2.874755859375000000e-02
-3.948974609375000000e-02
3.741455078125000000e-02
-1.331787109375000000e-01
-1.916503906250000000e-01
-8.232421875000000000e-01
-1.551513671875000000e-01
1.257324218750000000e-01
1.184692382812500000e-01
-2.298583984375000000e-01
5.407714843750000000e-02
-3.200683593750000000e-01
1.579284667968750000e-03
3.244628906250000000e-01
2.232666015625000000e-01
5.578613281250000000e-02
-4.731445312500000000e-01
1.020507812500000000e-01
3.564357757568359375e-05
-1.425781250000000000e-01
2.024841308593750000e-02
-2.929687500000000000e-02
-2.976074218750000000e-01
1.137084960937500000e-01
-2.407226562500000000e-01
2.178955078125000000e-01
2.124023437500000000e-02
2.150878906250000000e-01
-4.104003906250000000e-01
-1.242675781250000000e-01
-1.738281250000000000e-01
9.747314453125000000e-02
-4.516601562500000000e-01
2.829589843750000000e-01
2.861022949218750000e-02
-7.165527343750000000e-02
-4.367675781250000000e-01
3.979492187500000000e-02
1.361083984375000000e-01
5.409240722656250000e-03
-1.137695312500000000e-01
-9.356689453125000000e-02
4.584960937500000000e-01
2.690429687500000000e-01
2.722167968750000000e-01
1.794433593750000000e-02
4.592895507812500000e-02
-9.863281250000000000e-02
1.776123046875000000e-01
-1.669921875000000000e-01
1.911926269531250000e-02
1.389160156250000000e-01
-3.662109375000000000e-01
-3.227539062500000000e-01
-3.900146484375000000e-02
-8.514404296875000000e-03
-2.000732421875000000e-01
6.811523437500000000e-02
1.430664062500000000e-01
-1.848144531250000000e-01
1.966857910156250000e-02
5.975341796875000000e-02
2.126464843750000000e-01
-1.106567382812500000e-01
4.458007812500000000e-01
-3.302001953125000000e-02
4.223632812500000000e-02
-3.994140625000000000e-01
-2.165222167968750000e-02
-8.148193359375000000e-03
-1.828613281250000000e-01
4.709472656250000000e-01
1.672363281250000000e-01
-5.862426757812500000e-02
2.183837890625000000e-01
-3.182983398437500000e-02
2.183837890625000000e-01
-3.007812500000000000e-01
-5.239257812500000000e-01
-2.462158203125000000e-01
2.071533203125000000e-01
1.260986328125000000e-01
2.117919921875000000e-01
5.996704101562500000e-02
2.122802734375000000e-01
-2.751464843750000000e-01
-2.203369140625000000e-01
6.317138671875000000e-02
1.066284179687500000e-01
-3.110351562500000000e-01
-1.309570312500000000e+00
3.356933593750000000e-01
-1.765136718750000000e-01
9.558105468750000000e-02
3.652343750000000000e-01
3.796386718750000000e-01
7.153320312500000000e-02
-3.344726562500000000e-01
2.197265625000000000e-01
3.830566406250000000e-01
3.923339843750000000e-01
4.290771484375000000e-02
-2.795410156250000000e-01
3.073730468750000000e-01
2.089843750000000000e-01
-8.251953125000000000e-02
-3.359375000000000000e-01
-3.703613281250000000e-01
-6.021118164062500000e-02
-4.394531250000000000e-03
3.567504882812500000e-02
-2.682495117187500000e-02
1.511573791503906250e-03
-2.492675781250000000e-01
2.949218750000000000e-01
2.351074218750000000e-01
3.076171875000000000e-01
4.333496093750000000e-02
4.816894531250000000e-01
-5.161132812500000000e-01
-3.994750976562500000e-02
1.216430664062500000e-01
-4.873657226562500000e-02
-3.029785156250000000e-01
1.998291015625000000e-01
-4.462890625000000000e-01
2.531738281250000000e-01
5.805664062500000000e-01
1.119995117187500000e-01
3.237304687500000000e-01
-1.939697265625000000e-01
5.601562500000000000e+00
-1.425781250000000000e-01
4.635620117187500000e-02
-1.486816406250000000e-01
-2.583007812500000000e-01
-1.238822937011718750e-03
-1.144409179687500000e-01
-3.757324218750000000e-01
-2.666015625000000000e-01
-1.687011718750000000e-01
4.680175781250000000e-01
-6.801757812500000000e-01
-2.279052734375000000e-01
-1.253662109375000000e-01
-5.922851562500000000e-01
-6.323242187500000000e-02
-1.301269531250000000e-01
-1.370849609375000000e-01
1.134643554687500000e-01
-8.514404296875000000e-02
2.419433593750000000e-01
1.002197265625000000e-01
-1.108398437500000000e-01
1.859130859375000000e-01
-6.054687500000000000e-02
1.912841796875000000e-01
9.423828125000000000e-02
-3.024902343750000000e-01
-1.402587890625000000e-01
1.860351562500000000e-01
1.231689453125000000e-01
-1.029663085937500000e-01
1.738281250000000000e-01
1.155395507812500000e-01
-5.039062500000000000e-01
5.343627929687500000e-02
-1.602172851562500000e-02
1.422119140625000000e-01
-6.671142578125000000e-02
4.370117187500000000e-01
3.706054687500000000e-01
-5.429687500000000000e-01
7.165527343750000000e-02
-3.034973144531250000e-02
-6.268310546875000000e-02
-2.537536621093750000e-02
-1.078033447265625000e-02
1.315917968750000000e-01
3.547363281250000000e-01
-8.209228515625000000e-02
-6.357421875000000000e-01
-5.816650390625000000e-02
2.731933593750000000e-01
1.739501953125000000e-01
-1.899414062500000000e-01
2.756347656250000000e-01
4.663085937500000000e-02
1.113281250000000000e-01
2.292480468750000000e-01
1.943969726562500000e-02
-1.222534179687500000e-01
-1.447753906250000000e-01
1.925659179687500000e-02
4.086914062500000000e-01
7.812500000000000000e-02
-3.637695312500000000e-01
-2.568359375000000000e-01
-3.305664062500000000e-01
-2.351379394531250000e-02
3.442764282226562500e-03
2.139892578125000000e-01
2.895507812500000000e-01
2.807617187500000000e-01
-3.161621093750000000e-01
7.476806640625000000e-02
5.212402343750000000e-02
-1.732177734375000000e-01
7.070312500000000000e-01
3.500976562500000000e-01
2.358398437500000000e-01
-3.332519531250000000e-01
-3.137207031250000000e-02
-1.097106933593750000e-02
1.927490234375000000e-01
-1.669921875000000000e-01
1.778564453125000000e-01
-1.959228515625000000e-01
-2.382812500000000000e-01
1.006469726562500000e-01
-1.591796875000000000e-01
-4.391479492187500000e-02
1.070556640625000000e-01
-1.894531250000000000e-01
1.866455078125000000e-01
2.313232421875000000e-01
1.295471191406250000e-02
-1.424560546875000000e-01
-4.011230468750000000e-01
1.977539062500000000e-01
-6.262207031250000000e-02
-7.946777343750000000e-02
-2.384033203125000000e-01
3.649902343750000000e-01
1.755371093750000000e-01
1.037597656250000000e-01
-5.352783203125000000e-02
-3.066406250000000000e-01
-1.260986328125000000e-01
1.119384765625000000e-01
2.479248046875000000e-01
2.413940429687500000e-02
2.149658203125000000e-01
2.194824218750000000e-01
-3.237915039062500000e-02
-2.249755859375000000e-01
3.457641601562500000e-02
-9.106445312500000000e-02
-8.935546875000000000e-02
4.467773437500000000e-02
3.654785156250000000e-01
-2.857971191406250000e-02
-1.555175781250000000e-01
7.885742187500000000e-02
3.775024414062500000e-02
-2.171325683593750000e-02
-1.478271484375000000e-01
2.426757812500000000e-01
-2.116699218750000000e-01
-1.129760742187500000e-01
5.800781250000000000e-01
-4.547119140625000000e-02
-1.633300781250000000e-01
-5.693359375000000000e-01
1.997375488281250000e-02
-2.291259765625000000e-01
-5.099487304687500000e-02
-2.432861328125000000e-01
9.576416015625000000e-02
-3.608398437500000000e-01
-1.445312500000000000e-01
-2.761230468750000000e-01
-4.006347656250000000e-01
1.645507812500000000e-01
1.200561523437500000e-01
2.595214843750000000e-01
3.488769531250000000e-01
-6.061553955078125000e-03
5.180664062500000000e-01
-3.098144531250000000e-01
-4.421997070312500000e-02
3.759765625000000000e-01
3.554687500000000000e-01
-2.436828613281250000e-02
-4.428100585937500000e-02
-1.851806640625000000e-01
6.093750000000000000e-01
2.327880859375000000e-01
-1.974105834960937500e-03
-2.770996093750000000e-01
4.172363281250000000e-01
2.128906250000000000e-01
1.387939453125000000e-01
-1.729736328125000000e-01
-4.829101562500000000e-01
-4.153442382812500000e-02
-3.769531250000000000e-01
-1.152038574218750000e-03
-1.433105468750000000e-01
-8.642578125000000000e-02
-1.770019531250000000e-01
2.756347656250000000e-01
3.332519531250000000e-01
5.865478515625000000e-02
-1.612854003906250000e-02
4.208374023437500000e-02
-1.323242187500000000e-01
-1.414794921875000000e-01
-1.982116699218750000e-02
3.039550781250000000e-01
5.601562500000000000e+00
1.858520507812500000e-02
-2.071533203125000000e-01
7.196044921875000000e-02
3.398437500000000000e-01
3.249511718750000000e-01
1.457519531250000000e-01
-1.647949218750000000e-01
4.470825195312500000e-02
5.004882812500000000e-01
1.173095703125000000e-01
-2.419433593750000000e-01
3.781127929687500000e-02
-5.398559570312500000e-02
-1.383209228515625000e-02
4.809570312500000000e-02
2.327880859375000000e-01
-1.650390625000000000e+00
5.615234375000000000e-03
6.176757812500000000e-01
3.842163085937500000e-02
-1.411132812500000000e-01
-2.467041015625000000e-01
4.238891601562500000e-02
2.003173828125000000e-01
3.028869628906250000e-02
1.738281250000000000e-01
3.864746093750000000e-01
2.025146484375000000e-01
2.337646484375000000e-01
5.849609375000000000e-01
8.773803710937500000e-03
-7.057189941406250000e-03
2.802734375000000000e-01
2.413330078125000000e-01
6.796875000000000000e-01
-1.383056640625000000e-01
-4.204101562500000000e-01
1.964111328125000000e-01
-1.120605468750000000e-01
-1.778564453125000000e-01
1.673583984375000000e-01
-2.634277343750000000e-01
-4.180908203125000000e-02
-4.396972656250000000e-01
4.302978515625000000e-02
4.595947265625000000e-02
1.522216796875000000e-01
-2.363281250000000000e-01
6.225585937500000000e-02
2.279052734375000000e-01
1.213378906250000000e-01
-6.463623046875000000e-02
-6.298828125000000000e-01
1.172485351562500000e-01
4.614257812500000000e-02
-8.093261718750000000e-02
-2.261962890625000000e-01
1.137084960937500000e-01
-1.762695312500000000e-01
8.166503906250000000e-02
3.076171875000000000e-02
-9.204101562500000000e-02
-9.246826171875000000e-03
-2.597045898437500000e-02
-1.822509765625000000e-01
-3.337402343750000000e-01
2.244949340820312500e-03
-1.811523437500000000e-01
1.017456054687500000e-01
3.393554687500000000e-01
-1.727294921875000000e-02
1.550292968750000000e-01
1.045227050781250000e-02
-7.562255859375000000e-02
-6.652832031250000000e-02
-4.228515625000000000e-01
1.806640625000000000e-01
-7.324218750000000000e-02
2.445068359375000000e-01
-5.853271484375000000e-02
-3.291015625000000000e-01
4.031372070312500000e-02
5.253906250000000000e-01
-8.819580078125000000e-02
-1.121826171875000000e-01
-5.034179687500000000e-01
3.820800781250000000e-01
3.908691406250000000e-01
-2.880859375000000000e-01
3.361816406250000000e-01
-1.290283203125000000e-01
-5.805664062500000000e-01
1.687011718750000000e-01
2.033691406250000000e-01
1.816406250000000000e-01
-2.183837890625000000e-01
3.094482421875000000e-02
2.607421875000000000e-01
2.512207031250000000e-01
7.788085937500000000e-02
3.583984375000000000e-01
1.315917968750000000e-01
1.168212890625000000e-01
-3.208007812500000000e-01
-3.464355468750000000e-01
-1.173095703125000000e-01
-3.634643554687500000e-02
4.843139648437500000e-02
8.759498596191406250e-04
-1.267089843750000000e-01
-1.809082031250000000e-01
1.231689453125000000e-01
-2.519531250000000000e-01
-1.905822753906250000e-02
-4.003906250000000000e-01
-3.302001953125000000e-02
2.093505859375000000e-01
-5.197143554687500000e-02
1.023559570312500000e-01
-6.002807617187500000e-02
1.238403320312500000e-01
1.915283203125000000e-01
2.098083496093750000e-02
2.386474609375000000e-01
-1.700439453125000000e-01
-2.998046875000000000e-01
1.936035156250000000e-01
-1.013793945312500000e-01
8.715820312500000000e-02
-1.132812500000000000e-01
-2.229003906250000000e-01
2.768554687500000000e-01
3.239746093750000000e-01
-1.933593750000000000e-01
-5.771484375000000000e-01
-4.272460937500000000e-02
3.779296875000000000e-01
-1.437988281250000000e-01
-1.026000976562500000e-01
4.426269531250000000e-01
3.496093750000000000e-01
-4.119873046875000000e-02
3.688964843750000000e-01
2.722167968750000000e-01
3.039550781250000000e-01
6.192016601562500000e-02
3.588867187500000000e-01
1.181030273437500000e-01
2.276611328125000000e-01
4.074707031250000000e-01
-6.994628906250000000e-02
4.541015625000000000e-01
6.585693359375000000e-02
-1.875000000000000000e-01
-2.871093750000000000e-01
1.843261718750000000e-01
4.050292968750000000e-01
2.470397949218750000e-02
-3.779296875000000000e-01
1.589355468750000000e-01
-4.928588867187500000e-02
-1.888427734375000000e-01
1.348876953125000000e-01
1.573486328125000000e-01
3.801269531250000000e-01
-1.520996093750000000e-01
2.543945312500000000e-01
2.746582031250000000e-01
-6.176757812500000000e-01
9.124755859375000000e-03
1.640625000000000000e-01
1.386718750000000000e-01
1.794433593750000000e-01
-6.555175781250000000e-02
-1.129150390625000000e-02
-5.065917968750000000e-02
-9.179687500000000000e-02
1.697998046875000000e-01
-3.032226562500000000e-01
-6.726074218750000000e-02
1.107421875000000000e+00
3.845214843750000000e-01
-3.544921875000000000e-01
8.111572265625000000e-02
2.389526367187500000e-02
8.489990234375000000e-02
-9.346008300781250000e-03
-1.710205078125000000e-01
2.421875000000000000e-01
1.512451171875000000e-01
2.280273437500000000e-01
6.393432617187500000e-03
2.724609375000000000e-01
-2.819824218750000000e-01
3.068847656250000000e-01
-5.283355712890625000e-03
-3.928222656250000000e-01
-4.228515625000000000e-01
-1.230468750000000000e-01
