9.136962890625000000e-02
-1.335449218750000000e-01
1.297607421875000000e-01
1.760253906250000000e-01
-6.093750000000000000e-01
9.472656250000000000e-02
-1.147460937500000000e-01
-8.984375000000000000e-01
-1.495361328125000000e-01
3.669433593750000000e-01
-9.185791015625000000e-02
-2.254638671875000000e-01
-1.083374023437500000e-01
-7.330322265625000000e-02
4.548339843750000000e-01
4.370117187500000000e-01
2.941894531250000000e-01
2.216796875000000000e-01
-3.259277343750000000e-01
2.387695312500000000e-01
5.156250000000000000e-01
-1.068725585937500000e-01
-1.157226562500000000e-01
4.101562500000000000e-02
-1.354980468750000000e-01
-1.269531250000000000e-01
-2.773437500000000000e-01
9.666442871093750000e-03
-1.397705078125000000e-01
1.291503906250000000e-01
-6.695556640625000000e-02
-2.957153320312500000e-02
-3.588867187500000000e-01
1.356201171875000000e-01
-2.932128906250000000e-01
1.467285156250000000e-01
-2.393798828125000000e-01
7.226562500000000000e-01
9.887695312500000000e-02
1.352539062500000000e-01
7.440185546875000000e-02
-2.396240234375000000e-01
-2.905273437500000000e-01
-9.606933593750000000e-02
7.977294921875000000e-02
2.426757812500000000e-01
-2.153320312500000000e-01
-2.136230468750000000e-02
1.707458496093750000e-02
2.072753906250000000e-01
2.469482421875000000e-01
2.824401855468750000e-02
3.498535156250000000e-01
-2.875976562500000000e-01
1.213836669921875000e-02
-7.211914062500000000e-01
2.110595703125000000e-01
1.944580078125000000e-01
-9.649658203125000000e-02
-3.643798828125000000e-02
3.437500000000000000e-01
-4.228515625000000000e-01
-3.178710937500000000e-01
-9.472656250000000000e-02
-2.390136718750000000e-01
-1.613769531250000000e-01
5.310058593750000000e-02
3.173828125000000000e-01
-4.479980468750000000e-01
-9.185791015625000000e-02
1.826171875000000000e-01
-1.364746093750000000e-01
9.039306640625000000e-02
3.522949218750000000e-01
-2.492675781250000000e-01
-4.038085937500000000e-01
2.279052734375000000e-01
5.917968750000000000e-01
-1.164550781250000000e-01
-8.807373046875000000e-02
-2.553710937500000000e-01
1.497802734375000000e-01
-1.968994140625000000e-01
6.064453125000000000e-01
-3.837890625000000000e-01
-8.703613281250000000e-02
3.182983398437500000e-02
-3.242187500000000000e-01
7.214355468750000000e-02
-2.177429199218750000e-02
-8.532714843750000000e-02
1.304931640625000000e-01
-1.412109375000000000e+00
6.499023437500000000e-01
2.224121093750000000e-01
-6.005859375000000000e-02
6.088256835937500000e-02
1.215820312500000000e-01
1.248168945312500000e-01
-2.021484375000000000e-01
2.915039062500000000e-01
-1.216430664062500000e-01
2.927246093750000000e-01
-1.679687500000000000e-01
-2.878417968750000000e-01
1.126098632812500000e-02
4.486083984375000000e-02
-2.510070800781250000e-02
2.396240234375000000e-01
-4.499511718750000000e-01
3.335571289062500000e-02
-7.400512695312500000e-03
-3.256835937500000000e-01
2.614746093750000000e-01
4.919433593750000000e-02
-6.866455078125000000e-02
-1.968994140625000000e-01
3.762207031250000000e-01
1.959228515625000000e-01
3.018188476562500000e-02
-3.524780273437500000e-02
-4.079589843750000000e-01
-1.098632812500000000e-01
-1.306152343750000000e-01
7.348632812500000000e-02
-2.504882812500000000e-01
-1.275634765625000000e-01
-9.600830078125000000e-02
2.369384765625000000e-01
1.157226562500000000e-01
-8.459472656250000000e-02
-3.029785156250000000e-01
1.198120117187500000e-01
5.750000000000000000e+00
1.298828125000000000e-01
-2.519531250000000000e-01
2.285156250000000000e-01
-3.818359375000000000e-01
-1.820068359375000000e-01
-4.934692382812500000e-02
-9.851074218750000000e-02
-3.007507324218750000e-02
4.742431640625000000e-02
5.673828125000000000e-01
-3.293457031250000000e-01
7.220458984375000000e-02
2.396240234375000000e-01
-6.738281250000000000e-02
-4.549026489257812500e-04
-2.893066406250000000e-01
2.531738281250000000e-01
-9.204101562500000000e-02
-3.958129882812500000e-02
1.431884765625000000e-01
-1.740722656250000000e-01
-1.907958984375000000e-01
-4.638671875000000000e-01
-7.910156250000000000e-02
-2.364501953125000000e-01
1.004028320312500000e-01
-4.953002929687500000e-02
-1.932373046875000000e-01
1.894531250000000000e-01
-2.636718750000000000e-01
-1.302490234375000000e-01
-3.278808593750000000e-01
1.213378906250000000e-01
6.506347656250000000e-02
-2.032470703125000000e-01
7.250976562500000000e-02
1.525878906250000000e-01
-1.121826171875000000e-01
1.190795898437500000e-01
9.112548828125000000e-02
-1.879882812500000000e-01
4.233398437500000000e-01
-4.525756835937500000e-02
1.098632812500000000e-01
-2.021789550781250000e-02
1.315917968750000000e-01
1.589355468750000000e-01
4.995117187500000000e-01
-3.764648437500000000e-01
-2.293701171875000000e-01
-1.164550781250000000e-01
-1.192016601562500000e-01
1.485595703125000000e-01
1.542968750000000000e-01
-3.305664062500000000e-01
-1.347656250000000000e-01
-2.335205078125000000e-01
1.794433593750000000e-01
-6.335449218750000000e-02
-4.299926757812500000e-02
-2.785644531250000000e-01
4.122924804687500000e-02
-7.995605468750000000e-03
3.708496093750000000e-01
2.043457031250000000e-01
-7.269287109375000000e-02
5.611419677734375000e-03
-8.575439453125000000e-02
8.407592773437500000e-03
2.183837890625000000e-01
-3.242187500000000000e-01
-3.503417968750000000e-02
6.143188476562500000e-02
-4.152832031250000000e-01
-3.869628906250000000e-01
-3.007812500000000000e-01
4.416503906250000000e-01
1.330566406250000000e-01
-1.510009765625000000e-01
7.177734375000000000e-02
9.118652343750000000e-02
1.084594726562500000e-01
-1.593017578125000000e-01
-1.107025146484375000e-02
-1.391601562500000000e-01
1.178588867187500000e-01
-1.740722656250000000e-01
-5.166625976562500000e-02
8.325195312500000000e-02
-4.370117187500000000e-01
2.169799804687500000e-02
-2.739257812500000000e-01
-4.421997070312500000e-02
-4.897460937500000000e-01
-7.934570312500000000e-02
-1.673583984375000000e-01
3.217773437500000000e-01
1.590576171875000000e-01
1.656494140625000000e-01
-1.293945312500000000e-01
1.243286132812500000e-01
1.243286132812500000e-01
-3.547363281250000000e-01
2.032470703125000000e-02
-3.159179687500000000e-01
-2.136230468750000000e-01
-1.477050781250000000e-01
3.459472656250000000e-01
-1.959228515625000000e-01
-2.561035156250000000e-01
1.296386718750000000e-01
-1.032714843750000000e-01
-2.276611328125000000e-01
9.271240234375000000e-02
2.045898437500000000e-01
-3.122558593750000000e-01
-1.877441406250000000e-01
2.666015625000000000e-01
5.184936523437500000e-02
1.612854003906250000e-02
-2.729492187500000000e-01
1.152343750000000000e-01
2.349853515625000000e-01
3.546142578125000000e-02
2.691650390625000000e-02
2.563476562500000000e-01
1.582031250000000000e-01
-1.706542968750000000e-01
-2.885742187500000000e-01
3.909301757812500000e-02
1.794433593750000000e-01
1.123046875000000000e-01
-8.197021484375000000e-02
1.846313476562500000e-02
-1.795654296875000000e-01
2.443847656250000000e-01
6.774902343750000000e-02
-1.343994140625000000e-01
8.776855468750000000e-02
1.297607421875000000e-01
1.486816406250000000e-01
-8.972167968750000000e-02
-2.281188964843750000e-02
1.413574218750000000e-01
-1.180419921875000000e-01
1.447753906250000000e-01
5.097656250000000000e-01
1.317138671875000000e-01
1.887207031250000000e-01
6.585693359375000000e-02
1.468505859375000000e-01
4.974365234375000000e-02
1.199340820312500000e-01
2.414550781250000000e-01
1.466064453125000000e-01
-2.631835937500000000e-01
1.052246093750000000e-01
-1.006469726562500000e-01
1.575927734375000000e-01
2.966308593750000000e-02
-1.926269531250000000e-01
3.127441406250000000e-01
-4.816894531250000000e-01
-4.465332031250000000e-01
2.946472167968750000e-02
4.821777343750000000e-02
-1.593017578125000000e-01
-2.561950683593750000e-02
5.368041992187500000e-02
-4.892578125000000000e-01
-3.247070312500000000e-01
-8.508300781250000000e-02
-5.792236328125000000e-02
3.344726562500000000e-01
-1.257324218750000000e-01
-3.605957031250000000e-01
1.627197265625000000e-01
5.053710937500000000e-01
5.746093750000000000e+00
1.442871093750000000e-01
-9.930419921875000000e-02
1.648902893066406250e-03
1.990966796875000000e-01
-2.663574218750000000e-01
5.664062500000000000e-02
-1.914062500000000000e-01
8.624267578125000000e-02
5.791015625000000000e-01
1.416015625000000000e-01
-2.095947265625000000e-01
8.807373046875000000e-02
-5.593872070312500000e-02
9.729003906250000000e-02
1.958007812500000000e-01
2.684020996093750000e-02
-1.662109375000000000e+00
3.046875000000000000e-01
-1.394653320312500000e-02
-7.440185546875000000e-02
2.292480468750000000e-01
-2.844238281250000000e-01
1.367187500000000000e-01
-4.574584960937500000e-02
3.828125000000000000e-01
2.636718750000000000e-01
5.999755859375000000e-02
-3.387451171875000000e-02
9.252929687500000000e-02
-2.388000488281250000e-02
-1.683349609375000000e-01
2.229003906250000000e-01
-7.238769531250000000e-02
2.751464843750000000e-01
1.193847656250000000e-01
8.782958984375000000e-02
1.120605468750000000e-01
-1.413574218750000000e-01
3.469238281250000000e-01
1.801757812500000000e-01
-2.972412109375000000e-02
1.293945312500000000e-01
2.124023437500000000e-02
-1.645507812500000000e-01
3.276367187500000000e-01
2.288818359375000000e-01
6.860351562500000000e-01
1.864013671875000000e-01
3.405761718750000000e-01
-8.709716796875000000e-02
-2.756347656250000000e-01
9.020996093750000000e-02
-3.200683593750000000e-01
8.007812500000000000e-02
1.200561523437500000e-01
-4.240722656250000000e-01
-8.923339843750000000e-02
-4.895019531250000000e-01
-2.675781250000000000e-01
-2.595214843750000000e-01
1.252441406250000000e-01
-2.941894531250000000e-01
-8.856201171875000000e-02
-1.889648437500000000e-01
1.837158203125000000e-01
1.309814453125000000e-01
-1.778564453125000000e-01
-8.209228515625000000e-02
7.849121093750000000e-02
3.195800781250000000e-01
-3.803710937500000000e-01
1.148071289062500000e-01
-8.526611328125000000e-02
2.568359375000000000e-01
-2.368164062500000000e-01
-2.890625000000000000e-01
1.195068359375000000e-01
-3.488769531250000000e-01
1.364746093750000000e-01
5.148315429687500000e-02
-3.311157226562500000e-02
-3.471679687500000000e-01
2.451171875000000000e-01
2.944335937500000000e-01
3.320312500000000000e-02
1.267089843750000000e-01
3.317871093750000000e-01
-4.514160156250000000e-01
1.514892578125000000e-01
-1.701354980468750000e-02
8.703613281250000000e-02
-1.726074218750000000e-01
2.448730468750000000e-01
4.221191406250000000e-01
3.378906250000000000e-01
4.868164062500000000e-01
-5.535888671875000000e-02
-3.427734375000000000e-01
2.390136718750000000e-01
-1.668701171875000000e-01
1.290893554687500000e-02
1.926269531250000000e-01
-1.972656250000000000e-01
-2.033233642578125000e-03
-5.693359375000000000e-01
9.423828125000000000e-02
1.276855468750000000e-01
2.673339843750000000e-02
-3.154296875000000000e-01
-1.643066406250000000e-01
-6.132812500000000000e-01
-7.049560546875000000e-02
3.634643554687500000e-02
2.194824218750000000e-01
-1.189575195312500000e-01
2.144775390625000000e-01
2.700195312500000000e-01
-3.791503906250000000e-01
-2.042236328125000000e-01
-1.624755859375000000e-01
-6.933593750000000000e-02
6.707763671875000000e-02
7.014274597167968750e-04
-6.157226562500000000e-01
4.414062500000000000e-01
-5.664062500000000000e-01
1.264953613281250000e-02
2.290039062500000000e-01
1.088867187500000000e-01
-1.041259765625000000e-01
-3.723144531250000000e-01
1.276855468750000000e-01
4.687500000000000000e-02
-5.449218750000000000e-01
-5.375976562500000000e-01
3.281250000000000000e-01
1.394042968750000000e-01
-2.471923828125000000e-01
-1.813964843750000000e-01
5.341796875000000000e-01
9.942626953125000000e-02
-1.118774414062500000e-01
5.850219726562500000e-02
-1.623535156250000000e-01
-6.640625000000000000e-02
1.685791015625000000e-01
-2.841796875000000000e-01
2.337646484375000000e-01
1.352539062500000000e-01
2.520751953125000000e-02
2.988281250000000000e-01
1.801757812500000000e-01
1.453857421875000000e-01
4.550781250000000000e-01
-2.980957031250000000e-01
-5.679321289062500000e-02
-1.154785156250000000e-01
-5.209350585937500000e-02
-4.780273437500000000e-01
1.840820312500000000e-01
-2.272949218750000000e-01
-2.476806640625000000e-01
3.212890625000000000e-01
-4.074707031250000000e-01
5.078125000000000000e-01
3.232421875000000000e-01
6.701660156250000000e-02
2.851562500000000000e-01
-4.277343750000000000e-01
2.729797363281250000e-02
-4.116210937500000000e-01
7.835388183593750000e-03
-9.020996093750000000e-02
-2.922363281250000000e-01
-9.918212890625000000e-02
-7.653808593750000000e-02
-3.051757812500000000e-01
1.319580078125000000e-01
3.549804687500000000e-01
-2.087402343750000000e-01
7.221679687500000000e-01
-5.878906250000000000e-01
-2.590332031250000000e-01
2.609863281250000000e-01
-5.957031250000000000e-02
-1.177368164062500000e-01
-1.032714843750000000e-01
-2.897949218750000000e-01
-3.774414062500000000e-01
1.480712890625000000e-01
1.947021484375000000e-01
-1.004028320312500000e-02
-1.257324218750000000e-01
-1.502685546875000000e-01
-3.649902343750000000e-01
-1.401367187500000000e-01
1.280517578125000000e-01
2.224121093750000000e-01
-2.396240234375000000e-01
