2.312011718750000000e-01
4.306030273437500000e-02
6.228637695312500000e-02
-2.800292968750000000e-01
-2.309570312500000000e-01
-9.539794921875000000e-02
-4.467773437500000000e-01
-1.225585937500000000e+00
-3.894042968750000000e-01
3.723144531250000000e-01
1.401367187500000000e-01
-1.622314453125000000e-01
-1.148071289062500000e-01
2.706527709960937500e-03
1.290283203125000000e-01
3.640136718750000000e-01
3.002929687500000000e-01
-2.738952636718750000e-02
-1.159057617187500000e-01
-2.145996093750000000e-01
3.747558593750000000e-01
-1.109008789062500000e-01
-1.101684570312500000e-01
6.499023437500000000e-01
-3.352050781250000000e-01
3.305664062500000000e-01
9.197998046875000000e-02
-1.930236816406250000e-02
-1.138916015625000000e-01
3.374023437500000000e-01
7.446289062500000000e-02
-6.445312500000000000e-02
-1.429443359375000000e-01
2.646484375000000000e-01
3.860473632812500000e-02
2.685546875000000000e-01
-1.333007812500000000e-01
1.672363281250000000e-01
-6.604003906250000000e-02
1.290283203125000000e-01
1.101074218750000000e-01
2.727050781250000000e-01
-3.131103515625000000e-02
-2.800292968750000000e-01
5.815429687500000000e-01
2.186279296875000000e-01
-3.822326660156250000e-03
-5.740356445312500000e-02
-1.080322265625000000e-01
5.419921875000000000e-02
-3.753662109375000000e-02
-3.750000000000000000e-01
1.623535156250000000e-01
-5.273437500000000000e-01
2.871704101562500000e-02
1.787109375000000000e-01
5.566406250000000000e-02
1.351318359375000000e-01
-6.884765625000000000e-02
7.080078125000000000e-02
4.248046875000000000e-01
-3.933105468750000000e-01
-2.773437500000000000e-01
-2.113037109375000000e-01
-9.149169921875000000e-02
-2.105712890625000000e-01
-6.524658203125000000e-02
-6.320953369140625000e-03
-8.178710937500000000e-02
-8.380126953125000000e-02
2.320861816406250000e-02
-2.723693847656250000e-02
-2.010498046875000000e-01
6.020507812500000000e-01
-1.049194335937500000e-01
-6.573486328125000000e-02
6.547851562500000000e-01
4.589843750000000000e-01
-9.362792968750000000e-02
-4.597167968750000000e-01
-7.067871093750000000e-02
1.871337890625000000e-01
3.325195312500000000e-01
2.014160156250000000e-01
2.270507812500000000e-02
9.234619140625000000e-02
-7.012939453125000000e-02
-3.349609375000000000e-01
1.102294921875000000e-01
-2.001953125000000000e-01
1.011352539062500000e-01
2.062988281250000000e-02
-1.541992187500000000e+00
5.239257812500000000e-01
2.235107421875000000e-01
-2.369384765625000000e-01
2.049560546875000000e-01
2.415771484375000000e-01
-2.845764160156250000e-02
-5.181884765625000000e-02
1.082153320312500000e-01
2.097167968750000000e-01
5.917968750000000000e-01
-1.818847656250000000e-01
-1.599121093750000000e-01
2.519226074218750000e-02
4.776000976562500000e-02
6.793212890625000000e-02
-6.860351562500000000e-02
2.242431640625000000e-01
1.542968750000000000e-01
-8.172607421875000000e-02
-1.352691650390625000e-02
-5.404663085937500000e-02
8.093261718750000000e-02
1.665039062500000000e-01
-2.028808593750000000e-01
1.248779296875000000e-01
1.356201171875000000e-01
-8.563232421875000000e-02
3.940429687500000000e-01
-5.942382812500000000e-01
-1.342773437500000000e-03
7.312011718750000000e-02
1.102905273437500000e-01
-5.841064453125000000e-02
2.949218750000000000e-01
-4.861450195312500000e-02
2.871704101562500000e-02
3.872070312500000000e-01
-2.761230468750000000e-01
2.846679687500000000e-01
-1.372070312500000000e-01
6.492187500000000000e+00
-7.635498046875000000e-02
-3.598022460937500000e-02
-1.226196289062500000e-01
-3.356933593750000000e-01
2.125244140625000000e-01
2.690429687500000000e-01
4.003047943115234375e-04
-2.427978515625000000e-01
-1.284179687500000000e-01
-1.239013671875000000e-01
-3.776855468750000000e-01
-2.037048339843750000e-02
-3.012695312500000000e-01
5.367279052734375000e-03
-1.269531250000000000e-01
-5.340576171875000000e-02
3.825683593750000000e-01
-3.337402343750000000e-01
-1.108398437500000000e-01
-2.222900390625000000e-01
-6.787109375000000000e-02
1.921081542968750000e-02
1.284179687500000000e-01
-3.194808959960937500e-03
-4.980468750000000000e-01
-1.176147460937500000e-01
-5.490112304687500000e-02
2.737426757812500000e-02
1.705322265625000000e-01
-4.121093750000000000e-01
2.493896484375000000e-01
1.898193359375000000e-01
1.619873046875000000e-01
-2.229003906250000000e-01
2.507324218750000000e-01
2.358398437500000000e-01
-1.195678710937500000e-01
-1.290283203125000000e-01
2.399902343750000000e-01
8.247375488281250000e-03
-5.200195312500000000e-01
6.372070312500000000e-02
-3.537597656250000000e-01
2.303466796875000000e-01
-1.192016601562500000e-01
-1.904296875000000000e-01
3.212890625000000000e-01
1.591491699218750000e-02
-1.280517578125000000e-01
-2.198791503906250000e-02
2.083740234375000000e-01
-6.152343750000000000e-02
-1.580810546875000000e-01
1.457977294921875000e-02
1.925048828125000000e-01
-2.592086791992187500e-03
-3.266601562500000000e-01
8.319091796875000000e-02
1.929931640625000000e-01
2.275390625000000000e-01
-2.362060546875000000e-01
1.533203125000000000e-01
4.351806640625000000e-02
9.826660156250000000e-02
-1.552734375000000000e-01
8.966064453125000000e-02
1.679992675781250000e-02
-2.534179687500000000e-01
2.089843750000000000e-01
-1.419677734375000000e-01
3.085937500000000000e-01
7.910156250000000000e-02
-1.799316406250000000e-01
-3.420410156250000000e-01
-3.183593750000000000e-01
1.307678222656250000e-02
2.790527343750000000e-01
3.818359375000000000e-01
-1.826171875000000000e-01
1.155395507812500000e-01
-4.516601562500000000e-02
1.016845703125000000e-01
-3.964233398437500000e-02
-2.612304687500000000e-01
2.885742187500000000e-01
-1.276855468750000000e-01
2.571105957031250000e-02
-2.648925781250000000e-01
-1.681518554687500000e-02
1.018676757812500000e-01
5.657958984375000000e-02
-3.683471679687500000e-02
2.253417968750000000e-01
2.705078125000000000e-01
-1.104125976562500000e-01
-1.934814453125000000e-01
4.331054687500000000e-01
-1.250000000000000000e-01
2.416992187500000000e-01
-1.183471679687500000e-01
-2.329101562500000000e-01
1.705322265625000000e-01
-6.463623046875000000e-02
5.706787109375000000e-02
-1.052856445312500000e-01
8.489990234375000000e-02
-5.621337890625000000e-02
1.033935546875000000e-01
-9.332275390625000000e-02
2.359390258789062500e-03
1.276855468750000000e-01
-1.359863281250000000e-01
-7.016601562500000000e-01
-2.094726562500000000e-01
-2.163085937500000000e-01
-3.668212890625000000e-02
-2.436523437500000000e-01
3.703613281250000000e-01
1.325683593750000000e-01
2.158203125000000000e-01
-3.742675781250000000e-01
-2.818298339843750000e-02
-3.671875000000000000e-01
-1.430664062500000000e-01
5.987548828125000000e-02
1.848144531250000000e-01
1.658935546875000000e-01
-9.796142578125000000e-03
-1.676940917968750000e-02
-9.527587890625000000e-02
3.957519531250000000e-01
-4.477539062500000000e-01
3.082275390625000000e-02
-7.495117187500000000e-01
1.341552734375000000e-01
3.381347656250000000e-01
-9.887695312500000000e-03
-2.437744140625000000e-01
1.370849609375000000e-01
1.489257812500000000e-01
2.260742187500000000e-01
-1.390838623046875000e-02
1.276016235351562500e-03
-3.288574218750000000e-01
-2.539062500000000000e-01
6.204223632812500000e-02
4.989624023437500000e-02
2.856445312500000000e-01
1.171264648437500000e-01
9.240722656250000000e-02
-4.341125488281250000e-03
2.384033203125000000e-01
2.561035156250000000e-01
3.454589843750000000e-02
-1.729736328125000000e-01
-3.485107421875000000e-02
5.282592773437500000e-02
3.622436523437500000e-02
-1.289062500000000000e-01
1.788330078125000000e-01
7.916259765625000000e-02
-9.631347656250000000e-02
-1.661682128906250000e-02
-2.420654296875000000e-01
1.481933593750000000e-01
1.552734375000000000e-01
4.861450195312500000e-02
2.436523437500000000e-01
-3.155517578125000000e-02
1.942138671875000000e-01
2.835083007812500000e-02
-9.887695312500000000e-02
-1.271972656250000000e-01
-1.759033203125000000e-01
-1.284179687500000000e-01
2.995605468750000000e-01
6.146240234375000000e-02
1.195678710937500000e-01
6.488281250000000000e+00
1.383056640625000000e-01
1.853027343750000000e-01
2.478027343750000000e-01
1.020507812500000000e-01
5.737304687500000000e-02
-8.721923828125000000e-02
-9.558105468750000000e-02
3.466796875000000000e-01
6.064453125000000000e-01
1.804199218750000000e-01
4.550781250000000000e-01
-3.396606445312500000e-02
1.690673828125000000e-01
-3.408813476562500000e-02
-3.251953125000000000e-01
1.019287109375000000e-01
-1.940429687500000000e+00
-1.448974609375000000e-01
2.006835937500000000e-01
-2.174072265625000000e-01
2.332763671875000000e-01
-7.043457031250000000e-02
4.030761718750000000e-01
1.866455078125000000e-01
-5.249023437500000000e-02
3.767089843750000000e-01
-1.490478515625000000e-01
3.860473632812500000e-02
-1.427001953125000000e-01
1.459503173828125000e-02
1.029663085937500000e-01
1.176147460937500000e-01
-2.360534667968750000e-02
3.808593750000000000e-01
-1.190948486328125000e-02
-2.670288085937500000e-02
2.069091796875000000e-01
1.239624023437500000e-01
1.072387695312500000e-01
-1.053466796875000000e-01
-2.680664062500000000e-01
-8.959960937500000000e-02
2.758789062500000000e-01
-1.401367187500000000e-01
8.325195312500000000e-02
-1.206970214843750000e-02
4.699707031250000000e-01
3.452148437500000000e-01
2.095699310302734375e-04
-7.135009765625000000e-02
1.945800781250000000e-01
1.083984375000000000e-01
-4.145507812500000000e-01
1.749267578125000000e-01
2.443313598632812500e-03
-1.661376953125000000e-01
1.005859375000000000e-01
1.230468750000000000e-01
-2.985839843750000000e-01
2.117919921875000000e-01
2.868652343750000000e-01
1.458740234375000000e-01
1.406250000000000000e-01
-3.061523437500000000e-01
1.036376953125000000e-01
-2.883300781250000000e-01
5.752563476562500000e-02
-5.419921875000000000e-01
7.110595703125000000e-03
2.734375000000000000e-01
9.777832031250000000e-02
-1.948242187500000000e-01
-1.439208984375000000e-01
1.513671875000000000e-01
1.851806640625000000e-01
-7.507324218750000000e-02
-2.943420410156250000e-02
-3.510742187500000000e-01
-1.467132568359375000e-02
-3.369140625000000000e-01
-3.330078125000000000e-01
9.106445312500000000e-02
-1.151275634765625000e-02
-2.012939453125000000e-01
-4.840087890625000000e-02
-3.444824218750000000e-01
2.207031250000000000e-01
-2.195739746093750000e-02
-8.911132812500000000e-02
8.898925781250000000e-02
-2.690429687500000000e-01
-3.068847656250000000e-01
6.518554687500000000e-02
4.218750000000000000e-01
1.575927734375000000e-01
2.932128906250000000e-01
2.144775390625000000e-01
2.553710937500000000e-01
1.673583984375000000e-01
-1.514892578125000000e-01
-2.243041992187500000e-03
-1.391601562500000000e-01
-5.947875976562500000e-02
-1.500244140625000000e-01
-3.674316406250000000e-01
3.213500976562500000e-02
1.555175781250000000e-01
-9.826660156250000000e-03
7.299804687500000000e-02
-5.302429199218750000e-03
-5.551757812500000000e-01
-2.973632812500000000e-01
2.457275390625000000e-01
-7.696533203125000000e-02
-8.288574218750000000e-02
2.319335937500000000e-01
2.380371093750000000e-01
2.780761718750000000e-01
-1.044921875000000000e-01
5.065917968750000000e-02
-3.171386718750000000e-01
1.008300781250000000e-01
1.686096191406250000e-02
5.691528320312500000e-02
8.972167968750000000e-02
-5.483398437500000000e-01
-1.016235351562500000e-01
-1.508789062500000000e-01
-2.092285156250000000e-01
3.790283203125000000e-02
-2.622070312500000000e-01
3.735351562500000000e-01
2.812500000000000000e-01
-4.370117187500000000e-01
-1.772460937500000000e-01
-1.501464843750000000e-02
-4.248046875000000000e-02
2.462768554687500000e-02
9.649658203125000000e-02
-8.178710937500000000e-02
3.814697265625000000e-02
-3.643035888671875000e-03
2.902832031250000000e-01
1.356201171875000000e-01
1.765136718750000000e-01
-6.982421875000000000e-02
-2.670898437500000000e-01
1.622314453125000000e-01
-1.102905273437500000e-01
9.155273437500000000e-02
8.123779296875000000e-02
-5.535125732421875000e-03
-1.419677734375000000e-01
2.462158203125000000e-01
-4.364013671875000000e-02
9.844970703125000000e-02
-2.789306640625000000e-02
-2.083740234375000000e-01
-5.734252929687500000e-02
3.933105468750000000e-01
-3.193359375000000000e-01
-2.033691406250000000e-01
2.893066406250000000e-01
-5.615234375000000000e-02
2.265625000000000000e-01
2.226562500000000000e-01
3.622436523437500000e-02
1.379394531250000000e-01
-4.570312500000000000e-01
-4.010009765625000000e-02
3.107910156250000000e-01
1.915283203125000000e-01
-3.195800781250000000e-01
-1.556396484375000000e-01
1.831054687500000000e-01
6.866455078125000000e-02
5.603027343750000000e-02
-4.434204101562500000e-02
-9.445190429687500000e-03
2.392578125000000000e-01
8.662109375000000000e-01
-2.330322265625000000e-01
7.989501953125000000e-02
2.126464843750000000e-01
2.717285156250000000e-01
-3.542480468750000000e-01
1.611328125000000000e-01
1.743164062500000000e-01
-4.489135742187500000e-02
1.580810546875000000e-01
2.117919921875000000e-01
2.464294433593750000e-02
-2.693176269531250000e-02
-4.707031250000000000e-01
2.137451171875000000e-01
4.251098632812500000e-02
-3.593750000000000000e-01
-2.217102050781250000e-02
-2.746582031250000000e-01
