6.921386718750000000e-02
-4.217529296875000000e-02
1.787109375000000000e-01
1.093139648437500000e-01
2.971649169921875000e-03
4.870605468750000000e-02
-1.278076171875000000e-01
-1.144531250000000000e+00
-2.661132812500000000e-01
9.712219238281250000e-03
3.315429687500000000e-01
2.000808715820312500e-03
1.425781250000000000e-01
-3.288574218750000000e-01
4.699707031250000000e-01
3.994140625000000000e-01
4.357910156250000000e-01
-2.500915527343750000e-02
-5.795288085937500000e-02
1.095581054687500000e-01
2.362060546875000000e-01
3.610839843750000000e-01
4.125976562500000000e-01
2.189941406250000000e-01
-5.078125000000000000e-02
4.104003906250000000e-01
-3.374023437500000000e-01
9.759521484375000000e-02
-1.123657226562500000e-01
1.273193359375000000e-01
-7.507324218750000000e-02
6.618499755859375000e-03
-9.497070312500000000e-02
2.303466796875000000e-01
-3.254394531250000000e-01
1.864013671875000000e-01
2.232666015625000000e-01
1.107788085937500000e-01
3.147125244140625000e-03
1.242675781250000000e-01
-3.964233398437500000e-02
1.206054687500000000e-01
-1.732110977172851562e-04
2.142333984375000000e-01
1.462402343750000000e-01
1.171264648437500000e-01
3.193359375000000000e-01
1.197509765625000000e-01
-3.109741210937500000e-02
1.600341796875000000e-01
-2.304687500000000000e-01
-2.413330078125000000e-01
-3.628540039062500000e-02
-3.715820312500000000e-01
-8.843994140625000000e-02
-4.177856445312500000e-02
-2.954101562500000000e-01
2.322998046875000000e-01
-2.502441406250000000e-01
5.463867187500000000e-01
7.073974609375000000e-02
-1.574707031250000000e-01
7.537841796875000000e-02
-2.297363281250000000e-01
2.128906250000000000e-01
1.728820800781250000e-02
2.196044921875000000e-01
1.638183593750000000e-01
-3.906250000000000000e-01
-4.838867187500000000e-01
9.484863281250000000e-02
-2.320556640625000000e-01
-9.541511535644531250e-04
-3.339767456054687500e-03
-3.227539062500000000e-01
-3.085937500000000000e-01
7.226562500000000000e-02
-7.958984375000000000e-02
-9.069824218750000000e-02
-3.491210937500000000e-01
-4.663085937500000000e-01
-8.349609375000000000e-02
7.629394531250000000e-02
-1.678466796875000000e-01
2.380371093750000000e-01
-2.479248046875000000e-01
-2.329101562500000000e-01
-1.480712890625000000e-01
-4.108886718750000000e-01
2.148437500000000000e-01
-2.224731445312500000e-02
-1.730957031250000000e-01
-1.510742187500000000e+00
5.537109375000000000e-01
-2.366943359375000000e-01
9.088134765625000000e-02
-1.157226562500000000e-01
1.932373046875000000e-01
4.953613281250000000e-01
-3.525390625000000000e-01
2.131347656250000000e-01
1.531982421875000000e-01
2.462768554687500000e-02
-4.342651367187500000e-02
-9.777832031250000000e-02
2.329101562500000000e-01
1.459960937500000000e-01
1.047363281250000000e-01
-2.154541015625000000e-01
-3.982543945312500000e-02
-4.721069335937500000e-02
-1.464843750000000000e-02
-1.571655273437500000e-02
2.109375000000000000e-01
4.833984375000000000e-02
-3.244628906250000000e-01
-1.235961914062500000e-02
3.264160156250000000e-01
-9.222412109375000000e-02
-2.376708984375000000e-01
1.628417968750000000e-01
-4.240722656250000000e-01
-3.395996093750000000e-01
-2.059936523437500000e-02
2.629394531250000000e-01
-3.513183593750000000e-01
-2.207031250000000000e-01
-2.465820312500000000e-01
1.491699218750000000e-01
6.220703125000000000e-01
4.582519531250000000e-01
2.042236328125000000e-01
-1.576232910156250000e-02
6.015625000000000000e+00
2.073669433593750000e-02
6.372070312500000000e-02
-1.425781250000000000e-01
-1.019287109375000000e-01
-7.916259765625000000e-02
1.740722656250000000e-01
-1.217041015625000000e-01
-1.781005859375000000e-01
-1.044921875000000000e-01
2.224121093750000000e-01
-8.941650390625000000e-02
6.234741210937500000e-02
-9.407043457031250000e-03
3.326416015625000000e-02
1.975097656250000000e-01
9.729003906250000000e-02
2.541503906250000000e-01
-3.912353515625000000e-02
-2.326660156250000000e-01
3.220214843750000000e-01
-3.427124023437500000e-02
1.027832031250000000e-01
2.488708496093750000e-02
-2.675781250000000000e-01
-4.941406250000000000e-01
2.709960937500000000e-01
-1.076049804687500000e-01
-1.413574218750000000e-01
1.646728515625000000e-01
1.236572265625000000e-01
-1.219177246093750000e-02
-7.958984375000000000e-02
2.288818359375000000e-01
-4.819335937500000000e-01
5.050659179687500000e-02
2.644348144531250000e-02
4.223632812500000000e-01
-2.748489379882812500e-03
2.182617187500000000e-01
3.002929687500000000e-01
-5.498046875000000000e-01
2.058105468750000000e-01
-1.142578125000000000e-01
1.546478271484375000e-02
-1.663818359375000000e-01
1.284790039062500000e-02
4.350585937500000000e-01
1.717529296875000000e-01
-9.741210937500000000e-02
-2.502441406250000000e-01
8.142089843750000000e-02
-1.599121093750000000e-01
3.730468750000000000e-01
-2.775878906250000000e-01
1.865234375000000000e-01
8.374023437500000000e-02
-5.081176757812500000e-02
3.681640625000000000e-01
-1.848144531250000000e-01
-2.333984375000000000e-01
-1.369628906250000000e-01
1.835937500000000000e-01
-1.162109375000000000e-01
2.973632812500000000e-01
9.803771972656250000e-03
-2.805175781250000000e-01
-3.457031250000000000e-01
-1.435089111328125000e-02
4.233398437500000000e-01
-1.651611328125000000e-01
-2.362060546875000000e-01
-1.289062500000000000e-01
-1.331787109375000000e-01
-2.391357421875000000e-01
-1.267089843750000000e-01
-1.185913085937500000e-01
9.443359375000000000e-01
1.315917968750000000e-01
4.528808593750000000e-02
9.002685546875000000e-02
1.286621093750000000e-01
-1.998901367187500000e-02
4.867553710937500000e-02
-1.833496093750000000e-01
-2.197265625000000000e-01
7.336425781250000000e-02
-1.345214843750000000e-01
-1.157226562500000000e-01
3.090820312500000000e-01
6.610107421875000000e-02
4.379882812500000000e-01
3.683471679687500000e-02
5.708007812500000000e-01
3.677368164062500000e-02
-3.454589843750000000e-02
7.942199707031250000e-03
6.817626953125000000e-02
-1.158447265625000000e-01
1.330566406250000000e-02
7.232666015625000000e-02
-7.623291015625000000e-02
-1.549072265625000000e-01
-8.874511718750000000e-02
7.135009765625000000e-02
-1.605224609375000000e-01
-1.883544921875000000e-01
8.728027343750000000e-02
7.257080078125000000e-02
2.282714843750000000e-01
1.206665039062500000e-01
1.594543457031250000e-02
2.668380737304687500e-03
-1.185913085937500000e-01
1.799316406250000000e-01
2.198486328125000000e-01
-3.137207031250000000e-01
-5.014648437500000000e-01
1.707763671875000000e-01
3.581542968750000000e-01
2.087402343750000000e-01
1.087646484375000000e-01
3.654785156250000000e-01
2.517089843750000000e-01
-3.796386718750000000e-02
1.339111328125000000e-01
3.745117187500000000e-01
2.362060546875000000e-01
-1.182250976562500000e-01
-1.959228515625000000e-01
5.960083007812500000e-02
-2.719726562500000000e-01
-3.522872924804687500e-03
-9.942626953125000000e-02
-2.563476562500000000e-01
-2.193603515625000000e-01
-2.877807617187500000e-02
-8.374023437500000000e-02
-4.221191406250000000e-01
3.371582031250000000e-01
2.810058593750000000e-01
2.653503417968750000e-02
-2.047119140625000000e-01
9.783935546875000000e-02
1.299285888671875000e-02
1.939697265625000000e-01
-1.293945312500000000e-01
-3.515625000000000000e-02
-2.121582031250000000e-01
2.393798828125000000e-01
8.679199218750000000e-02
-1.578369140625000000e-01
4.035644531250000000e-01
1.901855468750000000e-01
-8.044433593750000000e-02
5.771484375000000000e-01
3.447265625000000000e-01
2.000732421875000000e-01
-3.976440429687500000e-02
1.597900390625000000e-01
2.127685546875000000e-01
-3.178710937500000000e-01
-4.756927490234375000e-03
-2.687988281250000000e-01
-1.545410156250000000e-01
-2.702636718750000000e-01
1.253662109375000000e-01
1.510009765625000000e-01
-3.364257812500000000e-01
-1.948547363281250000e-02
5.981445312500000000e-02
2.110595703125000000e-01
7.885742187500000000e-02
8.581542968750000000e-02
-5.914306640625000000e-02
-2.172851562500000000e-01
-7.031250000000000000e-02
5.786132812500000000e-02
2.385253906250000000e-01
6.011718750000000000e+00
1.864013671875000000e-01
-2.573242187500000000e-01
4.385375976562500000e-02
-4.840850830078125000e-03
-3.460693359375000000e-02
2.626037597656250000e-02
-6.384277343750000000e-02
2.575683593750000000e-01
5.541992187500000000e-01
2.534179687500000000e-01
9.490966796875000000e-03
1.169433593750000000e-01
1.474609375000000000e-01
-3.790283203125000000e-02
-7.519531250000000000e-02
2.429199218750000000e-02
-2.113281250000000000e+00
1.485595703125000000e-01
-1.872558593750000000e-01
3.253173828125000000e-02
1.768798828125000000e-01
5.249023437500000000e-02
2.895507812500000000e-01
-1.936035156250000000e-01
-5.303955078125000000e-02
1.494598388671875000e-02
3.466796875000000000e-02
-2.961425781250000000e-01
-2.312011718750000000e-01
-4.016113281250000000e-02
-1.645507812500000000e-01
3.747558593750000000e-01
-7.904052734375000000e-02
1.646728515625000000e-01
4.069824218750000000e-01
5.386352539062500000e-02
-8.068847656250000000e-02
1.940917968750000000e-02
-8.117675781250000000e-02
5.853271484375000000e-02
-7.586669921875000000e-02
-1.784667968750000000e-01
6.274414062500000000e-02
-9.210205078125000000e-02
1.386718750000000000e-01
1.846313476562500000e-02
2.795410156250000000e-01
-2.692871093750000000e-01
-1.685791015625000000e-01
-6.323242187500000000e-02
3.901367187500000000e-01
4.444122314453125000e-03
-2.034912109375000000e-01
-1.673583984375000000e-01
-3.872680664062500000e-02
-9.197998046875000000e-02
-3.024902343750000000e-01
2.058105468750000000e-01
-1.842041015625000000e-01
2.148437500000000000e-01
3.769531250000000000e-01
8.837890625000000000e-02
6.793212890625000000e-02
-1.757812500000000000e-01
1.890869140625000000e-01
-2.751464843750000000e-01
1.340332031250000000e-01
-2.653808593750000000e-01
5.477905273437500000e-02
1.069335937500000000e-01
-3.903808593750000000e-01
4.960937500000000000e-01
-8.459472656250000000e-02
1.522216796875000000e-01
-5.337524414062500000e-02
-3.494262695312500000e-02
8.752441406250000000e-02
-2.214355468750000000e-01
3.604125976562500000e-02
-1.843261718750000000e-01
-2.783203125000000000e-01
-2.104187011718750000e-02
4.838867187500000000e-01
-1.820068359375000000e-01
-5.783081054687500000e-02
-7.818603515625000000e-02
8.403320312500000000e-01
8.148193359375000000e-02
-1.560058593750000000e-01
-2.006530761718750000e-02
-7.727050781250000000e-02
-3.615722656250000000e-01
3.759765625000000000e-01
3.744506835937500000e-02
7.818603515625000000e-02
5.593872070312500000e-02
2.583007812500000000e-01
6.118164062500000000e-01
-2.376708984375000000e-01
-3.449707031250000000e-01
5.898437500000000000e-01
3.193359375000000000e-01
2.441406250000000000e-01
-3.574218750000000000e-01
-3.183593750000000000e-01
-2.326965332031250000e-02
-5.526733398437500000e-02
-1.950683593750000000e-01
-1.162719726562500000e-01
-1.771240234375000000e-01
-7.880859375000000000e-01
-2.337646484375000000e-01
1.984863281250000000e-01
-1.012573242187500000e-01
-4.833984375000000000e-01
1.046752929687500000e-01
3.786621093750000000e-01
-2.100830078125000000e-01
-2.199707031250000000e-01
3.079223632812500000e-02
-1.058959960937500000e-01
-3.024902343750000000e-01
-1.338195800781250000e-02
-1.705322265625000000e-01
1.093750000000000000e-01
-3.027343750000000000e-01
2.651367187500000000e-01
-1.859130859375000000e-01
5.572509765625000000e-02
-4.299316406250000000e-01
1.985549926757812500e-03
1.794433593750000000e-01
1.685791015625000000e-01
-4.211425781250000000e-02
-3.581542968750000000e-01
-1.310729980468750000e-02
5.947265625000000000e-01
-6.036376953125000000e-02
2.723693847656250000e-03
-2.941894531250000000e-01
-1.849365234375000000e-01
-6.011962890625000000e-02
4.669189453125000000e-02
-1.885986328125000000e-01
3.166503906250000000e-01
1.667480468750000000e-01
-7.476806640625000000e-02
-3.071289062500000000e-01
3.098144531250000000e-01
2.153320312500000000e-01
2.215576171875000000e-01
5.087890625000000000e-01
1.531982421875000000e-01
3.632812500000000000e-01
-3.518066406250000000e-01
1.558837890625000000e-01
1.980590820312500000e-02
-1.128540039062500000e-01
-5.595703125000000000e-01
1.146850585937500000e-01
-4.233398437500000000e-01
-3.710937500000000000e-02
3.488769531250000000e-01
-4.233398437500000000e-01
1.446533203125000000e-01
-1.119384765625000000e-01
2.592773437500000000e-01
3.146362304687500000e-02
-4.084472656250000000e-01
2.922363281250000000e-01
8.532714843750000000e-02
1.721191406250000000e-01
-1.361083984375000000e-01
8.454322814941406250e-04
1.556396484375000000e-01
1.477050781250000000e-01
1.222229003906250000e-02
1.209106445312500000e-01
-4.986572265625000000e-02
-1.232910156250000000e-01
9.404296875000000000e-01
-5.282592773437500000e-02
1.721191406250000000e-01
3.056640625000000000e-01
-6.805419921875000000e-02
-5.078125000000000000e-01
1.196289062500000000e-01
-1.904296875000000000e-01
7.427978515625000000e-02
-1.805419921875000000e-01
3.430175781250000000e-01
-8.660888671875000000e-02
2.254486083984375000e-03
-1.901855468750000000e-01
3.799438476562500000e-02
3.121948242187500000e-02
-8.984375000000000000e-02
-7.141113281250000000e-02
-1.549072265625000000e-01
