-1.889038085937500000e-02
1.634521484375000000e-01
2.756347656250000000e-01
3.179931640625000000e-02
2.714843750000000000e-01
-3.706054687500000000e-01
-2.736816406250000000e-01
-1.518554687500000000e+00
7.800292968750000000e-02
-1.963806152343750000e-02
1.027832031250000000e-01
-4.559326171875000000e-02
-3.726196289062500000e-02
-2.541503906250000000e-01
1.712646484375000000e-01
-2.460937500000000000e-01
4.624023437500000000e-01
3.790283203125000000e-02
-3.867187500000000000e-01
-3.562011718750000000e-01
6.201171875000000000e-01
9.899902343750000000e-02
4.018554687500000000e-01
3.032226562500000000e-01
-1.912841796875000000e-01
-1.246337890625000000e-01
4.278564453125000000e-02
-1.217651367187500000e-02
2.032470703125000000e-01
-7.672119140625000000e-02
1.672363281250000000e-01
5.816650390625000000e-02
3.186035156250000000e-02
-6.298828125000000000e-02
-2.524414062500000000e-01
1.051635742187500000e-01
5.340576171875000000e-02
1.483154296875000000e-01
-1.960449218750000000e-01
-2.922363281250000000e-01
1.466064453125000000e-01
-2.758789062500000000e-01
-1.176147460937500000e-01
-3.085327148437500000e-02
-6.137084960937500000e-02
1.497802734375000000e-01
1.544189453125000000e-01
5.458984375000000000e-01
4.484863281250000000e-01
3.718261718750000000e-01
1.364746093750000000e-01
-1.694335937500000000e-01
2.485351562500000000e-01
-4.428710937500000000e-01
-3.227233886718750000e-03
-1.391601562500000000e-01
-1.595458984375000000e-01
1.896667480468750000e-02
-2.857971191406250000e-02
6.298828125000000000e-02
1.877441406250000000e-01
-4.587402343750000000e-01
8.538818359375000000e-02
2.639160156250000000e-01
-9.875488281250000000e-02
-3.056335449218750000e-02
-1.335144042968750000e-02
-3.474121093750000000e-01
1.783447265625000000e-01
-1.560058593750000000e-01
-1.128540039062500000e-01
-2.495117187500000000e-01
-2.602539062500000000e-01
2.163085937500000000e-01
2.364501953125000000e-01
-4.678344726562500000e-02
3.828125000000000000e-01
8.581542968750000000e-02
9.527587890625000000e-02
1.416015625000000000e-01
-2.841796875000000000e-01
3.479003906250000000e-01
-1.928710937500000000e-01
4.233398437500000000e-01
-1.629638671875000000e-01
6.384277343750000000e-02
1.466064453125000000e-01
1.990966796875000000e-01
-1.597900390625000000e-01
1.390380859375000000e-01
-1.289367675781250000e-02
-2.695312500000000000e-01
-1.720703125000000000e+00
1.014404296875000000e-01
1.364135742187500000e-02
-1.806640625000000000e-01
-1.378631591796875000e-02
8.995056152343750000e-03
-1.135864257812500000e-01
-4.616699218750000000e-01
1.511230468750000000e-01
-1.491699218750000000e-01
1.387939453125000000e-01
-7.989501953125000000e-02
-1.301269531250000000e-01
2.336425781250000000e-01
4.001464843750000000e-01
3.042602539062500000e-02
-6.591796875000000000e-02
-1.945800781250000000e-01
-2.108154296875000000e-01
4.172363281250000000e-01
-1.528320312500000000e-01
6.262207031250000000e-02
-5.526733398437500000e-02
-2.484130859375000000e-01
-2.524414062500000000e-01
8.166503906250000000e-02
8.392333984375000000e-02
-1.669921875000000000e-01
3.303222656250000000e-01
-1.818847656250000000e-01
-2.049560546875000000e-01
-4.608154296875000000e-02
1.590576171875000000e-01
-2.097167968750000000e-01
-9.826660156250000000e-03
2.802734375000000000e-01
-5.922851562500000000e-01
6.063842773437500000e-02
1.112060546875000000e-01
2.242431640625000000e-01
-8.837890625000000000e-02
7.171875000000000000e+00
-2.475585937500000000e-01
1.651611328125000000e-01
-5.334472656250000000e-02
-2.775878906250000000e-01
6.781005859375000000e-02
2.700195312500000000e-01
1.534271240234375000e-02
-7.031250000000000000e-02
8.337402343750000000e-02
4.082031250000000000e-01
-2.507324218750000000e-01
3.526687622070312500e-03
-6.555175781250000000e-02
-3.250122070312500000e-03
-3.806152343750000000e-01
-1.126708984375000000e-01
1.280517578125000000e-01
1.882934570312500000e-02
-1.564941406250000000e-01
-2.338867187500000000e-01
-7.476806640625000000e-02
-5.899047851562500000e-02
1.840820312500000000e-01
1.533203125000000000e-01
4.476928710937500000e-02
1.175537109375000000e-01
1.165771484375000000e-01
-2.390136718750000000e-01
1.505126953125000000e-01
-1.215209960937500000e-01
5.185546875000000000e-01
-3.930664062500000000e-01
1.481933593750000000e-01
-1.343994140625000000e-01
-1.727294921875000000e-01
-1.303863525390625000e-02
3.103637695312500000e-02
1.430664062500000000e-01
2.237548828125000000e-01
2.849121093750000000e-01
-4.826660156250000000e-01
7.012939453125000000e-02
1.877441406250000000e-01
1.938476562500000000e-01
3.967285156250000000e-01
-9.558105468750000000e-02
-2.634277343750000000e-01
-2.005615234375000000e-01
5.683898925781250000e-03
1.365966796875000000e-01
-1.146240234375000000e-01
-4.992675781250000000e-02
1.588134765625000000e-01
-1.094360351562500000e-01
4.628906250000000000e-01
3.339843750000000000e-01
2.958679199218750000e-02
-2.266845703125000000e-01
-1.763916015625000000e-01
4.492187500000000000e-01
-5.322265625000000000e-02
1.079711914062500000e-01
-3.835449218750000000e-01
4.252929687500000000e-01
2.132568359375000000e-01
-2.534179687500000000e-01
-2.766113281250000000e-01
6.671142578125000000e-02
-4.492187500000000000e-02
8.416748046875000000e-02
-1.539306640625000000e-01
1.171264648437500000e-01
-6.097412109375000000e-02
-2.934570312500000000e-01
-1.942634582519531250e-03
-7.696533203125000000e-02
2.260742187500000000e-01
-3.186035156250000000e-01
2.578735351562500000e-02
1.034545898437500000e-01
2.607727050781250000e-02
1.706542968750000000e-01
2.336425781250000000e-01
1.343994140625000000e-01
1.239013671875000000e-01
-3.474121093750000000e-01
-2.214355468750000000e-01
-1.563720703125000000e-01
-8.247375488281250000e-03
-7.280273437500000000e-01
6.109619140625000000e-02
1.252441406250000000e-01
4.289550781250000000e-01
2.036132812500000000e-01
-5.902099609375000000e-02
-2.188110351562500000e-02
1.910400390625000000e-02
1.070556640625000000e-01
1.184692382812500000e-01
-1.048583984375000000e-01
2.022705078125000000e-01
-4.614257812500000000e-01
-4.232788085937500000e-02
2.961730957031250000e-02
-6.726074218750000000e-02
-2.039794921875000000e-01
1.152954101562500000e-01
1.678466796875000000e-01
-1.390380859375000000e-01
-7.904052734375000000e-02
4.008789062500000000e-01
-5.898437500000000000e-01
1.712646484375000000e-01
2.324218750000000000e-01
6.018066406250000000e-02
-1.492919921875000000e-01
-3.935546875000000000e-01
-1.424560546875000000e-01
2.047119140625000000e-01
3.320312500000000000e-01
4.718017578125000000e-02
-2.387695312500000000e-01
8.331298828125000000e-02
1.249389648437500000e-01
7.501220703125000000e-02
-3.698730468750000000e-02
8.093261718750000000e-02
9.936523437500000000e-02
1.225585937500000000e-01
-2.890625000000000000e-01
-1.762695312500000000e-01
1.998901367187500000e-02
1.217041015625000000e-01
-4.818725585937500000e-02
1.020507812500000000e-01
-2.325439453125000000e-01
-1.778564453125000000e-01
-2.546386718750000000e-01
-3.111267089843750000e-02
6.555175781250000000e-02
-7.012939453125000000e-02
-2.487182617187500000e-03
-3.071289062500000000e-01
-5.505371093750000000e-02
2.832031250000000000e-01
-2.116699218750000000e-01
3.356933593750000000e-01
-3.737792968750000000e-01
2.597656250000000000e-01
5.151367187500000000e-01
1.621093750000000000e-01
1.610107421875000000e-01
4.379272460937500000e-02
-8.491516113281250000e-03
6.628417968750000000e-02
-1.684570312500000000e-02
8.624267578125000000e-02
-4.534912109375000000e-02
3.579101562500000000e-01
3.268432617187500000e-02
3.041992187500000000e-01
-9.527587890625000000e-02
-9.606933593750000000e-02
-1.727294921875000000e-02
1.047973632812500000e-01
5.678710937500000000e-01
-3.326416015625000000e-02
2.434082031250000000e-01
-4.074096679687500000e-02
7.000732421875000000e-02
-4.550170898437500000e-02
3.665161132812500000e-02
-3.364257812500000000e-01
-4.738769531250000000e-01
-2.293701171875000000e-01
-3.305053710937500000e-02
-4.183959960937500000e-02
-6.695556640625000000e-02
7.160156250000000000e+00
1.893310546875000000e-01
1.012573242187500000e-01
-4.837036132812500000e-02
8.142089843750000000e-02
2.215576171875000000e-01
-2.956542968750000000e-01
-2.102050781250000000e-01
1.292724609375000000e-01
4.011230468750000000e-01
-2.147216796875000000e-01
-3.613281250000000000e-02
3.117370605468750000e-02
2.177429199218750000e-02
-1.884765625000000000e-01
-1.090698242187500000e-01
1.391601562500000000e-01
-2.343750000000000000e+00
-2.281188964843750000e-02
2.896118164062500000e-02
1.994628906250000000e-01
-8.374023437500000000e-02
7.873535156250000000e-02
1.535644531250000000e-01
1.102294921875000000e-01
-1.638183593750000000e-01
1.198730468750000000e-01
-1.813964843750000000e-01
5.505371093750000000e-02
8.392333984375000000e-02
3.793945312500000000e-01
1.002197265625000000e-01
-1.166381835937500000e-01
5.532836914062500000e-02
1.528320312500000000e-01
2.604980468750000000e-01
-9.210205078125000000e-02
-4.482421875000000000e-01
2.448730468750000000e-01
4.904174804687500000e-02
-2.639160156250000000e-01
1.313476562500000000e-01
-1.730957031250000000e-01
-1.850585937500000000e-01
-3.164062500000000000e-01
2.358398437500000000e-01
-1.857910156250000000e-01
1.667480468750000000e-01
-4.455566406250000000e-02
-1.765136718750000000e-01
3.805541992187500000e-02
3.378906250000000000e-01
8.984375000000000000e-02
-4.379882812500000000e-01
1.790771484375000000e-01
1.695556640625000000e-01
-3.256835937500000000e-01
-2.056884765625000000e-01
-8.404541015625000000e-02
3.039550781250000000e-02
3.825683593750000000e-01
2.125549316406250000e-02
-3.806152343750000000e-01
1.260986328125000000e-01
1.802978515625000000e-01
1.793212890625000000e-01
-2.049560546875000000e-01
4.641723632812500000e-02
-2.154541015625000000e-01
5.328369140625000000e-02
3.588867187500000000e-01
-1.051635742187500000e-01
4.348144531250000000e-01
-3.887939453125000000e-02
3.753662109375000000e-02
1.910400390625000000e-01
1.184692382812500000e-01
5.664062500000000000e-01
4.647827148437500000e-02
4.516601562500000000e-02
-1.226196289062500000e-01
-1.269531250000000000e-02
2.561035156250000000e-01
1.915283203125000000e-01
1.462402343750000000e-01
-2.271728515625000000e-01
-3.154296875000000000e-01
-1.240844726562500000e-01
7.830810546875000000e-02
-2.919921875000000000e-01
-2.770996093750000000e-01
-1.542968750000000000e-01
-5.776977539062500000e-02
-1.876220703125000000e-01
-1.112060546875000000e-01
-4.379882812500000000e-01
-8.898925781250000000e-02
-1.069946289062500000e-01
-2.661132812500000000e-01
1.879882812500000000e-02
-2.470016479492187500e-03
5.600585937500000000e-01
4.302978515625000000e-02
1.846313476562500000e-02
-2.272033691406250000e-02
-6.268310546875000000e-02
1.993408203125000000e-01
-2.929687500000000000e-01
-3.271484375000000000e-01
-2.092285156250000000e-01
-5.554199218750000000e-02
2.033691406250000000e-01
1.427001953125000000e-01
2.279052734375000000e-01
-2.924804687500000000e-01
-1.512451171875000000e-01
2.569580078125000000e-02
1.999511718750000000e-01
1.654052734375000000e-01
-1.981201171875000000e-01
2.773437500000000000e-01
-2.146911621093750000e-02
5.764007568359375000e-03
-7.713317871093750000e-03
-9.558105468750000000e-02
3.015136718750000000e-01
5.105590820312500000e-02
-2.165527343750000000e-01
-1.300811767578125000e-02
-4.343261718750000000e-01
-2.377929687500000000e-01
-1.565551757812500000e-02
2.425537109375000000e-01
-2.563476562500000000e-01
-6.835937500000000000e-02
-2.810058593750000000e-01
5.606079101562500000e-02
1.767578125000000000e-01
-5.984497070312500000e-02
1.524658203125000000e-01
2.330322265625000000e-01
5.458984375000000000e-01
1.632080078125000000e-01
1.384735107421875000e-02
9.466552734375000000e-02
-5.349731445312500000e-02
-1.713867187500000000e-01
-1.488037109375000000e-01
1.218872070312500000e-01
1.787109375000000000e-01
2.082519531250000000e-01
4.223632812500000000e-02
-3.939819335937500000e-02
2.380371093750000000e-02
-3.801269531250000000e-01
-3.897094726562500000e-02
5.211830139160156250e-04
3.613281250000000000e-02
-8.172607421875000000e-02
-5.859375000000000000e-01
5.004882812500000000e-02
-3.959960937500000000e-01
-1.995849609375000000e-02
3.029785156250000000e-01
-9.223937988281250000e-03
2.914428710937500000e-02
2.104492187500000000e-01
4.201660156250000000e-01
7.989501953125000000e-02
-9.057617187500000000e-01
9.112548828125000000e-02
5.203247070312500000e-02
1.118774414062500000e-01
-3.271484375000000000e-02
4.179687500000000000e-01
2.663574218750000000e-01
2.088623046875000000e-01
-3.420410156250000000e-01
2.529296875000000000e-01
-9.936523437500000000e-02
-4.772949218750000000e-02
-3.210449218750000000e-01
1.530761718750000000e-01
1.180419921875000000e-01
9.613037109375000000e-02
2.120361328125000000e-01
-2.325439453125000000e-01
-1.810302734375000000e-01
-2.695312500000000000e-01
-8.813476562500000000e-02
1.727294921875000000e-01
-1.641845703125000000e-02
5.468750000000000000e-01
-2.298583984375000000e-01
-7.305908203125000000e-02
-3.337402343750000000e-01
-2.304077148437500000e-02
-3.146972656250000000e-01
-1.105346679687500000e-01
1.660156250000000000e-02
