9.506225585937500000e-03
1.418457031250000000e-01
-8.953857421875000000e-02
9.686279296875000000e-02
4.479980468750000000e-01
-7.849121093750000000e-02
-3.010559082031250000e-02
-1.081054687500000000e+00
-2.036132812500000000e-01
3.044433593750000000e-01
-3.742675781250000000e-01
-3.686523437500000000e-01
-8.856201171875000000e-02
1.081542968750000000e-01
5.869140625000000000e-01
1.875000000000000000e-01
1.611328125000000000e-01
-1.739501953125000000e-01
-4.477539062500000000e-01
5.307006835937500000e-02
2.631835937500000000e-01
9.027099609375000000e-02
1.024169921875000000e-01
1.966552734375000000e-01
-2.037353515625000000e-01
3.509521484375000000e-02
-5.865478515625000000e-02
8.258056640625000000e-02
8.038330078125000000e-02
1.611328125000000000e-01
-2.910156250000000000e-01
2.714843750000000000e-01
-1.176757812500000000e-01
-7.104492187500000000e-02
-2.432861328125000000e-01
-6.402587890625000000e-02
3.654785156250000000e-01
-2.120971679687500000e-02
-2.468261718750000000e-01
-8.526611328125000000e-02
-5.490112304687500000e-02
-2.546386718750000000e-01
1.671142578125000000e-01
-2.159423828125000000e-01
2.209472656250000000e-02
2.414550781250000000e-01
-1.953125000000000000e-02
1.571044921875000000e-01
9.173583984375000000e-02
-2.900695800781250000e-02
2.410888671875000000e-01
-1.398925781250000000e-01
1.884765625000000000e-01
-5.532226562500000000e-01
-1.194458007812500000e-01
4.714965820312500000e-02
-3.684082031250000000e-01
-1.143188476562500000e-01
-1.533203125000000000e-01
2.729492187500000000e-01
7.086181640625000000e-02
-3.498535156250000000e-01
-7.958984375000000000e-02
-1.192626953125000000e-01
-3.430175781250000000e-01
-1.815185546875000000e-01
-1.173706054687500000e-01
2.851562500000000000e-01
-4.327392578125000000e-02
7.818603515625000000e-02
2.915039062500000000e-01
-4.406738281250000000e-01
2.797851562500000000e-01
-2.333068847656250000e-02
2.454833984375000000e-01
-1.813964843750000000e-01
-2.707519531250000000e-01
-2.049560546875000000e-01
-2.468261718750000000e-01
-3.408203125000000000e-01
5.691528320312500000e-02
2.382812500000000000e-01
3.503417968750000000e-01
1.211547851562500000e-01
1.227416992187500000e-01
2.846679687500000000e-01
-1.002807617187500000e-01
-5.270385742187500000e-02
-8.251953125000000000e-02
-1.439208984375000000e-01
1.866455078125000000e-01
6.246948242187500000e-02
-1.475585937500000000e+00
1.330566406250000000e-01
-1.888427734375000000e-01
5.606079101562500000e-02
3.657226562500000000e-01
3.344726562500000000e-01
1.184082031250000000e-01
-6.994628906250000000e-02
6.206054687500000000e-01
-5.285644531250000000e-02
2.810058593750000000e-01
-3.183593750000000000e-01
-2.105712890625000000e-01
1.275634765625000000e-01
-8.392333984375000000e-03
-5.245971679687500000e-02
-1.842041015625000000e-01
2.015380859375000000e-01
-2.329101562500000000e-01
-6.909179687500000000e-02
6.097412109375000000e-02
3.857421875000000000e-01
4.504394531250000000e-01
-6.213378906250000000e-02
-2.885742187500000000e-01
-4.748535156250000000e-02
-2.744140625000000000e-01
1.998291015625000000e-01
1.985168457031250000e-02
-5.371093750000000000e-01
7.916259765625000000e-02
-1.328125000000000000e-01
4.946289062500000000e-01
-3.208007812500000000e-01
-2.026367187500000000e-01
6.799316406250000000e-02
4.324340820312500000e-02
8.178710937500000000e-03
-9.851074218750000000e-02
-7.098388671875000000e-02
-1.405029296875000000e-01
5.894531250000000000e+00
-6.518554687500000000e-02
1.770019531250000000e-01
-6.002807617187500000e-02
-4.743652343750000000e-01
-1.368408203125000000e-01
-2.384033203125000000e-01
-3.049316406250000000e-01
-2.156066894531250000e-02
-3.205566406250000000e-01
9.191894531250000000e-02
-2.351074218750000000e-01
-3.359375000000000000e-01
1.372070312500000000e-01
-1.671142578125000000e-01
-1.331787109375000000e-01
2.651367187500000000e-01
-1.540184020996093750e-04
-7.409667968750000000e-02
-7.196044921875000000e-02
1.661682128906250000e-02
-9.118652343750000000e-02
-6.707763671875000000e-02
5.432128906250000000e-02
1.806640625000000000e-01
-1.020507812500000000e-01
-3.033447265625000000e-02
-1.240234375000000000e-01
1.613769531250000000e-01
1.992187500000000000e-01
-1.199340820312500000e-01
-9.100341796875000000e-02
-2.724609375000000000e-01
-2.062988281250000000e-01
-3.762207031250000000e-01
-1.375732421875000000e-01
1.042480468750000000e-01
2.500000000000000000e-01
2.039794921875000000e-01
2.507324218750000000e-01
1.027832031250000000e-01
-7.934570312500000000e-01
1.448974609375000000e-01
-1.621093750000000000e-01
1.313476562500000000e-01
2.878417968750000000e-01
-1.634521484375000000e-01
3.654785156250000000e-01
5.634765625000000000e-01
1.520996093750000000e-01
-1.201629638671875000e-02
-1.213378906250000000e-01
-1.285400390625000000e-01
8.843994140625000000e-02
-1.767578125000000000e-01
2.086181640625000000e-01
8.758544921875000000e-02
-1.041870117187500000e-01
-1.782226562500000000e-01
-3.166503906250000000e-01
1.601562500000000000e-01
-3.132324218750000000e-01
6.933593750000000000e-02
1.885986328125000000e-01
-1.687011718750000000e-01
-2.079772949218750000e-02
-4.479980468750000000e-02
-4.221191406250000000e-01
-1.497802734375000000e-01
-1.436767578125000000e-01
1.699218750000000000e-01
2.326660156250000000e-01
1.760253906250000000e-01
9.045410156250000000e-02
-3.259277343750000000e-01
-7.733154296875000000e-02
1.525878906250000000e-01
5.278320312500000000e-01
4.023437500000000000e-01
8.001708984375000000e-02
-1.385688781738281250e-03
2.475585937500000000e-01
1.379394531250000000e-01
9.094238281250000000e-02
-4.567871093750000000e-01
-1.994628906250000000e-01
-1.280517578125000000e-01
1.016845703125000000e-01
-6.512451171875000000e-02
-4.476928710937500000e-02
-1.684570312500000000e-01
4.180908203125000000e-02
-2.277832031250000000e-01
4.375000000000000000e-01
3.413085937500000000e-01
-1.884765625000000000e-01
1.535644531250000000e-01
3.754882812500000000e-01
1.109008789062500000e-01
5.563354492187500000e-02
-2.988281250000000000e-01
-1.319580078125000000e-01
4.184570312500000000e-01
3.493652343750000000e-01
2.004394531250000000e-01
-4.574584960937500000e-02
-6.658935546875000000e-02
-2.802734375000000000e-01
-8.850097656250000000e-03
2.248535156250000000e-01
-2.631835937500000000e-01
-1.442871093750000000e-01
-1.104736328125000000e-01
-7.049560546875000000e-02
9.698486328125000000e-02
-2.102050781250000000e-01
-1.774902343750000000e-01
-4.138183593750000000e-01
1.770019531250000000e-01
-7.135009765625000000e-02
2.624511718750000000e-01
-1.151733398437500000e-01
4.038085937500000000e-01
1.832580566406250000e-02
-2.817382812500000000e-01
4.757690429687500000e-02
1.774902343750000000e-01
1.676025390625000000e-01
8.129882812500000000e-02
-2.227783203125000000e-01
-1.422119140625000000e-01
-2.103271484375000000e-01
-1.267089843750000000e-01
3.571777343750000000e-01
-3.015136718750000000e-01
-1.011962890625000000e-01
1.523590087890625000e-02
2.281494140625000000e-01
-1.568603515625000000e-02
2.619628906250000000e-01
3.395996093750000000e-01
-1.584472656250000000e-01
-4.152832031250000000e-01
-3.536987304687500000e-02
7.580566406250000000e-02
-2.968750000000000000e-01
-3.476562500000000000e-01
-1.007080078125000000e-01
1.080932617187500000e-01
-2.062988281250000000e-01
-1.077270507812500000e-01
-7.995605468750000000e-02
7.411956787109375000e-03
1.176757812500000000e-01
3.085937500000000000e-01
3.852539062500000000e-01
-1.673583984375000000e-01
5.312500000000000000e-01
4.389648437500000000e-01
1.114501953125000000e-01
2.092285156250000000e-01
-2.075195312500000000e-01
-2.536621093750000000e-01
-3.237304687500000000e-01
-4.130859375000000000e-01
4.937744140625000000e-02
1.422119140625000000e-01
-1.411132812500000000e-01
2.958984375000000000e-01
-6.787109375000000000e-02
-3.065109252929687500e-03
-1.160888671875000000e-01
3.022766113281250000e-02
-9.106445312500000000e-02
-2.719726562500000000e-01
7.336425781250000000e-02
5.093383789062500000e-02
-1.333007812500000000e-01
-5.895996093750000000e-02
5.886718750000000000e+00
2.709960937500000000e-01
1.689453125000000000e-01
-4.089355468750000000e-01
-8.514404296875000000e-02
5.133056640625000000e-02
1.776123046875000000e-01
1.649475097656250000e-02
-3.866577148437500000e-02
5.668945312500000000e-01
3.007812500000000000e-01
2.041015625000000000e-01
-6.630859375000000000e-01
1.894531250000000000e-01
6.298828125000000000e-02
-1.082153320312500000e-01
4.001464843750000000e-01
-2.039062500000000000e+00
5.063476562500000000e-01
2.148437500000000000e-01
3.842163085937500000e-02
1.986083984375000000e-01
1.055297851562500000e-01
-2.441406250000000000e-01
5.160522460937500000e-02
-1.506347656250000000e-01
-2.597656250000000000e-01
-1.109008789062500000e-01
-2.893066406250000000e-02
-1.384277343750000000e-01
4.990234375000000000e-01
-1.442871093750000000e-01
4.547119140625000000e-02
-9.478759765625000000e-02
4.204101562500000000e-01
5.981445312500000000e-01
-2.000732421875000000e-01
2.482604980468750000e-02
1.977539062500000000e-01
9.539794921875000000e-02
4.387207031250000000e-01
2.708435058593750000e-02
1.071777343750000000e-01
3.649902343750000000e-02
-3.945922851562500000e-02
4.394531250000000000e-02
1.654052734375000000e-01
-1.479492187500000000e-01
-3.430175781250000000e-02
-3.059082031250000000e-01
3.212890625000000000e-01
-1.727294921875000000e-01
3.288574218750000000e-01
-2.563476562500000000e-01
2.761230468750000000e-01
2.788085937500000000e-01
-1.608886718750000000e-01
3.002929687500000000e-01
-4.626464843750000000e-01
-7.196044921875000000e-02
-6.689453125000000000e-02
2.414550781250000000e-01
4.592895507812500000e-02
-2.232666015625000000e-01
1.121215820312500000e-01
1.060791015625000000e-01
-2.266845703125000000e-01
1.835632324218750000e-02
-2.504882812500000000e-01
-1.494140625000000000e-01
5.776367187500000000e-01
-4.223632812500000000e-01
3.139648437500000000e-01
-1.057739257812500000e-01
1.025390625000000000e-01
-8.551025390625000000e-02
-1.608886718750000000e-01
1.163330078125000000e-01
-1.345214843750000000e-01
-3.546142578125000000e-02
8.660888671875000000e-02
6.719970703125000000e-02
-3.430175781250000000e-01
2.012939453125000000e-01
-4.943847656250000000e-02
8.050537109375000000e-02
-3.132324218750000000e-01
3.322753906250000000e-01
1.186370849609375000e-02
1.636962890625000000e-01
1.369628906250000000e-01
8.929443359375000000e-02
-3.090820312500000000e-01
1.478271484375000000e-01
3.137207031250000000e-01
1.667480468750000000e-01
4.492187500000000000e-01
-1.011962890625000000e-01
-9.864807128906250000e-03
-2.235412597656250000e-02
1.547851562500000000e-01
3.513183593750000000e-01
2.487792968750000000e-01
-1.083374023437500000e-01
-2.166748046875000000e-01
-7.537841796875000000e-02
1.111602783203125000e-02
3.361816406250000000e-01
-7.446289062500000000e-02
2.792968750000000000e-01
2.537536621093750000e-02
-3.466796875000000000e-01
-3.823242187500000000e-01
-6.738281250000000000e-02
3.726196289062500000e-02
-7.480468750000000000e-01
1.790771484375000000e-01
3.027343750000000000e-01
1.442871093750000000e-01
-7.208251953125000000e-02
-8.056640625000000000e-02
7.373046875000000000e-01
5.926513671875000000e-02
-7.006835937500000000e-02
-2.425537109375000000e-01
7.055664062500000000e-02
-5.627441406250000000e-02
-2.746582031250000000e-01
-9.136962890625000000e-02
-5.703125000000000000e-01
-9.924316406250000000e-02
-2.324218750000000000e-01
-1.849365234375000000e-02
2.807617187500000000e-02
-3.005371093750000000e-01
-6.591796875000000000e-01
3.627929687500000000e-01
5.590820312500000000e-01
1.286621093750000000e-01
-1.458740234375000000e-01
1.761474609375000000e-01
2.233886718750000000e-01
-3.890991210937500000e-02
2.443847656250000000e-01
3.276367187500000000e-01
1.557617187500000000e-01
1.157836914062500000e-01
-2.152099609375000000e-01
8.605957031250000000e-02
-2.966308593750000000e-01
-4.699707031250000000e-02
3.118896484375000000e-02
1.423339843750000000e-01
2.178955078125000000e-02
1.535644531250000000e-01
-3.166503906250000000e-01
-1.846923828125000000e-01
4.782104492187500000e-02
-3.481445312500000000e-01
-2.624511718750000000e-01
3.625488281250000000e-01
-2.941894531250000000e-01
-1.650390625000000000e-01
1.684570312500000000e-01
-5.581665039062500000e-02
-5.108642578125000000e-02
1.021728515625000000e-01
3.256835937500000000e-01
-3.725585937500000000e-01
-5.048828125000000000e-01
2.330322265625000000e-01
-7.104492187500000000e-02
1.802978515625000000e-01
-3.481445312500000000e-01
-1.708984375000000000e-02
1.044921875000000000e-01
1.126708984375000000e-01
-2.724609375000000000e-01
5.902099609375000000e-02
1.435089111328125000e-02
1.110839843750000000e-01
9.204101562500000000e-01
-1.991271972656250000e-02
9.515380859375000000e-02
-4.513549804687500000e-02
-7.037353515625000000e-02
-3.854980468750000000e-01
-6.481933593750000000e-02
-4.042968750000000000e-01
1.196289062500000000e-02
-1.338195800781250000e-02
4.033203125000000000e-01
1.187133789062500000e-01
-1.812744140625000000e-01
1.300048828125000000e-01
-4.394531250000000000e-02
-1.864013671875000000e-01
-2.038574218750000000e-01
-5.817413330078125000e-04
-5.097656250000000000e-01
