-3.132324218750000000e-01
1.981201171875000000e-01
6.341552734375000000e-02
5.699157714843750000e-03
-2.575683593750000000e-01
1.434326171875000000e-01
2.529907226562500000e-02
-1.184570312500000000e+00
-1.717529296875000000e-01
2.766113281250000000e-01
-4.226074218750000000e-01
3.625488281250000000e-01
-8.319091796875000000e-02
-2.924804687500000000e-01
1.256103515625000000e-01
3.762207031250000000e-01
3.984375000000000000e-01
1.306152343750000000e-02
-3.240966796875000000e-02
-1.209716796875000000e-01
8.233642578125000000e-02
1.923828125000000000e-01
3.229980468750000000e-01
-1.321411132812500000e-02
-3.291015625000000000e-01
6.646728515625000000e-02
7.785797119140625000e-03
7.366943359375000000e-02
8.703613281250000000e-02
-2.148437500000000000e-01
-1.667480468750000000e-01
3.207397460937500000e-02
-1.951904296875000000e-01
-4.868164062500000000e-01
-8.325195312500000000e-02
-1.036987304687500000e-01
1.501464843750000000e-01
-6.768798828125000000e-02
1.103515625000000000e-01
-5.972290039062500000e-02
-3.620147705078125000e-03
1.926269531250000000e-01
2.059326171875000000e-01
-3.173828125000000000e-02
1.419677734375000000e-01
8.935546875000000000e-02
-7.946777343750000000e-02
3.583984375000000000e-01
2.236328125000000000e-01
2.237548828125000000e-01
-6.945800781250000000e-02
-1.828002929687500000e-02
1.968994140625000000e-01
-2.280273437500000000e-01
-5.349731445312500000e-02
-4.538574218750000000e-01
-1.264648437500000000e-01
2.553710937500000000e-01
-3.142089843750000000e-01
1.439208984375000000e-01
1.375732421875000000e-01
-5.336914062500000000e-01
7.977294921875000000e-02
-2.785644531250000000e-01
-3.961181640625000000e-02
-4.769897460937500000e-02
4.788208007812500000e-02
8.361816406250000000e-02
1.282958984375000000e-01
-6.147460937500000000e-01
8.624267578125000000e-02
-2.443847656250000000e-01
-2.408447265625000000e-01
-7.824707031250000000e-02
-2.509765625000000000e-01
1.405029296875000000e-01
2.795410156250000000e-01
-1.369628906250000000e-01
2.419433593750000000e-01
-3.464355468750000000e-01
-1.469726562500000000e-01
-1.431884765625000000e-01
4.016113281250000000e-02
1.978759765625000000e-01
-2.517089843750000000e-01
2.290039062500000000e-01
2.430725097656250000e-02
-1.480712890625000000e-01
-2.377929687500000000e-01
1.347656250000000000e-01
-2.257080078125000000e-01
-9.619140625000000000e-02
-1.585937500000000000e+00
4.987792968750000000e-01
-3.352050781250000000e-01
-1.582031250000000000e-01
-5.776977539062500000e-02
2.263183593750000000e-01
-1.246948242187500000e-01
-2.634277343750000000e-01
3.588867187500000000e-02
1.562500000000000000e-02
1.467285156250000000e-01
-1.330566406250000000e-01
-4.360351562500000000e-01
-1.738281250000000000e-01
1.333007812500000000e-01
6.629943847656250000e-03
-5.297851562500000000e-01
2.799987792968750000e-02
6.872558593750000000e-02
-2.064514160156250000e-02
3.164062500000000000e-01
2.065429687500000000e-01
-3.593750000000000000e-01
-3.894042968750000000e-02
2.386474609375000000e-01
3.886718750000000000e-01
2.021789550781250000e-02
-4.345703125000000000e-01
-1.807861328125000000e-01
-1.668701171875000000e-01
-3.156738281250000000e-01
-2.430725097656250000e-02
-1.815185546875000000e-01
4.626464843750000000e-02
-2.089843750000000000e-01
-2.432861328125000000e-01
-3.010559082031250000e-02
1.920166015625000000e-01
-1.214599609375000000e-01
5.584716796875000000e-02
2.529296875000000000e-01
5.949218750000000000e+00
-1.671142578125000000e-01
-1.135864257812500000e-01
-1.885986328125000000e-01
-4.436035156250000000e-01
-1.248779296875000000e-01
4.621582031250000000e-01
-1.154174804687500000e-01
-6.933593750000000000e-02
-2.135009765625000000e-01
3.183593750000000000e-01
-2.230224609375000000e-01
-9.558105468750000000e-02
1.118774414062500000e-01
-3.908691406250000000e-01
-2.719726562500000000e-01
-2.033691406250000000e-01
2.946777343750000000e-01
3.695678710937500000e-02
-1.628112792968750000e-02
-3.710937500000000000e-01
-1.781005859375000000e-01
-5.999755859375000000e-02
3.637695312500000000e-02
9.844970703125000000e-02
-1.359863281250000000e-01
1.253662109375000000e-01
-2.514648437500000000e-01
-3.876953125000000000e-01
-1.132812500000000000e-01
-9.039306640625000000e-02
-1.973876953125000000e-01
-8.868408203125000000e-02
-1.357421875000000000e-01
1.893615722656250000e-02
2.819824218750000000e-01
-4.495239257812500000e-02
-1.290283203125000000e-01
7.879638671875000000e-02
1.473388671875000000e-01
2.114257812500000000e-01
-3.256835937500000000e-01
2.269287109375000000e-01
-5.029296875000000000e-01
5.230712890625000000e-02
-5.010986328125000000e-02
1.246948242187500000e-01
2.135009765625000000e-01
1.730957031250000000e-01
-8.178710937500000000e-02
-1.211547851562500000e-01
-1.361846923828125000e-02
-2.376708984375000000e-01
3.666992187500000000e-01
1.746826171875000000e-01
4.138183593750000000e-01
1.380920410156250000e-02
2.756347656250000000e-01
-1.445770263671875000e-02
1.748046875000000000e-01
-1.596679687500000000e-01
1.102294921875000000e-01
2.154541015625000000e-01
2.297973632812500000e-02
7.095336914062500000e-03
-5.432128906250000000e-02
-2.098388671875000000e-01
-1.302490234375000000e-01
1.763916015625000000e-01
8.197021484375000000e-02
-5.017089843750000000e-02
2.534484863281250000e-02
-1.906738281250000000e-01
1.706542968750000000e-01
-1.293945312500000000e-01
-5.981445312500000000e-02
-1.091918945312500000e-01
6.049804687500000000e-01
2.687988281250000000e-01
4.135131835937500000e-03
-2.407836914062500000e-02
5.449218750000000000e-01
-1.579589843750000000e-01
9.039306640625000000e-02
-8.837890625000000000e-02
-9.448242187500000000e-02
2.449951171875000000e-01
1.228637695312500000e-01
-3.967285156250000000e-02
-5.773925781250000000e-02
-1.990966796875000000e-01
3.920898437500000000e-01
-8.374023437500000000e-02
1.279296875000000000e-01
1.590576171875000000e-01
-1.828613281250000000e-01
-4.111328125000000000e-01
1.734924316406250000e-02
4.449462890625000000e-02
1.968994140625000000e-01
-4.833984375000000000e-01
1.132202148437500000e-01
7.537841796875000000e-03
3.012695312500000000e-01
1.628417968750000000e-01
-2.225341796875000000e-01
-1.218261718750000000e-01
2.746582031250000000e-01
9.265136718750000000e-02
3.706054687500000000e-01
1.867675781250000000e-01
-4.746093750000000000e-01
-1.242065429687500000e-01
-9.796142578125000000e-02
7.104492187500000000e-02
3.845214843750000000e-02
-2.487792968750000000e-01
-1.172485351562500000e-01
2.255859375000000000e-01
3.546142578125000000e-02
2.062988281250000000e-02
2.976074218750000000e-01
1.502685546875000000e-01
3.835449218750000000e-01
1.492919921875000000e-01
8.679199218750000000e-02
1.616210937500000000e-01
2.485351562500000000e-01
2.454833984375000000e-01
-2.336425781250000000e-01
-7.281494140625000000e-02
-2.149658203125000000e-01
-7.285156250000000000e-01
-1.969909667968750000e-02
-1.728515625000000000e-01
-2.249755859375000000e-01
-2.084960937500000000e-01
2.192687988281250000e-02
-5.361328125000000000e-01
4.030761718750000000e-01
-3.013610839843750000e-02
-3.024902343750000000e-01
-1.412353515625000000e-01
-1.817321777343750000e-02
8.892822265625000000e-02
-1.539306640625000000e-01
-3.616333007812500000e-02
1.713867187500000000e-01
8.477783203125000000e-02
2.060546875000000000e-01
1.739501953125000000e-01
-1.475830078125000000e-01
2.360839843750000000e-01
3.544921875000000000e-01
2.342529296875000000e-01
3.227539062500000000e-01
3.088378906250000000e-02
2.609863281250000000e-01
-1.540527343750000000e-01
2.944335937500000000e-01
4.252929687500000000e-01
1.023101806640625000e-02
-2.839660644531250000e-02
-1.540527343750000000e-01
7.965087890625000000e-02
3.641128540039062500e-03
2.546386718750000000e-01
5.984497070312500000e-02
-2.464599609375000000e-01
1.188964843750000000e-01
1.385498046875000000e-01
-7.330322265625000000e-02
6.475830078125000000e-02
3.256835937500000000e-01
2.149658203125000000e-01
-1.021728515625000000e-01
6.665039062500000000e-02
-8.709716796875000000e-02
2.617187500000000000e-01
5.941406250000000000e+00
-2.442626953125000000e-01
2.971191406250000000e-01
2.829589843750000000e-01
-6.530761718750000000e-02
1.908874511718750000e-02
2.687072753906250000e-02
1.361083984375000000e-01
5.083007812500000000e-01
3.928222656250000000e-01
-1.975097656250000000e-01
1.311035156250000000e-01
-1.020507812500000000e-01
2.758789062500000000e-01
-1.304931640625000000e-01
1.077270507812500000e-02
3.298339843750000000e-01
-2.285156250000000000e+00
-1.447753906250000000e-01
-2.901077270507812500e-03
-5.065917968750000000e-02
-1.832275390625000000e-01
4.190063476562500000e-02
9.844970703125000000e-02
2.812500000000000000e-01
1.308593750000000000e-01
-3.071289062500000000e-01
-1.961669921875000000e-01
-1.662597656250000000e-01
-1.165771484375000000e-01
-2.147216796875000000e-01
-2.198486328125000000e-01
-1.262207031250000000e-01
1.940917968750000000e-01
-1.364746093750000000e-01
1.346435546875000000e-01
-2.236328125000000000e-01
3.775024414062500000e-02
1.485595703125000000e-01
-1.201782226562500000e-01
2.008056640625000000e-01
1.468505859375000000e-01
2.514648437500000000e-02
6.439208984375000000e-02
-2.343750000000000000e-01
-6.439208984375000000e-02
1.319580078125000000e-01
1.027221679687500000e-01
-3.681640625000000000e-01
2.576828002929687500e-03
1.273193359375000000e-01
1.583251953125000000e-01
2.004394531250000000e-01
-3.076171875000000000e-01
-1.824951171875000000e-01
2.390136718750000000e-01
1.850891113281250000e-02
1.781005859375000000e-01
-3.405761718750000000e-01
3.801269531250000000e-01
3.535156250000000000e-01
1.383056640625000000e-01
-1.826171875000000000e-01
-3.120117187500000000e-01
-1.311035156250000000e-01
2.474975585937500000e-02
-1.865234375000000000e-01
-1.308593750000000000e-01
-2.426757812500000000e-01
-2.895507812500000000e-01
-3.041992187500000000e-01
-6.459960937500000000e-01
2.315673828125000000e-01
-3.662109375000000000e-01
-2.336425781250000000e-01
-3.389358520507812500e-03
-4.536132812500000000e-01
-1.500244140625000000e-01
-4.096679687500000000e-01
-1.489257812500000000e-01
9.765625000000000000e-02
-5.024414062500000000e-01
-1.601562500000000000e-01
4.533691406250000000e-01
1.507568359375000000e-01
-5.175781250000000000e-01
1.488037109375000000e-01
4.685058593750000000e-01
2.128601074218750000e-02
-5.024414062500000000e-01
2.768554687500000000e-01
-2.120971679687500000e-02
-3.579101562500000000e-01
2.065429687500000000e-01
-3.414916992187500000e-02
3.117675781250000000e-01
-7.952880859375000000e-02
-1.148071289062500000e-01
4.217529296875000000e-02
6.274414062500000000e-02
-3.994140625000000000e-01
2.578125000000000000e-01
-1.689453125000000000e-01
1.831054687500000000e-01
-1.739501953125000000e-01
-9.857177734375000000e-02
-1.174926757812500000e-01
-1.612548828125000000e-01
-1.773681640625000000e-01
-1.157226562500000000e-01
-3.151855468750000000e-01
-3.332519531250000000e-01
-3.901367187500000000e-01
-1.832580566406250000e-02
-3.730468750000000000e-01
-2.683105468750000000e-01
1.246948242187500000e-01
4.050292968750000000e-01
2.453613281250000000e-01
-2.191162109375000000e-02
1.212768554687500000e-01
1.198120117187500000e-01
6.707763671875000000e-02
-2.061767578125000000e-01
-6.030273437500000000e-01
5.288696289062500000e-02
-5.097656250000000000e-01
5.312500000000000000e-01
-4.003906250000000000e-01
-1.998291015625000000e-01
-2.462158203125000000e-01
-4.694824218750000000e-01
2.341308593750000000e-01
1.318359375000000000e-01
-3.864746093750000000e-01
-2.265625000000000000e-01
-1.798095703125000000e-01
5.942382812500000000e-01
3.505859375000000000e-01
1.335449218750000000e-01
-3.400878906250000000e-01
-2.125244140625000000e-01
-1.374511718750000000e-01
5.126953125000000000e-01
1.691894531250000000e-01
1.090698242187500000e-01
2.558593750000000000e-01
-1.866455078125000000e-01
7.385253906250000000e-02
1.612548828125000000e-01
1.430664062500000000e-01
3.774414062500000000e-01
2.763671875000000000e-01
1.879882812500000000e-01
1.282958984375000000e-01
-5.112304687500000000e-01
-1.729736328125000000e-01
-1.938476562500000000e-01
-2.297363281250000000e-01
-2.075195312500000000e-01
-1.245117187500000000e-01
-2.692871093750000000e-01
-2.089843750000000000e-01
1.205444335937500000e-01
2.145385742187500000e-02
8.135986328125000000e-02
4.514160156250000000e-01
4.240722656250000000e-01
-8.343505859375000000e-02
-5.493164062500000000e-01
1.606445312500000000e-01
1.926269531250000000e-01
3.463745117187500000e-02
4.940795898437500000e-02
-8.308410644531250000e-03
-2.810955047607421875e-04
4.826660156250000000e-01
3.216552734375000000e-02
-3.020019531250000000e-01
4.946899414062500000e-02
3.589630126953125000e-03
6.445312500000000000e-01
-9.051513671875000000e-02
-3.323364257812500000e-02
5.024414062500000000e-01
2.214050292968750000e-02
-3.481445312500000000e-01
-6.362915039062500000e-03
3.808593750000000000e-02
-8.392333984375000000e-02
2.880859375000000000e-01
3.266601562500000000e-01
-5.767822265625000000e-02
-3.654785156250000000e-01
-2.412109375000000000e-01
-1.862792968750000000e-01
-2.829589843750000000e-01
-2.897949218750000000e-01
-8.471679687500000000e-02
3.952026367187500000e-02
