1.752929687500000000e-01
-1.763916015625000000e-01
2.180175781250000000e-01
1.563720703125000000e-01
9.289550781250000000e-02
-8.270263671875000000e-02
-8.564453125000000000e-01
-2.369384765625000000e-01
-2.113037109375000000e-01
-1.356201171875000000e-01
6.311035156250000000e-02
-1.008300781250000000e-01
-1.497802734375000000e-01
-1.185913085937500000e-01
7.519531250000000000e-02
3.571777343750000000e-01
3.471679687500000000e-01
-1.000976562500000000e-01
-2.912902832031250000e-02
-1.878662109375000000e-01
2.973632812500000000e-01
3.962402343750000000e-01
3.698730468750000000e-01
4.565429687500000000e-01
-1.445312500000000000e-01
1.848144531250000000e-01
1.911621093750000000e-01
-2.622070312500000000e-01
-1.387939453125000000e-01
1.539306640625000000e-01
7.827758789062500000e-03
-4.956054687500000000e-02
-3.981933593750000000e-01
-2.551269531250000000e-01
3.156738281250000000e-01
-1.370849609375000000e-01
2.147216796875000000e-01
1.662597656250000000e-01
-1.116333007812500000e-01
6.951904296875000000e-02
-8.044433593750000000e-02
8.496093750000000000e-02
9.582519531250000000e-03
2.366943359375000000e-01
4.011230468750000000e-01
2.614746093750000000e-01
-3.151855468750000000e-01
3.088378906250000000e-01
7.339477539062500000e-03
7.843017578125000000e-02
-2.496337890625000000e-01
-4.143066406250000000e-01
8.221435546875000000e-02
-9.124755859375000000e-02
1.488037109375000000e-01
-8.563232421875000000e-02
8.380126953125000000e-02
4.742431640625000000e-02
-5.340576171875000000e-02
1.249389648437500000e-01
8.746337890625000000e-02
-3.498535156250000000e-01
1.577148437500000000e-01
-1.098632812500000000e-01
2.380371093750000000e-01
5.392456054687500000e-02
-2.500000000000000000e-01
1.904296875000000000e-01
-3.039550781250000000e-02
-8.281250000000000000e-01
3.193359375000000000e-01
-1.712646484375000000e-01
-2.313232421875000000e-02
-8.850097656250000000e-02
-2.133789062500000000e-01
4.096679687500000000e-01
1.483917236328125000e-02
1.728820800781250000e-02
-2.461242675781250000e-02
-1.379394531250000000e-01
-9.277343750000000000e-02
3.774414062500000000e-01
7.635498046875000000e-02
5.673828125000000000e-01
-1.697998046875000000e-01
-4.116210937500000000e-01
3.188476562500000000e-01
-3.745117187500000000e-01
1.936035156250000000e-01
4.487304687500000000e-01
3.430175781250000000e-01
2.523803710937500000e-02
-1.270507812500000000e+00
1.884765625000000000e-01
-3.479003906250000000e-01
-5.020141601562500000e-02
1.051025390625000000e-01
4.684448242187500000e-02
-4.851074218750000000e-01
2.531738281250000000e-01
1.826171875000000000e-01
4.763183593750000000e-01
4.910278320312500000e-02
-4.755859375000000000e-01
-7.915039062500000000e-01
-1.356506347656250000e-02
3.552246093750000000e-02
-6.323242187500000000e-02
1.370849609375000000e-01
6.010742187500000000e-01
-3.461914062500000000e-01
5.386352539062500000e-02
-2.312011718750000000e-01
-3.701171875000000000e-01
1.116180419921875000e-02
-1.150512695312500000e-01
-9.020996093750000000e-02
6.215820312500000000e-01
-3.488769531250000000e-01
7.354736328125000000e-02
1.816406250000000000e-01
-5.820312500000000000e-01
8.233642578125000000e-02
-8.129882812500000000e-01
-5.722045898437500000e-02
1.012573242187500000e-01
1.239013671875000000e-01
-2.157592773437500000e-02
2.401123046875000000e-01
4.343261718750000000e-01
6.787109375000000000e-01
-2.707519531250000000e-01
-1.010131835937500000e-01
4.734375000000000000e+00
3.664550781250000000e-01
5.756835937500000000e-01
8.862304687500000000e-02
-6.928710937500000000e-01
2.993164062500000000e-01
-2.045898437500000000e-01
8.709716796875000000e-02
3.308105468750000000e-01
-2.680969238281250000e-02
-1.230468750000000000e-01
-4.326171875000000000e-01
-1.060791015625000000e-01
-3.642578125000000000e-01
-1.586914062500000000e-01
3.220214843750000000e-01
-8.392333984375000000e-02
3.945312500000000000e-01
2.949218750000000000e-01
2.286376953125000000e-01
1.419677734375000000e-01
1.270751953125000000e-01
-3.356933593750000000e-02
-1.826171875000000000e-01
1.555175781250000000e-01
1.612548828125000000e-01
4.382324218750000000e-02
-4.724121093750000000e-01
-2.734375000000000000e-01
2.880859375000000000e-01
1.663818359375000000e-01
1.403808593750000000e-01
-1.462402343750000000e-01
1.815185546875000000e-01
-1.096801757812500000e-01
-1.175537109375000000e-01
-1.019287109375000000e-02
-3.273925781250000000e-01
4.531250000000000000e-01
4.345703125000000000e-02
-1.754150390625000000e-01
-5.961914062500000000e-01
3.637695312500000000e-01
-3.913574218750000000e-01
-1.158905029296875000e-02
-3.909301757812500000e-02
-1.868896484375000000e-01
2.230224609375000000e-01
1.142578125000000000e-01
6.945800781250000000e-02
-3.005371093750000000e-01
2.445068359375000000e-01
-1.933593750000000000e-01
-2.292480468750000000e-01
-1.689453125000000000e-01
9.240722656250000000e-02
1.486816406250000000e-01
2.169189453125000000e-01
4.476928710937500000e-02
3.039550781250000000e-01
-2.316894531250000000e-01
-1.099395751953125000e-02
-6.890869140625000000e-02
1.100921630859375000e-02
1.911621093750000000e-01
2.009582519531250000e-02
-1.486816406250000000e-01
2.025146484375000000e-01
3.753662109375000000e-02
5.441284179687500000e-02
2.639160156250000000e-01
1.132812500000000000e-01
1.800537109375000000e-01
7.391357421875000000e-02
-1.649475097656250000e-02
-7.470703125000000000e-01
-1.773071289062500000e-02
3.034667968750000000e-01
2.543945312500000000e-01
1.579589843750000000e-01
-2.687988281250000000e-01
1.298828125000000000e-01
-2.211914062500000000e-01
-3.073730468750000000e-01
4.220581054687500000e-02
-5.380249023437500000e-02
-1.263427734375000000e-01
1.903076171875000000e-01
-1.884765625000000000e-01
-2.929687500000000000e-01
-2.352294921875000000e-01
2.384948730468750000e-02
-6.582031250000000000e-01
-3.698730468750000000e-02
-4.863281250000000000e-01
-2.909851074218750000e-02
-1.943359375000000000e-01
1.016845703125000000e-01
2.651367187500000000e-01
2.038574218750000000e-01
-5.786132812500000000e-01
-9.948730468750000000e-02
5.537109375000000000e-01
-3.317260742187500000e-02
1.495361328125000000e-01
-2.619934082031250000e-02
2.201843261718750000e-02
3.569335937500000000e-01
2.407226562500000000e-01
5.351562500000000000e-01
1.041870117187500000e-01
4.729003906250000000e-01
-5.249023437500000000e-03
-2.590332031250000000e-01
-3.173828125000000000e-01
-1.061401367187500000e-01
-1.601562500000000000e-01
-3.688964843750000000e-01
3.120117187500000000e-01
5.697631835937500000e-02
4.043579101562500000e-02
-3.383789062500000000e-01
3.950195312500000000e-01
-6.304931640625000000e-02
1.656494140625000000e-01
-8.483886718750000000e-02
1.715087890625000000e-01
3.253173828125000000e-02
-5.133056640625000000e-02
1.789855957031250000e-02
-3.631591796875000000e-02
-1.230468750000000000e-01
-1.571044921875000000e-01
2.100830078125000000e-01
-1.688232421875000000e-01
-5.136718750000000000e-01
2.131347656250000000e-01
1.000213623046875000e-02
-2.919921875000000000e-01
3.424072265625000000e-02
-2.018737792968750000e-02
-2.484130859375000000e-01
3.300781250000000000e-01
7.025146484375000000e-02
-8.050537109375000000e-02
5.273437500000000000e-02
-1.129150390625000000e-01
2.058105468750000000e-01
1.719665527343750000e-02
3.576660156250000000e-01
4.848632812500000000e-01
-9.301757812500000000e-02
-2.188720703125000000e-01
1.375732421875000000e-01
1.582031250000000000e-01
3.471679687500000000e-01
-1.038818359375000000e-01
-2.481689453125000000e-01
-9.946823120117187500e-04
7.647705078125000000e-02
-3.240966796875000000e-02
-6.994628906250000000e-02
-2.888183593750000000e-01
-1.785888671875000000e-01
1.667480468750000000e-01
-2.827453613281250000e-02
-1.461181640625000000e-01
-1.445312500000000000e-01
-4.306640625000000000e-01
-1.795654296875000000e-01
1.148071289062500000e-01
-1.000976562500000000e-01
1.339111328125000000e-01
-3.581542968750000000e-01
-1.238250732421875000e-02
1.931152343750000000e-01
-5.126953125000000000e-02
1.463317871093750000e-02
-1.469726562500000000e-01
4.738281250000000000e+00
7.128906250000000000e-02
-1.307373046875000000e-01
3.742675781250000000e-01
2.553710937500000000e-01
5.493164062500000000e-01
3.286132812500000000e-01
2.196044921875000000e-01
-1.674804687500000000e-01
4.411621093750000000e-01
1.571044921875000000e-01
-4.528808593750000000e-01
-2.043457031250000000e-01
2.395019531250000000e-01
4.644775390625000000e-02
-1.802978515625000000e-01
3.448486328125000000e-02
-1.657226562500000000e+00
-3.155517578125000000e-02
1.037597656250000000e-01
1.643066406250000000e-01
1.567382812500000000e-01
-3.730468750000000000e-01
7.708740234375000000e-02
-8.953857421875000000e-02
4.104003906250000000e-01
-1.282501220703125000e-02
-2.377929687500000000e-01
-3.613281250000000000e-01
4.629516601562500000e-02
4.072265625000000000e-01
-2.641601562500000000e-01
-1.102294921875000000e-01
2.039794921875000000e-01
-4.837036132812500000e-02
1.391601562500000000e-01
-1.630859375000000000e-01
-3.579101562500000000e-01
4.023437500000000000e-01
3.999023437500000000e-01
4.507446289062500000e-02
1.916503906250000000e-01
5.043945312500000000e-01
1.713867187500000000e-01
-2.316894531250000000e-01
-5.297851562500000000e-02
-3.808593750000000000e-02
1.640625000000000000e-01
1.419677734375000000e-01
-8.227539062500000000e-02
2.922363281250000000e-01
-1.829833984375000000e-01
-8.581542968750000000e-02
1.501464843750000000e-01
6.640625000000000000e-02
5.224609375000000000e-02
1.005249023437500000e-01
-4.692382812500000000e-01
6.378173828125000000e-02
3.791503906250000000e-01
-1.437988281250000000e-01
2.514648437500000000e-01
1.182250976562500000e-01
-1.866455078125000000e-01
-1.184692382812500000e-01
1.646728515625000000e-01
-5.092773437500000000e-01
-9.631347656250000000e-02
-1.313476562500000000e-01
-2.583007812500000000e-01
1.010131835937500000e-01
-2.597656250000000000e-01
1.340332031250000000e-01
8.598327636718750000e-03
2.005615234375000000e-01
5.566406250000000000e-01
2.235412597656250000e-02
-1.600341796875000000e-01
-5.898437500000000000e-01
4.870605468750000000e-02
-1.998291015625000000e-01
-2.634277343750000000e-01
-1.972656250000000000e-01
6.555175781250000000e-02
-1.318359375000000000e-01
4.559326171875000000e-02
-1.435546875000000000e-01
4.597167968750000000e-01
-1.900634765625000000e-01
3.793334960937500000e-02
-7.763671875000000000e-02
-4.473876953125000000e-02
2.220153808593750000e-02
-2.138671875000000000e-01
1.736450195312500000e-02
7.006835937500000000e-02
1.797485351562500000e-02
-1.549072265625000000e-01
-4.045410156250000000e-01
7.666015625000000000e-02
3.915405273437500000e-02
2.728271484375000000e-02
1.441650390625000000e-01
2.587890625000000000e-01
2.804565429687500000e-02
7.213592529296875000e-03
-4.616699218750000000e-01
-1.054687500000000000e-01
1.043090820312500000e-01
-1.374511718750000000e-01
5.639648437500000000e-01
-6.435546875000000000e-01
-1.558837890625000000e-01
1.684570312500000000e-01
1.623535156250000000e-01
-3.127441406250000000e-01
1.514434814453125000e-02
6.854248046875000000e-02
6.771087646484375000e-03
1.490478515625000000e-01
-1.410484313964843750e-03
-5.199432373046875000e-03
1.372070312500000000e-01
-1.590576171875000000e-01
7.232666015625000000e-03
-4.592895507812500000e-02
-9.857177734375000000e-02
5.009765625000000000e-01
2.597656250000000000e-01
-2.054443359375000000e-01
-1.011962890625000000e-01
-2.702636718750000000e-01
-1.309814453125000000e-01
4.864501953125000000e-02
9.991455078125000000e-02
-4.260253906250000000e-01
-7.513427734375000000e-02
5.170898437500000000e-01
-1.702880859375000000e-01
-3.461914062500000000e-01
-1.973876953125000000e-01
1.906738281250000000e-01
-2.900390625000000000e-01
-1.457519531250000000e-01
3.212890625000000000e-01
1.649169921875000000e-01
1.251220703125000000e-01
1.513671875000000000e-01
1.629638671875000000e-01
3.825683593750000000e-01
-3.188476562500000000e-01
2.241210937500000000e-01
4.355468750000000000e-01
3.402709960937500000e-02
2.717285156250000000e-01
-6.835937500000000000e-01
-9.997558593750000000e-02
-8.740234375000000000e-02
4.595947265625000000e-02
2.833557128906250000e-02
8.697509765625000000e-02
9.445190429687500000e-03
-1.783447265625000000e-01
2.343750000000000000e-01
-5.004882812500000000e-01
1.921386718750000000e-01
8.776855468750000000e-02
3.144531250000000000e-01
3.686523437500000000e-01
-6.669921875000000000e-01
-7.574462890625000000e-02
2.708435058593750000e-02
-5.532836914062500000e-02
-2.152099609375000000e-01
1.062011718750000000e-01
-9.552001953125000000e-03
-3.569335937500000000e-01
-1.482009887695312500e-03
3.771972656250000000e-01
-2.409667968750000000e-01
-5.478515625000000000e-01
7.265625000000000000e-01
4.544067382812500000e-02
2.258300781250000000e-01
-2.062988281250000000e-02
-1.280517578125000000e-01
-4.138183593750000000e-01
-3.505859375000000000e-01
1.172485351562500000e-01
-4.074096679687500000e-03
3.928222656250000000e-01
1.673583984375000000e-01
2.687988281250000000e-01
-2.822265625000000000e-01
3.219604492187500000e-02
-2.666015625000000000e-01
-7.873535156250000000e-02
-2.597656250000000000e-01
-1.962890625000000000e-01
-1.613769531250000000e-01
