1.622314453125000000e-01
-1.604003906250000000e-01
9.655761718750000000e-02
1.545410156250000000e-01
-3.036499023437500000e-02
1.808166503906250000e-02
1.165771484375000000e-02
-1.024414062500000000e+00
-2.836914062500000000e-01
2.834472656250000000e-01
-6.311035156250000000e-02
-1.151733398437500000e-01
5.105590820312500000e-02
-3.400878906250000000e-01
1.639404296875000000e-01
9.625244140625000000e-02
4.221191406250000000e-01
3.632812500000000000e-01
-2.775878906250000000e-01
6.512451171875000000e-02
4.150390625000000000e-01
4.565429687500000000e-01
5.889892578125000000e-02
1.377105712890625000e-02
-1.672363281250000000e-01
1.232910156250000000e-01
-6.591796875000000000e-02
6.445312500000000000e-02
-8.255004882812500000e-03
2.464599609375000000e-01
-1.473388671875000000e-01
-3.469238281250000000e-01
-5.550384521484375000e-03
-1.302490234375000000e-01
-6.113281250000000000e-01
2.636718750000000000e-01
-2.639160156250000000e-01
2.302246093750000000e-01
-1.094360351562500000e-01
-7.977294921875000000e-02
-3.012084960937500000e-02
-2.824401855468750000e-02
-3.115234375000000000e-01
-2.031250000000000000e-01
3.622436523437500000e-02
2.724609375000000000e-01
1.027832031250000000e-01
3.205566406250000000e-01
-8.691406250000000000e-02
-7.514953613281250000e-03
1.254882812500000000e-01
-3.420410156250000000e-01
-1.617431640625000000e-01
-4.304199218750000000e-01
-5.224609375000000000e-01
-1.750488281250000000e-01
3.354492187500000000e-01
1.181640625000000000e-01
-2.900390625000000000e-01
2.871093750000000000e-01
2.578125000000000000e-01
-4.968261718750000000e-01
-1.639404296875000000e-01
-3.132324218750000000e-01
2.186584472656250000e-02
2.618789672851562500e-03
2.192382812500000000e-01
-8.384704589843750000e-03
-2.753906250000000000e-01
-1.685791015625000000e-01
7.867431640625000000e-02
-2.426757812500000000e-01
-2.727050781250000000e-01
1.635742187500000000e-01
-1.765441894531250000e-02
-3.266601562500000000e-01
1.831054687500000000e-01
1.055297851562500000e-01
-8.715820312500000000e-02
6.076049804687500000e-02
-4.750976562500000000e-01
-3.041992187500000000e-01
-4.189453125000000000e-01
-6.088256835937500000e-02
2.695312500000000000e-01
1.962890625000000000e-01
5.938720703125000000e-02
-1.213378906250000000e-01
-2.722167968750000000e-01
-4.953145980834960938e-05
-6.842041015625000000e-02
5.480957031250000000e-02
-1.538085937500000000e+00
5.883789062500000000e-01
-2.687988281250000000e-01
5.523681640625000000e-02
4.064941406250000000e-01
5.063476562500000000e-01
3.562011718750000000e-01
-2.758789062500000000e-01
1.285400390625000000e-01
3.486328125000000000e-01
2.203369140625000000e-01
-1.015014648437500000e-01
-5.556640625000000000e-01
1.122436523437500000e-01
-5.970001220703125000e-03
1.280517578125000000e-01
-1.290283203125000000e-01
-3.538131713867187500e-03
-7.830810546875000000e-02
-1.010131835937500000e-01
-1.420898437500000000e-01
4.316406250000000000e-01
1.333007812500000000e-01
-4.696655273437500000e-02
1.007690429687500000e-01
2.666015625000000000e-01
-2.371826171875000000e-01
9.259033203125000000e-02
3.878784179687500000e-02
-2.196044921875000000e-01
-1.961669921875000000e-01
-2.298583984375000000e-01
-3.120117187500000000e-01
-5.205078125000000000e-01
-2.937011718750000000e-01
1.372070312500000000e-01
-4.186630249023437500e-04
4.887695312500000000e-01
2.670898437500000000e-01
3.137207031250000000e-01
6.072998046875000000e-02
6.144531250000000000e+00
1.334228515625000000e-01
1.730346679687500000e-02
-2.288818359375000000e-01
-5.195312500000000000e-01
-4.708862304687500000e-02
1.995849609375000000e-01
1.715087890625000000e-01
-3.942871093750000000e-01
-2.604980468750000000e-01
2.797851562500000000e-01
-1.557617187500000000e-01
1.474609375000000000e-01
-5.819702148437500000e-02
-1.042480468750000000e-01
-5.092773437500000000e-01
-2.556152343750000000e-01
-1.335449218750000000e-01
-1.945800781250000000e-01
-3.671264648437500000e-02
2.736816406250000000e-01
-3.170776367187500000e-02
7.348632812500000000e-02
-2.205810546875000000e-01
-2.451171875000000000e-01
-6.793212890625000000e-02
-3.193359375000000000e-01
-1.662597656250000000e-01
3.642578125000000000e-01
-3.034667968750000000e-01
-1.070404052734375000e-02
5.819702148437500000e-02
1.180419921875000000e-01
2.182617187500000000e-01
-1.011962890625000000e-01
4.033203125000000000e-01
-4.438476562500000000e-01
3.093261718750000000e-01
-3.013610839843750000e-02
-1.976013183593750000e-02
3.239746093750000000e-01
-3.745117187500000000e-01
8.477783203125000000e-02
-1.166992187500000000e-01
-1.959228515625000000e-01
4.030761718750000000e-01
5.340576171875000000e-02
4.169921875000000000e-01
2.440185546875000000e-01
-5.595703125000000000e-01
-2.193603515625000000e-01
5.334472656250000000e-02
-8.453369140625000000e-02
-7.690429687500000000e-02
-1.718139648437500000e-02
-2.108154296875000000e-01
7.879638671875000000e-02
2.172851562500000000e-01
6.622314453125000000e-02
-1.151123046875000000e-01
-6.762695312500000000e-02
-1.013793945312500000e-01
-1.252441406250000000e-01
-2.242431640625000000e-01
1.788330078125000000e-01
-9.323120117187500000e-03
-1.676940917968750000e-02
-1.008300781250000000e-01
-2.211914062500000000e-01
1.527099609375000000e-01
1.317138671875000000e-01
-2.221679687500000000e-01
-4.189453125000000000e-01
-4.992675781250000000e-02
-2.606201171875000000e-02
-5.944824218750000000e-02
-2.077636718750000000e-01
7.617187500000000000e-01
2.218627929687500000e-02
1.678466796875000000e-01
5.341796875000000000e-01
5.688476562500000000e-02
-2.031250000000000000e-01
1.862792968750000000e-01
-4.302978515625000000e-02
-1.027221679687500000e-01
9.651184082031250000e-03
-1.221313476562500000e-01
-1.263427734375000000e-01
-1.223754882812500000e-02
-2.561035156250000000e-01
4.287109375000000000e-01
8.917236328125000000e-02
4.086914062500000000e-01
-4.421386718750000000e-01
-1.024169921875000000e-01
-2.125244140625000000e-01
-4.445800781250000000e-01
-4.785156250000000000e-02
6.365966796875000000e-02
1.458740234375000000e-01
-3.567504882812500000e-02
2.934570312500000000e-01
1.701354980468750000e-02
1.645507812500000000e-01
-3.330078125000000000e-01
-1.420898437500000000e-01
-3.056640625000000000e-01
8.483886718750000000e-03
2.061767578125000000e-01
2.834472656250000000e-01
2.917480468750000000e-02
-1.923828125000000000e-01
-1.849365234375000000e-01
-1.612548828125000000e-01
3.666992187500000000e-01
-1.577148437500000000e-01
-3.806152343750000000e-01
4.589843750000000000e-01
1.137084960937500000e-01
2.158203125000000000e-01
-5.569458007812500000e-02
1.329345703125000000e-01
2.303466796875000000e-01
1.138916015625000000e-01
1.798095703125000000e-01
2.381896972656250000e-02
2.143859863281250000e-02
2.106933593750000000e-01
-2.519226074218750000e-02
1.254882812500000000e-01
1.828613281250000000e-01
8.905029296875000000e-02
1.961669921875000000e-01
-7.294921875000000000e-01
-2.401123046875000000e-01
3.869628906250000000e-01
-2.309570312500000000e-01
-1.237792968750000000e-01
1.116333007812500000e-01
4.614257812500000000e-02
1.356201171875000000e-01
-2.500000000000000000e-01
-1.267089843750000000e-01
1.284027099609375000e-02
1.060180664062500000e-01
2.293701171875000000e-01
2.320556640625000000e-01
-1.001586914062500000e-01
-1.611328125000000000e-02
1.029663085937500000e-01
-1.184844970703125000e-02
3.129882812500000000e-01
2.670898437500000000e-01
-1.503753662109375000e-02
2.374267578125000000e-01
4.443359375000000000e-01
3.349609375000000000e-01
1.451873779296875000e-02
-6.683349609375000000e-02
-1.397705078125000000e-01
3.732299804687500000e-02
-2.752685546875000000e-02
-4.753417968750000000e-01
-4.323730468750000000e-01
-3.120117187500000000e-01
4.310607910156250000e-03
1.211547851562500000e-01
-8.770751953125000000e-02
7.122802734375000000e-02
-7.403564453125000000e-02
1.282958984375000000e-01
2.427978515625000000e-01
3.323364257812500000e-02
-1.705322265625000000e-01
-3.683471679687500000e-02
2.105712890625000000e-01
-1.568603515625000000e-01
7.037353515625000000e-02
6.144531250000000000e+00
2.163696289062500000e-02
4.431152343750000000e-02
-2.864074707031250000e-02
1.241455078125000000e-01
-2.795410156250000000e-01
-1.008605957031250000e-02
2.133789062500000000e-01
3.657226562500000000e-01
3.698730468750000000e-01
2.290039062500000000e-01
4.901123046875000000e-02
-3.093261718750000000e-01
1.094360351562500000e-01
-1.203613281250000000e-01
3.805541992187500000e-02
2.001953125000000000e-01
-2.166015625000000000e+00
2.934570312500000000e-01
-5.450439453125000000e-02
-1.005859375000000000e-01
5.083007812500000000e-01
-4.257202148437500000e-02
1.717529296875000000e-01
1.667785644531250000e-02
-2.141113281250000000e-01
1.011962890625000000e-01
-1.506347656250000000e-01
-2.619628906250000000e-01
-4.448242187500000000e-01
3.466796875000000000e-01
-1.131591796875000000e-01
1.176147460937500000e-01
2.078857421875000000e-01
4.853515625000000000e-01
5.566406250000000000e-01
-3.900146484375000000e-02
-3.100585937500000000e-01
-4.086914062500000000e-01
-1.539306640625000000e-01
6.021118164062500000e-02
1.161499023437500000e-01
3.869628906250000000e-02
1.233520507812500000e-01
-1.528320312500000000e-01
3.063964843750000000e-01
-1.727294921875000000e-02
2.072753906250000000e-01
-6.866455078125000000e-02
-1.122436523437500000e-01
-3.984375000000000000e-01
-3.475952148437500000e-02
-1.364746093750000000e-01
-1.970214843750000000e-01
1.469726562500000000e-01
2.011718750000000000e-01
1.362304687500000000e-01
-2.198791503906250000e-02
1.428222656250000000e-01
2.285156250000000000e-01
-4.262924194335937500e-04
1.479492187500000000e-01
-3.537597656250000000e-01
1.638183593750000000e-01
-1.381835937500000000e-01
2.536621093750000000e-01
-4.934082031250000000e-01
4.611206054687500000e-02
-2.802734375000000000e-01
3.735351562500000000e-01
3.186035156250000000e-02
-4.182128906250000000e-01
-2.208251953125000000e-01
-4.394531250000000000e-02
-3.610229492187500000e-02
2.242431640625000000e-01
-3.391113281250000000e-01
2.422332763671875000e-03
-4.099121093750000000e-01
-1.756591796875000000e-01
5.859375000000000000e-03
-1.251220703125000000e-01
1.649169921875000000e-01
3.305664062500000000e-01
1.805419921875000000e-01
1.179199218750000000e-01
-3.616333007812500000e-02
4.167480468750000000e-01
1.085815429687500000e-01
1.101074218750000000e-01
-3.369140625000000000e-01
2.416992187500000000e-01
-3.100585937500000000e-01
6.060791015625000000e-02
4.389648437500000000e-01
-1.679992675781250000e-02
-2.326660156250000000e-01
-1.352539062500000000e-01
2.313232421875000000e-01
1.782226562500000000e-01
-8.142089843750000000e-02
7.690429687500000000e-02
-2.343750000000000000e-01
1.147460937500000000e-01
-2.310180664062500000e-02
-1.623535156250000000e-02
-4.690551757812500000e-02
1.140594482421875000e-02
-2.573242187500000000e-01
-1.459960937500000000e-01
-7.812500000000000000e-02
-2.178955078125000000e-01
-1.291503906250000000e-01
-1.229248046875000000e-01
-1.707763671875000000e-01
-4.531250000000000000e-01
1.420898437500000000e-01
1.643066406250000000e-01
-2.958984375000000000e-01
-1.638183593750000000e-01
-3.510742187500000000e-01
-2.207031250000000000e-01
-2.265930175781250000e-02
1.261901855468750000e-02
3.021240234375000000e-02
1.118164062500000000e-01
-3.669433593750000000e-01
5.377197265625000000e-02
-1.550292968750000000e-01
-3.208160400390625000e-03
-1.414794921875000000e-01
5.194091796875000000e-02
4.028320312500000000e-02
1.651611328125000000e-01
6.939697265625000000e-02
-3.552246093750000000e-01
7.696533203125000000e-02
-3.192138671875000000e-02
8.911132812500000000e-03
3.543853759765625000e-03
8.416748046875000000e-02
2.302246093750000000e-01
7.421875000000000000e-02
1.624755859375000000e-01
6.396484375000000000e-02
2.699279785156250000e-02
-9.100341796875000000e-02
-4.940795898437500000e-02
-1.566162109375000000e-01
4.179687500000000000e-01
-1.025390625000000000e-01
5.146484375000000000e-01
2.708435058593750000e-02
1.149291992187500000e-01
-8.215332031250000000e-02
-1.032104492187500000e-01
-3.537597656250000000e-01
2.871093750000000000e-01
6.835937500000000000e-02
-3.491210937500000000e-01
1.467895507812500000e-02
-4.023437500000000000e-01
2.369384765625000000e-01
1.023559570312500000e-01
1.868896484375000000e-01
4.245605468750000000e-01
-1.534271240234375000e-02
3.540039062500000000e-01
3.598632812500000000e-01
-5.541992187500000000e-01
3.256835937500000000e-01
2.011718750000000000e-01
4.011230468750000000e-01
2.174072265625000000e-01
4.375000000000000000e-01
5.258178710937500000e-02
-6.585693359375000000e-02
2.232666015625000000e-01
1.771240234375000000e-01
9.899902343750000000e-02
-2.054443359375000000e-01
6.357421875000000000e-01
8.715820312500000000e-02
4.150390625000000000e-01
1.153564453125000000e-01
-3.066406250000000000e-01
2.861022949218750000e-02
3.186035156250000000e-01
-2.526855468750000000e-01
1.137695312500000000e-01
3.466796875000000000e-02
3.361816406250000000e-01
-3.817749023437500000e-02
9.149169921875000000e-02
-3.947753906250000000e-01
-2.319335937500000000e-01
2.920532226562500000e-02
-8.369445800781250000e-03
9.771728515625000000e-02
1.352539062500000000e-01
