9.893798828125000000e-02
-4.165649414062500000e-02
-1.809082031250000000e-01
1.612548828125000000e-01
-1.778564453125000000e-01
-4.260253906250000000e-01
3.767089843750000000e-01
-1.375976562500000000e+00
-1.133422851562500000e-01
3.508300781250000000e-01
3.144531250000000000e-01
2.648925781250000000e-01
-1.290283203125000000e-01
-1.528320312500000000e-01
2.446289062500000000e-01
-2.566528320312500000e-02
3.291015625000000000e-01
1.614990234375000000e-01
-3.439941406250000000e-01
4.840087890625000000e-02
3.496170043945312500e-03
3.071289062500000000e-01
1.928710937500000000e-01
-1.719970703125000000e-01
2.050781250000000000e-01
-2.266845703125000000e-01
-2.639160156250000000e-01
2.656250000000000000e-01
1.259765625000000000e-01
2.473144531250000000e-01
-2.280273437500000000e-01
-1.201782226562500000e-01
5.484008789062500000e-02
3.676757812500000000e-01
-1.191406250000000000e-01
1.163330078125000000e-01
-4.763793945312500000e-02
4.614257812500000000e-01
1.625061035156250000e-03
-1.115112304687500000e-01
-1.291503906250000000e-01
1.778564453125000000e-01
2.925109863281250000e-02
-1.729736328125000000e-01
1.182861328125000000e-01
3.176269531250000000e-01
6.137695312500000000e-01
3.002929687500000000e-01
1.370849609375000000e-01
1.168212890625000000e-01
-2.373046875000000000e-01
-2.205810546875000000e-01
-3.393554687500000000e-02
-5.276489257812500000e-02
9.857177734375000000e-02
5.871582031250000000e-02
-8.880615234375000000e-02
-2.795410156250000000e-01
-5.190429687500000000e-01
5.572509765625000000e-02
1.473388671875000000e-01
4.022216796875000000e-02
5.633544921875000000e-02
1.810302734375000000e-01
-1.427001953125000000e-01
-9.655952453613281250e-04
3.991699218750000000e-02
1.139526367187500000e-01
-1.927490234375000000e-01
8.636474609375000000e-02
2.000732421875000000e-01
-1.810302734375000000e-01
-6.616210937500000000e-02
-2.600097656250000000e-01
-1.608886718750000000e-01
2.587890625000000000e-01
4.865722656250000000e-01
-2.286376953125000000e-01
1.054687500000000000e-01
3.710937500000000000e-01
-3.051757812500000000e-01
-4.598999023437500000e-02
-1.403808593750000000e-02
-2.810668945312500000e-02
-1.812744140625000000e-01
-1.029052734375000000e-01
4.235839843750000000e-02
-2.037353515625000000e-01
-1.859130859375000000e-01
2.470703125000000000e-01
-5.502319335937500000e-02
-2.100830078125000000e-01
-1.533203125000000000e+00
4.118652343750000000e-01
-2.243652343750000000e-01
2.348327636718750000e-02
2.915039062500000000e-01
5.023956298828125000e-03
2.531738281250000000e-01
9.631347656250000000e-02
-1.656494140625000000e-01
-7.818603515625000000e-02
3.735351562500000000e-01
1.647949218750000000e-01
-2.819824218750000000e-01
-2.761230468750000000e-01
3.061523437500000000e-01
-2.344970703125000000e-01
-2.164306640625000000e-01
-1.674804687500000000e-01
-1.167297363281250000e-02
8.087158203125000000e-02
-1.233520507812500000e-01
-3.422851562500000000e-01
-3.718261718750000000e-01
-1.341552734375000000e-01
2.617187500000000000e-01
-3.161621093750000000e-02
-1.383056640625000000e-01
1.408691406250000000e-01
3.322753906250000000e-01
-4.099121093750000000e-01
-2.064208984375000000e-01
-1.464843750000000000e-01
-1.860351562500000000e-01
-5.252838134765625000e-03
6.445312500000000000e-02
-3.166503906250000000e-01
-3.320312500000000000e-02
8.466796875000000000e-01
1.220703125000000000e-01
1.657714843750000000e-01
-2.403564453125000000e-01
6.414062500000000000e+00
6.817626953125000000e-02
-8.850097656250000000e-02
-2.839355468750000000e-01
-1.539306640625000000e-01
-3.292846679687500000e-02
-2.095947265625000000e-01
2.448730468750000000e-01
1.854248046875000000e-01
-1.335449218750000000e-01
2.460937500000000000e-01
-1.688232421875000000e-01
-1.280517578125000000e-01
2.551269531250000000e-01
6.280517578125000000e-02
-1.083374023437500000e-01
-5.279541015625000000e-02
1.030273437500000000e-01
-5.087890625000000000e-01
-1.461181640625000000e-01
-2.845764160156250000e-02
8.430480957031250000e-03
2.408447265625000000e-01
-2.279663085937500000e-02
1.918945312500000000e-01
-1.600341796875000000e-01
-1.442871093750000000e-01
-2.031250000000000000e-01
-5.145263671875000000e-02
1.122436523437500000e-01
1.495361328125000000e-01
-1.334228515625000000e-01
-4.409790039062500000e-02
-7.128906250000000000e-02
-9.710693359375000000e-02
3.547363281250000000e-01
-1.389160156250000000e-01
-1.873779296875000000e-01
-1.650390625000000000e-01
3.041992187500000000e-01
-3.823242187500000000e-01
-5.898437500000000000e-01
2.551269531250000000e-01
-2.010498046875000000e-01
2.399902343750000000e-01
5.605468750000000000e-01
-4.409790039062500000e-02
-6.561279296875000000e-02
-1.660156250000000000e-01
8.007812500000000000e-02
-1.318359375000000000e-01
-1.553955078125000000e-01
-7.214355468750000000e-02
3.239746093750000000e-01
-8.953857421875000000e-02
3.342285156250000000e-01
2.586364746093750000e-02
6.204223632812500000e-02
-5.862426757812500000e-02
3.784179687500000000e-01
1.224365234375000000e-01
-1.654052734375000000e-01
-1.037597656250000000e-01
-3.474121093750000000e-01
8.380126953125000000e-02
-1.601562500000000000e-01
-8.508300781250000000e-02
-2.098388671875000000e-01
2.232666015625000000e-01
-7.830810546875000000e-02
-2.717590332031250000e-02
-1.394042968750000000e-01
1.895751953125000000e-01
-9.124755859375000000e-02
-5.307006835937500000e-02
2.954101562500000000e-01
-1.936035156250000000e-01
3.041992187500000000e-01
1.759033203125000000e-01
2.971191406250000000e-01
-3.229980468750000000e-01
-1.268310546875000000e-01
-1.928710937500000000e-01
3.459472656250000000e-01
-3.266601562500000000e-01
-4.871368408203125000e-03
-1.640625000000000000e-01
3.442382812500000000e-01
5.322265625000000000e-02
3.762817382812500000e-02
-1.635742187500000000e-01
2.182617187500000000e-01
-1.882324218750000000e-01
-5.047607421875000000e-02
-1.215934753417968750e-03
-9.252929687500000000e-02
6.738281250000000000e-02
9.674072265625000000e-02
3.829956054687500000e-02
4.571533203125000000e-02
-2.117919921875000000e-01
3.520507812500000000e-01
4.670410156250000000e-01
3.417968750000000000e-01
3.496093750000000000e-01
3.796386718750000000e-01
-2.658691406250000000e-01
2.388916015625000000e-01
1.440429687500000000e-02
-1.002807617187500000e-01
-8.886718750000000000e-02
1.114501953125000000e-01
-1.800537109375000000e-01
2.897949218750000000e-01
2.187500000000000000e-01
2.872467041015625000e-03
-5.810546875000000000e-02
-3.095703125000000000e-01
1.308593750000000000e-01
1.207885742187500000e-01
-8.966064453125000000e-02
-2.619628906250000000e-01
-1.154174804687500000e-01
2.851562500000000000e-01
-2.760314941406250000e-02
-3.060913085937500000e-02
-4.718017578125000000e-02
7.958984375000000000e-02
9.808349609375000000e-02
-5.200195312500000000e-02
-4.867553710937500000e-02
-1.995849609375000000e-01
-2.687988281250000000e-01
6.744384765625000000e-02
-1.958007812500000000e-01
-2.165527343750000000e-01
-3.786621093750000000e-01
4.223632812500000000e-01
-1.942138671875000000e-01
2.189941406250000000e-01
-1.224975585937500000e-01
-5.502319335937500000e-02
3.700256347656250000e-03
-4.960937500000000000e-01
2.019042968750000000e-01
1.285400390625000000e-01
-3.533935546875000000e-02
3.686523437500000000e-01
-2.064208984375000000e-01
2.946777343750000000e-01
-6.069946289062500000e-02
-1.383056640625000000e-01
4.629516601562500000e-02
2.003173828125000000e-01
-2.819824218750000000e-02
-1.522216796875000000e-01
2.047119140625000000e-01
-5.218505859375000000e-02
3.178710937500000000e-01
-1.451416015625000000e-01
1.093750000000000000e-01
-1.107177734375000000e-01
-1.358642578125000000e-01
-3.676757812500000000e-01
-2.216796875000000000e-01
-1.124877929687500000e-01
2.271728515625000000e-01
-1.069946289062500000e-01
4.060058593750000000e-01
-7.995605468750000000e-02
-1.405029296875000000e-01
2.247314453125000000e-01
3.139648437500000000e-01
-1.428222656250000000e-01
3.745117187500000000e-01
1.119232177734375000e-02
4.440307617187500000e-02
-8.514404296875000000e-02
1.073608398437500000e-01
6.410156250000000000e+00
1.398925781250000000e-01
2.536621093750000000e-01
-1.817703247070312500e-03
1.942138671875000000e-01
-4.608154296875000000e-03
3.680419921875000000e-02
3.317871093750000000e-01
1.531982421875000000e-01
3.120117187500000000e-01
2.783203125000000000e-01
-1.844482421875000000e-01
2.233886718750000000e-01
7.141113281250000000e-02
-1.351318359375000000e-01
2.020263671875000000e-01
1.099853515625000000e-01
-2.255859375000000000e+00
-6.909179687500000000e-02
-7.763671875000000000e-02
2.929687500000000000e-01
1.937255859375000000e-01
2.380371093750000000e-01
-3.017578125000000000e-01
-7.580566406250000000e-02
-2.565917968750000000e-01
1.888427734375000000e-01
2.025146484375000000e-01
1.215820312500000000e-01
1.486816406250000000e-01
-6.173706054687500000e-02
-9.179687500000000000e-02
-1.417236328125000000e-01
1.050415039062500000e-01
2.154541015625000000e-01
1.976318359375000000e-01
3.242187500000000000e-01
3.298950195312500000e-02
1.656494140625000000e-01
1.005249023437500000e-01
1.192626953125000000e-01
-2.116699218750000000e-01
-1.618957519531250000e-02
-1.217651367187500000e-01
-4.211425781250000000e-02
-6.951904296875000000e-02
5.441284179687500000e-02
1.383056640625000000e-01
-3.559570312500000000e-01
-9.040832519531250000e-03
7.623291015625000000e-02
-2.803039550781250000e-02
2.540588378906250000e-02
-1.971435546875000000e-01
-2.754211425781250000e-02
3.085937500000000000e-01
7.019042968750000000e-02
7.641601562500000000e-02
1.139526367187500000e-01
-3.828125000000000000e-01
1.524658203125000000e-01
6.292724609375000000e-02
-1.333007812500000000e-01
2.384033203125000000e-01
5.187988281250000000e-02
1.978759765625000000e-01
-2.998046875000000000e-01
-4.238891601562500000e-02
-1.201782226562500000e-01
-1.955566406250000000e-01
3.151855468750000000e-01
1.931152343750000000e-01
-4.565429687500000000e-02
-5.908203125000000000e-01
-3.240966796875000000e-02
5.740356445312500000e-02
-1.970214843750000000e-01
9.008789062500000000e-02
-1.781005859375000000e-01
2.303466796875000000e-01
2.410888671875000000e-01
-4.208984375000000000e-01
7.904052734375000000e-02
-2.049560546875000000e-01
1.401367187500000000e-01
-3.332519531250000000e-01
-5.366210937500000000e-01
3.759765625000000000e-01
5.685424804687500000e-02
-9.741210937500000000e-02
3.666992187500000000e-01
1.403808593750000000e-01
-1.893310546875000000e-01
-5.508422851562500000e-02
8.111572265625000000e-02
2.416992187500000000e-01
1.910400390625000000e-01
-2.927246093750000000e-01
-4.971313476562500000e-02
1.571044921875000000e-01
4.741668701171875000e-03
3.498535156250000000e-01
-1.303672790527343750e-03
1.640625000000000000e-01
-4.057617187500000000e-01
-1.097412109375000000e-01
2.646484375000000000e-01
3.850097656250000000e-01
-4.104614257812500000e-02
-3.088378906250000000e-01
-1.190795898437500000e-01
-3.132324218750000000e-01
1.619873046875000000e-01
2.966308593750000000e-01
-6.274414062500000000e-01
-3.149414062500000000e-01
1.513671875000000000e-01
-1.280784606933593750e-03
8.471679687500000000e-02
-1.716613769531250000e-03
1.976318359375000000e-01
4.650878906250000000e-01
-5.535888671875000000e-02
-2.607421875000000000e-01
-5.273437500000000000e-02
2.910156250000000000e-01
-2.670898437500000000e-01
6.604003906250000000e-02
-3.110351562500000000e-01
-4.560546875000000000e-01
8.489990234375000000e-02
1.933593750000000000e-01
2.592773437500000000e-01
2.673339843750000000e-02
1.844482421875000000e-01
-4.321289062500000000e-01
1.121215820312500000e-01
6.318359375000000000e-01
-9.918212890625000000e-02
2.252197265625000000e-01
2.849121093750000000e-01
-8.874511718750000000e-02
-9.381103515625000000e-02
1.079711914062500000e-01
1.212158203125000000e-01
-2.764892578125000000e-02
-7.940673828125000000e-02
-5.068359375000000000e-01
-2.293701171875000000e-01
1.093750000000000000e-01
-3.759765625000000000e-02
1.488037109375000000e-01
3.583984375000000000e-01
-2.531738281250000000e-01
-3.778076171875000000e-02
-1.139526367187500000e-01
4.449462890625000000e-02
8.648681640625000000e-02
-2.414550781250000000e-01
5.810546875000000000e-02
1.319580078125000000e-01
-3.266601562500000000e-01
2.697753906250000000e-01
5.206298828125000000e-02
-1.547851562500000000e-01
3.222656250000000000e-01
2.873535156250000000e-01
-1.752929687500000000e-01
1.959228515625000000e-02
-2.714843750000000000e-01
-1.209259033203125000e-02
-2.014160156250000000e-01
-1.379394531250000000e-02
3.483886718750000000e-01
5.336914062500000000e-01
-1.238403320312500000e-01
2.095947265625000000e-01
-1.520996093750000000e-01
-3.974609375000000000e-01
6.048583984375000000e-02
-1.232299804687500000e-01
1.093750000000000000e+00
1.126098632812500000e-01
-6.109619140625000000e-02
4.270019531250000000e-01
1.910400390625000000e-01
-7.904052734375000000e-02
8.551025390625000000e-02
1.401367187500000000e-01
-4.252929687500000000e-01
5.791015625000000000e-01
2.749023437500000000e-01
-3.024902343750000000e-01
-4.921875000000000000e-01
-1.520996093750000000e-01
-5.493164062500000000e-02
1.221313476562500000e-01
-2.222900390625000000e-01
-4.875488281250000000e-01
-2.293701171875000000e-01
