6.439208984375000000e-02
1.033935546875000000e-01
3.738403320312500000e-02
5.538940429687500000e-02
8.007812500000000000e-02
1.950683593750000000e-01
6.623268127441406250e-04
-4.094238281250000000e-01
-3.869628906250000000e-02
2.917480468750000000e-01
-6.970214843750000000e-02
-3.291015625000000000e-01
1.405029296875000000e-01
-1.945800781250000000e-01
4.538574218750000000e-01
-6.408691406250000000e-02
6.020507812500000000e-01
9.838867187500000000e-02
-2.995605468750000000e-01
-1.022338867187500000e-01
4.038085937500000000e-01
4.208984375000000000e-01
2.028808593750000000e-01
-2.082824707031250000e-02
-3.706054687500000000e-01
2.724609375000000000e-01
6.231689453125000000e-02
2.115478515625000000e-01
6.811523437500000000e-02
2.193603515625000000e-01
-3.622436523437500000e-02
-2.951660156250000000e-01
1.547851562500000000e-01
2.069473266601562500e-03
-2.685546875000000000e-01
-1.091918945312500000e-01
-4.104614257812500000e-02
3.149414062500000000e-01
2.465820312500000000e-01
1.431884765625000000e-01
1.100463867187500000e-01
3.090820312500000000e-01
-1.161499023437500000e-01
8.654785156250000000e-02
-1.933288574218750000e-02
2.504882812500000000e-01
1.982421875000000000e-01
-1.256103515625000000e-01
-8.163452148437500000e-03
-1.827392578125000000e-01
-1.311035156250000000e-01
4.162597656250000000e-02
1.721191406250000000e-01
-3.613281250000000000e-01
-3.884277343750000000e-01
-5.512695312500000000e-01
2.127685546875000000e-01
-9.692382812500000000e-02
-4.340820312500000000e-01
-3.334960937500000000e-01
1.669921875000000000e-01
-3.193359375000000000e-01
-1.673889160156250000e-02
2.402343750000000000e-01
-9.069824218750000000e-02
1.379394531250000000e-01
1.970214843750000000e-01
7.098388671875000000e-02
-4.196166992187500000e-02
-2.139892578125000000e-01
-1.715087890625000000e-01
-1.544189453125000000e-01
-8.276367187500000000e-02
1.567382812500000000e-01
6.100463867187500000e-02
4.086494445800781250e-04
1.206054687500000000e-01
2.817382812500000000e-01
-3.690719604492187500e-03
-1.976318359375000000e-01
-3.283691406250000000e-01
-3.213500976562500000e-02
-1.417236328125000000e-01
2.332763671875000000e-01
2.331542968750000000e-01
-1.285400390625000000e-01
1.646728515625000000e-01
-6.044921875000000000e-01
9.332275390625000000e-02
-2.302246093750000000e-01
3.823242187500000000e-01
-6.318359375000000000e-01
-1.407226562500000000e+00
4.414062500000000000e-01
-1.433105468750000000e-01
3.120117187500000000e-01
-7.257080078125000000e-02
1.383056640625000000e-01
2.490234375000000000e-01
-1.783447265625000000e-01
-5.728149414062500000e-02
-1.602783203125000000e-01
3.876953125000000000e-01
5.737304687500000000e-02
-4.379882812500000000e-01
2.220153808593750000e-03
-2.456054687500000000e-01
-9.851074218750000000e-02
-1.556396484375000000e-01
-1.386718750000000000e-01
-1.805419921875000000e-01
-1.053466796875000000e-01
-2.459716796875000000e-01
-9.588623046875000000e-02
-5.514526367187500000e-02
-2.088623046875000000e-01
2.398681640625000000e-01
5.444335937500000000e-01
-3.176269531250000000e-01
-1.737976074218750000e-02
5.864257812500000000e-01
-4.118652343750000000e-01
-2.849121093750000000e-01
-3.640747070312500000e-02
-2.431640625000000000e-01
-2.531738281250000000e-01
-4.238281250000000000e-01
-3.371582031250000000e-01
6.240844726562500000e-02
2.895507812500000000e-01
2.626953125000000000e-01
-9.173583984375000000e-02
-1.875000000000000000e-01
6.253906250000000000e+00
2.607421875000000000e-01
-9.100341796875000000e-02
-2.973632812500000000e-01
-3.649902343750000000e-01
2.050781250000000000e-01
-2.651367187500000000e-01
2.954483032226562500e-03
-2.039794921875000000e-01
-3.598632812500000000e-01
2.824707031250000000e-01
-3.625488281250000000e-01
-1.285400390625000000e-01
1.387939453125000000e-01
-1.119384765625000000e-01
-9.361267089843750000e-03
-2.091064453125000000e-01
2.147216796875000000e-01
-3.369140625000000000e-02
1.240844726562500000e-01
2.927246093750000000e-01
-3.046875000000000000e-01
3.344726562500000000e-01
1.716308593750000000e-01
-4.111328125000000000e-01
-3.176269531250000000e-01
5.175781250000000000e-02
-2.200927734375000000e-01
3.874511718750000000e-01
-1.462402343750000000e-01
-1.105957031250000000e-01
-1.343994140625000000e-01
1.907958984375000000e-01
4.636230468750000000e-01
-5.209960937500000000e-01
5.371093750000000000e-02
1.004028320312500000e-02
-1.189575195312500000e-01
1.569824218750000000e-01
-1.661376953125000000e-01
2.221679687500000000e-01
-6.542968750000000000e-01
1.746826171875000000e-01
-1.369628906250000000e-01
-3.143310546875000000e-02
3.598632812500000000e-01
-1.126861572265625000e-02
9.838867187500000000e-02
4.353027343750000000e-01
-4.714355468750000000e-01
-1.690673828125000000e-01
-1.740722656250000000e-01
-2.912902832031250000e-02
2.058410644531250000e-02
-3.049316406250000000e-01
4.840087890625000000e-02
-8.599853515625000000e-02
-1.090698242187500000e-01
7.324218750000000000e-02
7.171630859375000000e-02
-2.656250000000000000e-01
-3.835449218750000000e-01
1.745605468750000000e-01
-2.685546875000000000e-01
-7.513427734375000000e-02
-2.146911621093750000e-02
-2.429199218750000000e-01
-2.766113281250000000e-01
-9.948730468750000000e-02
3.710937500000000000e-01
1.137084960937500000e-01
-2.062988281250000000e-02
2.753906250000000000e-01
-1.843261718750000000e-01
-4.619140625000000000e-01
1.687622070312500000e-02
3.203125000000000000e-01
1.007812500000000000e+00
4.121093750000000000e-01
3.706054687500000000e-01
6.396484375000000000e-02
2.099609375000000000e-01
9.173583984375000000e-02
2.224121093750000000e-01
-1.052856445312500000e-01
-3.982543945312500000e-02
-2.575683593750000000e-01
-1.218261718750000000e-01
-4.343261718750000000e-01
-1.861572265625000000e-01
1.231689453125000000e-01
3.973388671875000000e-02
-1.406250000000000000e-01
4.290771484375000000e-02
-9.625244140625000000e-02
-1.611328125000000000e-01
2.066040039062500000e-02
-2.286376953125000000e-01
2.277832031250000000e-01
1.517333984375000000e-01
1.461181640625000000e-01
2.839355468750000000e-01
3.273925781250000000e-01
-8.239746093750000000e-03
-1.978759765625000000e-01
-3.090820312500000000e-01
-2.941894531250000000e-01
-1.817626953125000000e-01
2.172851562500000000e-01
2.778320312500000000e-01
-2.220458984375000000e-01
-1.463623046875000000e-01
-4.861450195312500000e-02
1.376953125000000000e-01
-7.049560546875000000e-02
-1.004638671875000000e-01
-1.121215820312500000e-01
-1.875000000000000000e-01
2.773437500000000000e-01
4.155273437500000000e-01
6.333007812500000000e-01
-2.341308593750000000e-01
-2.639160156250000000e-01
-4.141235351562500000e-02
2.799987792968750000e-02
9.173583984375000000e-02
1.945800781250000000e-01
-1.807861328125000000e-01
5.004882812500000000e-02
1.990966796875000000e-01
-3.588867187500000000e-02
1.680908203125000000e-01
-1.071691513061523438e-04
2.033691406250000000e-01
-2.479248046875000000e-01
9.478759765625000000e-02
-1.488037109375000000e-01
-9.582519531250000000e-02
4.006958007812500000e-02
1.171264648437500000e-01
-4.510498046875000000e-02
-5.364990234375000000e-02
-8.715820312500000000e-02
8.447265625000000000e-02
-2.134704589843750000e-02
7.110595703125000000e-02
-1.213378906250000000e-01
2.814941406250000000e-01
-3.186035156250000000e-01
5.923461914062500000e-02
5.868530273437500000e-02
-1.518554687500000000e-01
-2.159118652343750000e-02
2.207031250000000000e-01
3.273925781250000000e-01
5.683593750000000000e-01
7.434082031250000000e-02
2.011718750000000000e-01
-3.022460937500000000e-01
2.077636718750000000e-01
3.098144531250000000e-01
-3.959960937500000000e-01
2.456054687500000000e-01
-7.573242187500000000e-01
-1.867675781250000000e-01
5.151367187500000000e-02
-2.616882324218750000e-02
2.224121093750000000e-01
-3.122558593750000000e-01
-1.178588867187500000e-01
4.244995117187500000e-02
-1.983642578125000000e-02
-2.464599609375000000e-01
-3.948974609375000000e-02
1.093292236328125000e-02
-1.202392578125000000e-01
1.774902343750000000e-01
1.556396484375000000e-01
2.347412109375000000e-01
6.253906250000000000e+00
2.144775390625000000e-01
-5.435180664062500000e-02
2.239990234375000000e-01
1.388549804687500000e-02
1.984863281250000000e-01
6.357421875000000000e-01
-3.167724609375000000e-02
6.365966796875000000e-02
5.009765625000000000e-01
1.826171875000000000e-01
-2.223205566406250000e-02
-7.305908203125000000e-02
-1.768798828125000000e-01
1.437988281250000000e-01
2.126464843750000000e-01
-1.491699218750000000e-01
-1.627929687500000000e+00
3.098144531250000000e-01
2.983398437500000000e-01
-9.082031250000000000e-02
1.955566406250000000e-01
2.471923828125000000e-01
-2.010498046875000000e-01
-1.708984375000000000e-01
-3.283691406250000000e-02
-1.557617187500000000e-01
7.830810546875000000e-02
4.165649414062500000e-03
4.379272460937500000e-02
9.997558593750000000e-02
-2.851562500000000000e-01
-4.516601562500000000e-02
1.486816406250000000e-01
-5.090332031250000000e-02
2.795410156250000000e-01
1.790771484375000000e-01
-1.715087890625000000e-01
-3.430175781250000000e-01
1.961669921875000000e-01
2.331542968750000000e-01
1.045532226562500000e-01
-3.964843750000000000e-01
1.384277343750000000e-01
3.802490234375000000e-02
1.658935546875000000e-01
1.842041015625000000e-01
2.563476562500000000e-01
4.537963867187500000e-02
-2.180175781250000000e-01
-7.434082031250000000e-02
-1.511230468750000000e-01
-1.588134765625000000e-01
-2.866210937500000000e-01
9.498596191406250000e-03
7.006835937500000000e-02
4.730224609375000000e-02
8.850097656250000000e-02
-2.108764648437500000e-02
1.436767578125000000e-01
-2.110595703125000000e-01
2.932128906250000000e-01
-2.644042968750000000e-01
1.015014648437500000e-01
-1.312255859375000000e-02
-1.232299804687500000e-01
-2.373046875000000000e-01
1.607666015625000000e-01
-2.476806640625000000e-01
4.538574218750000000e-01
2.078857421875000000e-01
4.147338867187500000e-02
2.851562500000000000e-01
9.020996093750000000e-02
3.982543945312500000e-02
-1.244506835937500000e-01
-1.955566406250000000e-01
-4.147338867187500000e-02
-4.367675781250000000e-01
4.726562500000000000e-01
-1.485595703125000000e-01
-2.420654296875000000e-01
1.209106445312500000e-01
3.649902343750000000e-01
-8.013916015625000000e-02
-6.804466247558593750e-04
-7.037353515625000000e-02
4.450683593750000000e-01
2.807617187500000000e-01
1.078491210937500000e-01
-4.758300781250000000e-01
2.377929687500000000e-01
-4.689941406250000000e-01
1.832275390625000000e-01
1.500244140625000000e-01
1.766357421875000000e-01
-2.367019653320312500e-03
-1.452636718750000000e-02
-2.270507812500000000e-01
1.734619140625000000e-01
-1.440429687500000000e-01
1.058349609375000000e-01
7.305908203125000000e-02
-1.343994140625000000e-01
-3.585815429687500000e-02
-2.089843750000000000e-01
-2.485351562500000000e-01
-9.124755859375000000e-02
-1.600341796875000000e-01
-1.862792968750000000e-01
9.942626953125000000e-02
-4.760742187500000000e-01
-1.099243164062500000e-01
-2.220458984375000000e-01
-1.978759765625000000e-01
5.557250976562500000e-02
-1.960754394531250000e-02
2.788085937500000000e-01
-2.027587890625000000e-01
2.552795410156250000e-02
-2.287597656250000000e-01
-2.167968750000000000e-01
3.399658203125000000e-02
-2.514648437500000000e-01
-1.813964843750000000e-01
2.814941406250000000e-01
-1.358642578125000000e-01
2.626953125000000000e-01
-2.563476562500000000e-01
-6.408691406250000000e-02
-6.317138671875000000e-02
-4.577636718750000000e-01
-2.073974609375000000e-01
-3.186035156250000000e-02
-2.746582031250000000e-01
-4.453125000000000000e-01
-2.600097656250000000e-01
2.130126953125000000e-01
1.213989257812500000e-01
1.784667968750000000e-01
-2.626953125000000000e-01
2.338867187500000000e-01
-1.967773437500000000e-01
-2.766113281250000000e-01
2.744140625000000000e-01
3.337402343750000000e-01
-5.374145507812500000e-02
-1.680908203125000000e-01
2.159118652343750000e-02
2.714843750000000000e-01
1.290283203125000000e-01
1.801757812500000000e-01
1.651611328125000000e-01
7.257080078125000000e-02
2.954101562500000000e-01
-3.674316406250000000e-01
-1.793212890625000000e-01
1.397705078125000000e-01
-2.408447265625000000e-01
-4.672851562500000000e-01
1.528320312500000000e-01
-5.131835937500000000e-01
2.607421875000000000e-01
2.039794921875000000e-01
7.225036621093750000e-03
4.838867187500000000e-01
2.388916015625000000e-01
5.288085937500000000e-01
1.865234375000000000e-01
-9.306640625000000000e-01
9.234619140625000000e-02
-2.105712890625000000e-01
2.161865234375000000e-01
-5.374145507812500000e-02
-5.361938476562500000e-02
1.870727539062500000e-02
-1.689453125000000000e-01
-5.459594726562500000e-02
-8.404541015625000000e-02
9.295654296875000000e-02
-2.379150390625000000e-01
1.084960937500000000e+00
7.873535156250000000e-02
-1.678466796875000000e-01
9.484863281250000000e-02
1.239624023437500000e-01
-1.982421875000000000e-01
2.973632812500000000e-01
-6.359863281250000000e-02
3.549804687500000000e-01
-3.149414062500000000e-02
1.363525390625000000e-01
-2.274169921875000000e-01
-8.435058593750000000e-02
-1.616210937500000000e-01
-8.404541015625000000e-02
-9.283447265625000000e-02
-2.386474609375000000e-01
-2.629394531250000000e-01
1.108398437500000000e-01
