-2.683105468750000000e-01
-1.782226562500000000e-02
7.843017578125000000e-02
2.377929687500000000e-01
-1.063842773437500000e-01
-6.884765625000000000e-02
-1.259765625000000000e-01
-1.136718750000000000e+00
-4.267578125000000000e-01
3.891601562500000000e-01
2.128906250000000000e-01
-1.481933593750000000e-01
-2.499389648437500000e-02
-3.508300781250000000e-01
5.386352539062500000e-03
4.929199218750000000e-01
2.526855468750000000e-01
-4.571533203125000000e-02
9.484863281250000000e-02
-2.697753906250000000e-01
3.215332031250000000e-01
1.496582031250000000e-01
-1.430664062500000000e-01
2.553710937500000000e-01
-3.955078125000000000e-02
6.835937500000000000e-02
5.685424804687500000e-02
7.940673828125000000e-02
-2.492675781250000000e-01
-1.667785644531250000e-02
-2.404785156250000000e-01
-2.236938476562500000e-02
-8.013916015625000000e-02
3.129882812500000000e-01
1.228332519531250000e-02
7.972717285156250000e-03
-1.437988281250000000e-01
3.525390625000000000e-01
1.867675781250000000e-01
4.808902740478515625e-04
-3.557128906250000000e-01
-1.914978027343750000e-03
9.002685546875000000e-02
-2.800292968750000000e-01
3.874511718750000000e-01
2.961425781250000000e-01
2.993164062500000000e-01
4.157714843750000000e-01
1.612548828125000000e-01
1.972656250000000000e-01
-2.094726562500000000e-01
-6.831054687500000000e-01
-4.983520507812500000e-02
1.762695312500000000e-01
2.135009765625000000e-01
-1.442871093750000000e-01
3.115234375000000000e-01
-7.073974609375000000e-02
-3.029785156250000000e-01
5.214843750000000000e-01
4.729003906250000000e-01
1.805419921875000000e-01
-6.475830078125000000e-02
9.771728515625000000e-02
-5.111694335937500000e-03
-9.051513671875000000e-02
-3.005371093750000000e-01
5.004882812500000000e-02
-2.833557128906250000e-02
-2.316894531250000000e-01
8.148193359375000000e-02
-3.461914062500000000e-01
-1.319580078125000000e-01
3.506469726562500000e-02
-4.733886718750000000e-01
-1.966552734375000000e-01
-4.412841796875000000e-02
-7.452392578125000000e-02
-4.860839843750000000e-01
8.721923828125000000e-02
1.900634765625000000e-01
5.880737304687500000e-02
-2.047119140625000000e-01
4.138183593750000000e-01
7.080078125000000000e-02
-2.692871093750000000e-01
9.832382202148437500e-04
-4.220581054687500000e-02
1.227416992187500000e-01
2.280273437500000000e-01
3.610839843750000000e-01
-3.836059570312500000e-02
-1.482421875000000000e+00
3.190917968750000000e-01
-3.073730468750000000e-01
6.513671875000000000e-01
3.857421875000000000e-01
1.314544677734375000e-02
-2.104492187500000000e-01
2.150878906250000000e-01
1.237792968750000000e-01
4.956054687500000000e-01
-1.018676757812500000e-01
-2.722167968750000000e-01
-2.252197265625000000e-01
3.579711914062500000e-02
1.221313476562500000e-01
3.203125000000000000e-01
2.915039062500000000e-01
1.658630371093750000e-02
-7.672119140625000000e-02
1.373291015625000000e-01
-1.489257812500000000e-01
-7.397460937500000000e-02
-5.444335937500000000e-02
-2.294921875000000000e-01
3.659057617187500000e-02
-1.013946533203125000e-02
1.011352539062500000e-01
-1.220092773437500000e-01
1.936035156250000000e-01
-2.301025390625000000e-01
4.782714843750000000e-01
-1.193237304687500000e-01
-1.750488281250000000e-01
-4.084472656250000000e-01
6.677246093750000000e-02
-1.052246093750000000e-01
4.746093750000000000e-01
2.521972656250000000e-01
3.444824218750000000e-01
2.056884765625000000e-01
-3.679199218750000000e-01
5.476562500000000000e+00
-2.578125000000000000e-01
4.180908203125000000e-02
-5.014648437500000000e-01
-3.583984375000000000e-01
9.130859375000000000e-02
-5.083007812500000000e-01
-6.939697265625000000e-02
2.310791015625000000e-01
6.579589843750000000e-02
-1.696777343750000000e-01
-1.574707031250000000e-01
-2.458496093750000000e-01
-6.768798828125000000e-02
4.328613281250000000e-01
7.617187500000000000e-02
-6.768798828125000000e-02
4.035644531250000000e-01
-4.011230468750000000e-01
7.482910156250000000e-02
-7.476806640625000000e-02
1.602783203125000000e-01
3.762207031250000000e-01
-3.973388671875000000e-02
1.016235351562500000e-01
-1.152343750000000000e-01
-8.941650390625000000e-02
-9.600830078125000000e-02
3.784179687500000000e-01
1.193847656250000000e-01
-9.422302246093750000e-03
-2.183837890625000000e-01
5.661010742187500000e-02
5.831909179687500000e-02
-5.584716796875000000e-02
3.898925781250000000e-01
3.186035156250000000e-01
-1.166992187500000000e-01
-5.844116210937500000e-02
-4.421997070312500000e-02
4.846191406250000000e-02
-1.295166015625000000e-01
-9.185791015625000000e-02
-1.583251953125000000e-01
-1.978759765625000000e-01
2.727050781250000000e-01
-1.634521484375000000e-01
3.608398437500000000e-01
-1.557617187500000000e-01
1.765136718750000000e-01
3.513336181640625000e-03
1.306152343750000000e-01
-5.429687500000000000e-01
8.361816406250000000e-02
-3.718261718750000000e-01
2.265625000000000000e-01
-3.081054687500000000e-01
1.124267578125000000e-01
2.334594726562500000e-02
-8.258056640625000000e-02
-1.672363281250000000e-02
-6.494140625000000000e-02
1.807861328125000000e-01
-1.977539062500000000e-01
1.582031250000000000e-01
-3.142089843750000000e-01
-4.838867187500000000e-01
3.906250000000000000e-01
-1.329345703125000000e-01
-2.778320312500000000e-01
1.866149902343750000e-02
3.823242187500000000e-01
-9.472656250000000000e-02
8.746337890625000000e-02
-6.970214843750000000e-02
-4.958496093750000000e-01
-3.671875000000000000e-01
2.968750000000000000e-01
3.723144531250000000e-01
-2.915954589843750000e-02
-3.833007812500000000e-01
-2.691268920898437500e-03
1.533203125000000000e-01
-2.741699218750000000e-01
-2.592773437500000000e-01
9.265136718750000000e-02
-1.774902343750000000e-01
-3.701782226562500000e-02
-1.045532226562500000e-01
1.448974609375000000e-01
-3.103027343750000000e-01
-3.237304687500000000e-01
-2.351074218750000000e-01
3.496093750000000000e-01
-1.436767578125000000e-01
-1.192016601562500000e-01
-1.257324218750000000e-01
4.062500000000000000e-01
-3.054199218750000000e-01
5.331420898437500000e-02
-3.041992187500000000e-01
-1.698303222656250000e-02
1.353759765625000000e-01
7.141113281250000000e-02
1.671142578125000000e-01
-1.983642578125000000e-01
-2.892017364501953125e-04
2.106933593750000000e-01
2.473449707031250000e-02
2.800292968750000000e-01
-9.661865234375000000e-02
-3.837890625000000000e-01
-2.072753906250000000e-01
-2.513122558593750000e-02
5.142211914062500000e-03
6.347656250000000000e-02
-9.140014648437500000e-03
-3.415527343750000000e-01
2.141113281250000000e-01
-6.915283203125000000e-02
4.897460937500000000e-01
2.055664062500000000e-01
6.512451171875000000e-02
-2.084350585937500000e-02
3.762817382812500000e-02
1.930236816406250000e-02
-2.983398437500000000e-01
-9.307861328125000000e-02
3.149414062500000000e-01
1.324462890625000000e-01
-2.049255371093750000e-02
-2.736816406250000000e-01
2.539062500000000000e-01
-8.081054687500000000e-02
4.790039062500000000e-01
-2.493896484375000000e-01
1.925048828125000000e-01
2.666015625000000000e-01
-2.619628906250000000e-01
-4.069824218750000000e-01
-9.637451171875000000e-02
-2.331542968750000000e-01
-5.454101562500000000e-01
-3.352050781250000000e-01
-2.502441406250000000e-01
2.110595703125000000e-01
6.604003906250000000e-02
2.468261718750000000e-01
2.770423889160156250e-04
3.525390625000000000e-01
2.592773437500000000e-01
5.292892456054687500e-04
-2.724609375000000000e-01
1.995849609375000000e-01
-2.421875000000000000e-01
-7.849121093750000000e-02
-1.032714843750000000e-01
-1.259765625000000000e-01
1.740722656250000000e-01
9.716796875000000000e-02
-2.818298339843750000e-02
1.704406738281250000e-02
-1.658935546875000000e-01
-3.310546875000000000e-01
-1.210327148437500000e-01
-3.683471679687500000e-02
-1.728515625000000000e-01
4.992675781250000000e-02
1.407470703125000000e-01
-5.636596679687500000e-02
4.194335937500000000e-01
-3.361816406250000000e-01
3.765869140625000000e-02
2.149963378906250000e-02
-4.770507812500000000e-01
1.094818115234375000e-02
1.063232421875000000e-01
-1.967773437500000000e-01
-6.445312500000000000e-01
5.472656250000000000e+00
-7.617187500000000000e-02
-2.333984375000000000e-01
2.448730468750000000e-01
-1.211547851562500000e-02
1.766357421875000000e-01
2.421875000000000000e-01
3.012695312500000000e-01
-1.072692871093750000e-02
4.953613281250000000e-01
1.381835937500000000e-01
8.197021484375000000e-02
-3.753662109375000000e-02
-6.610107421875000000e-02
-1.080932617187500000e-01
-1.772460937500000000e-01
2.512207031250000000e-01
-2.181640625000000000e+00
2.924804687500000000e-01
2.570800781250000000e-01
3.110351562500000000e-01
3.071289062500000000e-01
2.780761718750000000e-01
1.110076904296875000e-02
1.429748535156250000e-02
1.352691650390625000e-02
-1.628417968750000000e-01
-1.282958984375000000e-01
-3.850097656250000000e-01
5.642700195312500000e-02
1.768798828125000000e-01
-2.749023437500000000e-01
1.754150390625000000e-01
3.240966796875000000e-02
-2.322998046875000000e-01
4.311523437500000000e-01
1.635742187500000000e-02
-4.154205322265625000e-03
-1.004638671875000000e-01
1.558837890625000000e-01
2.583007812500000000e-01
-3.063964843750000000e-02
4.970703125000000000e-01
1.865234375000000000e-01
-1.033935546875000000e-01
1.363525390625000000e-01
-1.375732421875000000e-01
1.409912109375000000e-01
-4.116821289062500000e-02
8.654785156250000000e-02
3.278808593750000000e-01
2.719726562500000000e-01
2.500915527343750000e-02
-1.469726562500000000e-01
2.136230468750000000e-01
-4.583740234375000000e-02
-6.140136718750000000e-02
4.084472656250000000e-01
1.397705078125000000e-01
-1.060791015625000000e-01
-2.692871093750000000e-01
2.022705078125000000e-01
-4.306793212890625000e-03
4.440307617187500000e-02
-1.967773437500000000e-01
6.579589843750000000e-02
-2.491455078125000000e-01
2.678222656250000000e-01
-4.926757812500000000e-01
-1.770019531250000000e-01
2.600097656250000000e-01
5.346679687500000000e-01
3.320312500000000000e-01
-1.108551025390625000e-02
2.043457031250000000e-01
-6.706237792968750000e-03
-1.751708984375000000e-01
-7.501220703125000000e-02
-4.130859375000000000e-01
-2.401123046875000000e-01
-3.395996093750000000e-01
-1.213378906250000000e-01
1.592636108398437500e-03
-1.857910156250000000e-01
-3.485107421875000000e-02
-2.034912109375000000e-01
-1.232910156250000000e-01
2.812500000000000000e-01
2.437744140625000000e-01
-1.627197265625000000e-01
1.079101562500000000e-01
-1.351318359375000000e-01
-1.845703125000000000e-01
-9.112548828125000000e-02
3.205566406250000000e-01
2.565917968750000000e-01
1.752929687500000000e-01
-4.463195800781250000e-03
1.884765625000000000e-01
2.060546875000000000e-01
-3.806152343750000000e-01
-2.646484375000000000e-01
3.251953125000000000e-01
5.634765625000000000e-01
7.592773437500000000e-02
-8.123779296875000000e-02
1.017456054687500000e-01
-1.512908935546875000e-02
2.583007812500000000e-01
1.636962890625000000e-01
-9.936523437500000000e-02
-4.255371093750000000e-01
1.459960937500000000e-01
2.290039062500000000e-01
-1.948242187500000000e-01
-6.704101562500000000e-01
9.954833984375000000e-02
3.522949218750000000e-01
-1.210937500000000000e-01
3.310546875000000000e-01
-9.106445312500000000e-02
-3.491210937500000000e-02
1.837158203125000000e-01
1.210937500000000000e-01
-1.162109375000000000e-01
8.703613281250000000e-02
1.612548828125000000e-01
4.060058593750000000e-01
1.205444335937500000e-01
-4.763793945312500000e-02
-1.969909667968750000e-02
-2.661132812500000000e-01
-2.929687500000000000e-01
-2.551269531250000000e-01
2.531738281250000000e-01
-2.729492187500000000e-01
1.730957031250000000e-01
-4.631347656250000000e-01
2.423095703125000000e-01
1.070556640625000000e-01
-8.404541015625000000e-02
-1.237182617187500000e-01
2.448730468750000000e-01
1.340332031250000000e-01
3.659667968750000000e-01
7.135009765625000000e-02
8.966064453125000000e-02
-4.758300781250000000e-01
8.868408203125000000e-02
2.734375000000000000e-01
-2.072753906250000000e-01
7.543945312500000000e-02
2.474365234375000000e-01
-1.370849609375000000e-01
2.495117187500000000e-01
-1.126098632812500000e-01
2.081298828125000000e-01
-2.102050781250000000e-01
2.210693359375000000e-01
-1.610107421875000000e-01
1.802978515625000000e-01
-4.074707031250000000e-01
-2.459716796875000000e-02
1.794433593750000000e-01
-8.105468750000000000e-02
3.989257812500000000e-01
4.382324218750000000e-01
2.192382812500000000e-01
-2.290039062500000000e-01
-4.433593750000000000e-01
1.418457031250000000e-01
-4.328613281250000000e-01
-3.083496093750000000e-01
-1.358642578125000000e-01
-6.652832031250000000e-02
8.020019531250000000e-02
1.098632812500000000e-01
-1.165771484375000000e-01
-3.805541992187500000e-02
1.138305664062500000e-01
-7.135009765625000000e-02
5.659179687500000000e-01
1.604003906250000000e-01
1.801757812500000000e-01
4.213867187500000000e-01
1.314697265625000000e-01
-2.609863281250000000e-01
-1.117706298828125000e-02
-1.971435546875000000e-02
-4.357910156250000000e-01
3.857421875000000000e-01
1.618652343750000000e-01
-8.599853515625000000e-02
-1.657714843750000000e-01
-1.324462890625000000e-01
-1.959228515625000000e-02
-4.095458984375000000e-02
-3.964233398437500000e-02
-8.258056640625000000e-02
-1.586914062500000000e-01
