2.050781250000000000e-01
-3.292846679687500000e-02
-6.170654296875000000e-02
-3.955078125000000000e-02
-2.434082031250000000e-01
2.198486328125000000e-01
-3.420410156250000000e-01
1.248168945312500000e-01
-3.632812500000000000e-01
2.846679687500000000e-01
5.863189697265625000e-03
-4.855957031250000000e-01
2.451171875000000000e-01
-7.580566406250000000e-02
3.486328125000000000e-01
4.418945312500000000e-01
1.710205078125000000e-01
-2.170410156250000000e-01
-7.946777343750000000e-02
7.812500000000000000e-02
4.104003906250000000e-01
3.071289062500000000e-01
2.497558593750000000e-01
1.022338867187500000e-01
-1.960449218750000000e-01
3.647460937500000000e-01
3.522949218750000000e-01
6.313476562500000000e-01
-6.523132324218750000e-03
2.998352050781250000e-03
1.122436523437500000e-01
-1.229095458984375000e-02
1.713867187500000000e-01
1.754150390625000000e-01
-9.075927734375000000e-02
1.630859375000000000e-01
1.756591796875000000e-01
3.217773437500000000e-01
3.623046875000000000e-01
1.918945312500000000e-01
-1.793861389160156250e-03
-1.844787597656250000e-02
2.333984375000000000e-01
2.744140625000000000e-01
1.738281250000000000e-01
2.330322265625000000e-01
-6.646728515625000000e-02
-2.329101562500000000e-01
-2.037353515625000000e-01
-2.763366699218750000e-02
1.023559570312500000e-01
1.268005371093750000e-02
2.602539062500000000e-01
7.934570312500000000e-02
-8.392333984375000000e-02
-3.105468750000000000e-01
-5.135536193847656250e-04
3.059082031250000000e-01
1.754760742187500000e-02
-9.222412109375000000e-02
2.006835937500000000e-01
1.152038574218750000e-02
-1.356201171875000000e-01
1.303710937500000000e-01
4.199218750000000000e-02
-3.388671875000000000e-01
7.550048828125000000e-02
1.796875000000000000e-01
-4.245605468750000000e-01
6.524658203125000000e-02
8.148193359375000000e-02
-2.321777343750000000e-01
6.500244140625000000e-02
3.488159179687500000e-02
-1.473388671875000000e-01
-4.702758789062500000e-02
3.129882812500000000e-01
2.362060546875000000e-01
-2.000732421875000000e-01
7.696533203125000000e-02
-1.044311523437500000e-01
-3.054199218750000000e-01
-3.916015625000000000e-01
5.781250000000000000e-01
-3.054809570312500000e-02
-1.196289062500000000e-02
7.037353515625000000e-02
-1.870117187500000000e-01
1.043701171875000000e-02
2.215576171875000000e-01
2.336425781250000000e-01
-1.205444335937500000e-01
-1.162109375000000000e+00
6.513671875000000000e-01
-7.373046875000000000e-02
4.833984375000000000e-02
7.537841796875000000e-02
-2.001953125000000000e-01
-1.252441406250000000e-01
1.735839843750000000e-01
4.724121093750000000e-02
-1.679687500000000000e-01
2.056884765625000000e-01
2.414550781250000000e-01
-4.864501953125000000e-02
1.663818359375000000e-01
-2.271728515625000000e-01
2.780761718750000000e-01
-3.044433593750000000e-01
1.019287109375000000e-01
-8.837890625000000000e-02
-3.925781250000000000e-01
-1.075439453125000000e-01
1.357421875000000000e-01
-1.065673828125000000e-01
1.676025390625000000e-01
-7.775878906250000000e-02
2.954101562500000000e-01
-7.867431640625000000e-02
-5.621337890625000000e-02
4.003906250000000000e-01
-8.876953125000000000e-01
-3.088378906250000000e-01
-3.681640625000000000e-01
3.276367187500000000e-01
-3.378906250000000000e-01
-1.691894531250000000e-01
-3.393554687500000000e-01
-9.509277343750000000e-02
6.757812500000000000e-01
-2.291870117187500000e-02
-2.998046875000000000e-01
-1.545410156250000000e-01
6.140625000000000000e+00
3.460693359375000000e-02
-4.614257812500000000e-01
-2.113037109375000000e-01
-3.703613281250000000e-01
-3.989257812500000000e-01
-1.330566406250000000e-01
7.293701171875000000e-03
-7.464599609375000000e-02
-1.677246093750000000e-01
-1.824951171875000000e-02
-6.396484375000000000e-01
3.683471679687500000e-02
-1.646423339843750000e-02
-5.693359375000000000e-01
-1.278076171875000000e-01
-4.150390625000000000e-02
1.860351562500000000e-01
-4.815673828125000000e-02
-1.596679687500000000e-01
1.116333007812500000e-01
-1.136474609375000000e-01
-6.219482421875000000e-02
2.839355468750000000e-01
-1.558837890625000000e-01
-1.074218750000000000e-01
-1.551513671875000000e-01
-5.761718750000000000e-02
4.282226562500000000e-01
2.066650390625000000e-01
-5.341796875000000000e-01
4.152832031250000000e-01
5.920410156250000000e-02
1.918945312500000000e-01
-4.099121093750000000e-01
-2.248535156250000000e-01
-1.041870117187500000e-01
-1.030273437500000000e-01
8.921623229980468750e-04
-1.217041015625000000e-01
3.671264648437500000e-02
-4.694824218750000000e-01
1.396484375000000000e-01
-3.437500000000000000e-01
2.798461914062500000e-02
1.998291015625000000e-01
2.408447265625000000e-01
2.631835937500000000e-01
2.705078125000000000e-01
-4.492187500000000000e-01
-3.411865234375000000e-02
5.325317382812500000e-02
2.070312500000000000e-01
3.552246093750000000e-02
-2.229003906250000000e-01
-1.284179687500000000e-01
-2.634277343750000000e-01
-1.389160156250000000e-01
-2.810058593750000000e-01
-1.309967041015625000e-02
2.061462402343750000e-02
-3.242187500000000000e-01
1.995849609375000000e-02
-1.564941406250000000e-01
-1.394042968750000000e-01
-3.425292968750000000e-01
-2.753906250000000000e-01
-3.395996093750000000e-01
-2.736816406250000000e-01
2.867126464843750000e-02
1.114501953125000000e-01
2.418212890625000000e-01
3.205566406250000000e-01
-1.056518554687500000e-01
-4.533691406250000000e-01
2.792968750000000000e-01
-3.847656250000000000e-01
4.958496093750000000e-01
6.694335937500000000e-01
1.339111328125000000e-01
-1.196899414062500000e-01
3.869628906250000000e-01
2.573242187500000000e-01
1.652832031250000000e-01
-3.059082031250000000e-01
3.674316406250000000e-01
-3.876953125000000000e-01
-1.341552734375000000e-01
-1.453857421875000000e-01
1.919555664062500000e-02
-7.702636718750000000e-02
6.182861328125000000e-02
1.545410156250000000e-01
2.729492187500000000e-01
8.526611328125000000e-02
-2.369384765625000000e-01
-2.587890625000000000e-01
-7.806396484375000000e-02
1.202392578125000000e-01
1.112060546875000000e-01
2.792968750000000000e-01
3.874511718750000000e-01
3.327636718750000000e-01
2.325439453125000000e-01
1.657714843750000000e-01
-3.684082031250000000e-01
-7.293701171875000000e-02
1.669921875000000000e-01
4.483032226562500000e-02
1.001739501953125000e-02
3.173828125000000000e-01
1.944580078125000000e-01
2.980957031250000000e-01
-3.557128906250000000e-01
-1.896972656250000000e-01
-4.616699218750000000e-01
-1.457519531250000000e-01
-5.908203125000000000e-01
1.966552734375000000e-01
1.430511474609375000e-03
2.924804687500000000e-01
-1.700439453125000000e-01
5.563354492187500000e-02
-2.363281250000000000e-01
3.927612304687500000e-02
-1.684570312500000000e-01
1.429443359375000000e-01
-2.724609375000000000e-01
-3.460693359375000000e-02
-1.226196289062500000e-01
-2.189941406250000000e-01
-2.829589843750000000e-01
-1.846923828125000000e-01
-1.568603515625000000e-01
-4.809570312500000000e-01
-1.743164062500000000e-01
1.127624511718750000e-02
-1.463317871093750000e-02
-1.280517578125000000e-01
3.059082031250000000e-01
9.803771972656250000e-03
-2.783203125000000000e-01
4.199218750000000000e-02
5.184936523437500000e-02
2.585449218750000000e-01
-2.320556640625000000e-01
1.427001953125000000e-01
4.162597656250000000e-01
2.920532226562500000e-02
3.815917968750000000e-01
3.671875000000000000e-01
2.168273925781250000e-02
4.919433593750000000e-02
-5.480957031250000000e-02
1.896972656250000000e-01
-6.304931640625000000e-02
1.368408203125000000e-01
2.812194824218750000e-02
1.141967773437500000e-01
1.990966796875000000e-01
3.879394531250000000e-01
-1.142578125000000000e-01
-2.785644531250000000e-01
-5.273437500000000000e-01
-4.373168945312500000e-02
4.495239257812500000e-02
5.892944335937500000e-02
5.026245117187500000e-02
1.588134765625000000e-01
-2.719726562500000000e-01
-1.036376953125000000e-01
-2.233886718750000000e-01
-1.661376953125000000e-01
-1.034545898437500000e-01
2.548828125000000000e-01
-6.210327148437500000e-02
2.342529296875000000e-01
-5.496215820312500000e-02
-1.373291015625000000e-01
6.140625000000000000e+00
3.430175781250000000e-01
3.586425781250000000e-01
3.444824218750000000e-01
-9.741210937500000000e-02
4.763183593750000000e-01
2.409667968750000000e-01
-1.600341796875000000e-01
9.893798828125000000e-02
7.128906250000000000e-01
1.881103515625000000e-01
3.063964843750000000e-01
1.203002929687500000e-01
-2.319335937500000000e-01
2.790527343750000000e-01
-3.564453125000000000e-01
5.356445312500000000e-01
-8.344726562500000000e-01
4.404296875000000000e-01
7.818603515625000000e-02
-3.159179687500000000e-01
1.575927734375000000e-01
3.149414062500000000e-01
-1.115722656250000000e-01
3.591308593750000000e-01
2.618408203125000000e-02
7.843017578125000000e-02
-1.864624023437500000e-02
-2.648925781250000000e-02
-1.542968750000000000e-01
4.483032226562500000e-02
-1.353759765625000000e-01
1.187133789062500000e-01
-4.428710937500000000e-01
6.057739257812500000e-02
1.145629882812500000e-01
-2.556152343750000000e-01
-2.944335937500000000e-01
1.555175781250000000e-01
-2.797851562500000000e-01
-1.664733886718750000e-02
9.100341796875000000e-02
1.161499023437500000e-01
3.422851562500000000e-01
2.648925781250000000e-01
-7.922363281250000000e-02
1.566162109375000000e-01
-5.499267578125000000e-02
3.093261718750000000e-01
-3.398437500000000000e-01
3.071289062500000000e-01
3.435058593750000000e-01
-2.799987792968750000e-02
-3.544921875000000000e-01
-5.844116210937500000e-02
9.906005859375000000e-02
9.753417968750000000e-02
2.077636718750000000e-01
7.604980468750000000e-02
2.946472167968750000e-02
-1.970214843750000000e-01
5.496215820312500000e-02
-7.171630859375000000e-02
-1.730957031250000000e-01
1.004028320312500000e-01
2.786254882812500000e-02
-4.926757812500000000e-01
-5.606079101562500000e-02
-2.819824218750000000e-02
-2.464294433593750000e-02
-5.405273437500000000e-01
1.125488281250000000e-01
1.784667968750000000e-01
-1.275634765625000000e-01
-1.188964843750000000e-01
1.998291015625000000e-01
-2.238769531250000000e-01
-6.951904296875000000e-02
-4.196777343750000000e-01
1.882324218750000000e-01
-2.734375000000000000e-01
2.575683593750000000e-02
1.606445312500000000e-01
2.724609375000000000e-01
3.424072265625000000e-02
-1.925048828125000000e-01
-2.172851562500000000e-01
5.805664062500000000e-01
1.016845703125000000e-01
-1.706542968750000000e-01
1.185302734375000000e-01
2.607421875000000000e-01
-3.017578125000000000e-01
2.420654296875000000e-01
-5.920410156250000000e-02
-5.215454101562500000e-02
3.747558593750000000e-01
5.892944335937500000e-02
-1.349639892578125000e-02
-1.467132568359375000e-02
-3.571777343750000000e-01
-4.336547851562500000e-02
-2.476806640625000000e-01
-3.799438476562500000e-02
-3.242187500000000000e-01
-3.249511718750000000e-01
-1.268310546875000000e-01
-1.939697265625000000e-01
-9.222412109375000000e-02
1.156005859375000000e-01
9.643554687500000000e-03
-1.674804687500000000e-01
3.403320312500000000e-01
2.846679687500000000e-01
-2.409667968750000000e-01
1.344680786132812500e-04
1.429443359375000000e-01
4.167480468750000000e-01
2.200317382812500000e-02
2.666015625000000000e-01
-4.397583007812500000e-02
-7.287597656250000000e-02
-1.566162109375000000e-01
-4.396972656250000000e-01
-1.510009765625000000e-01
2.661132812500000000e-01
-7.440185546875000000e-02
1.822509765625000000e-01
-1.270751953125000000e-01
-1.019897460937500000e-01
3.198242187500000000e-01
1.088867187500000000e-01
8.530616760253906250e-04
1.262207031250000000e-01
-3.225097656250000000e-01
-5.285644531250000000e-02
6.198120117187500000e-02
-3.005371093750000000e-01
4.879760742187500000e-02
-1.380615234375000000e-01
1.067504882812500000e-01
9.362792968750000000e-02
-2.316894531250000000e-01
-7.806396484375000000e-02
1.860046386718750000e-02
1.851806640625000000e-01
1.343994140625000000e-01
-7.635498046875000000e-02
2.335205078125000000e-01
-1.523437500000000000e-01
-2.222061157226562500e-03
-1.138916015625000000e-01
2.900390625000000000e-01
1.079711914062500000e-01
4.647827148437500000e-02
-3.596191406250000000e-01
1.539306640625000000e-01
-2.078857421875000000e-01
6.069946289062500000e-02
-1.853027343750000000e-01
3.349609375000000000e-01
-1.165161132812500000e-01
-1.143798828125000000e-01
3.793945312500000000e-01
-1.506347656250000000e-01
3.007812500000000000e-01
2.034912109375000000e-01
2.626953125000000000e-01
1.301269531250000000e-01
-8.569335937500000000e-01
6.511688232421875000e-03
1.864013671875000000e-01
-1.237487792968750000e-02
-1.673583984375000000e-01
-2.821350097656250000e-02
-6.402587890625000000e-02
-1.508789062500000000e-01
1.968994140625000000e-01
2.067871093750000000e-01
-2.449951171875000000e-01
2.946777343750000000e-01
1.214843750000000000e+00
3.474121093750000000e-01
2.235107421875000000e-01
1.575927734375000000e-01
1.536865234375000000e-01
-7.836914062500000000e-02
5.322265625000000000e-01
3.525390625000000000e-01
2.658691406250000000e-01
2.753906250000000000e-01
2.905273437500000000e-01
-1.618957519531250000e-02
7.464599609375000000e-02
-2.202148437500000000e-01
3.053283691406250000e-02
7.391357421875000000e-02
-7.041015625000000000e-01
-4.685058593750000000e-01
1.182861328125000000e-01
