-2.204589843750000000e-01
2.729492187500000000e-01
-5.756835937500000000e-01
2.919921875000000000e-01
9.503173828125000000e-02
-2.366943359375000000e-01
-3.029785156250000000e-01
-9.545898437500000000e-01
-4.434204101562500000e-02
1.137695312500000000e-01
-3.203125000000000000e-01
-3.991699218750000000e-01
2.064208984375000000e-01
2.082519531250000000e-01
2.833557128906250000e-02
1.298828125000000000e-01
9.307861328125000000e-02
-1.224365234375000000e-01
1.301269531250000000e-01
-4.963378906250000000e-01
5.063476562500000000e-01
-3.344726562500000000e-01
1.026000976562500000e-01
-5.023193359375000000e-02
2.497863769531250000e-02
2.429199218750000000e-01
-5.416870117187500000e-02
-1.173095703125000000e-01
-2.543945312500000000e-01
1.814270019531250000e-02
1.701660156250000000e-01
-1.291656494140625000e-02
1.254882812500000000e-01
3.533935546875000000e-02
-1.518554687500000000e-01
-7.684326171875000000e-02
-2.807617187500000000e-01
1.645507812500000000e-01
-9.332275390625000000e-02
-1.258544921875000000e-01
4.562377929687500000e-02
-3.825683593750000000e-01
-1.096801757812500000e-01
-1.750488281250000000e-01
3.945827484130859375e-04
2.114257812500000000e-01
-2.413330078125000000e-01
3.508300781250000000e-01
1.733398437500000000e-01
-1.564025878906250000e-02
1.149902343750000000e-01
1.038818359375000000e-01
9.893798828125000000e-02
-2.233886718750000000e-01
1.101493835449218750e-03
-1.888427734375000000e-01
1.733398437500000000e-01
-4.042968750000000000e-01
-9.335937500000000000e-01
-1.731872558593750000e-02
1.009521484375000000e-01
3.086853027343750000e-02
-3.649902343750000000e-01
5.203247070312500000e-03
-6.611328125000000000e-01
6.311035156250000000e-02
-1.047973632812500000e-01
3.339843750000000000e-01
1.940917968750000000e-01
-4.521484375000000000e-01
1.169433593750000000e-01
-3.771972656250000000e-01
4.016113281250000000e-02
2.471923828125000000e-01
-4.394531250000000000e-01
-3.186035156250000000e-02
-1.394042968750000000e-01
-3.668212890625000000e-02
-1.302490234375000000e-01
-3.537597656250000000e-01
3.652343750000000000e-01
-4.397583007812500000e-02
1.380615234375000000e-01
2.384033203125000000e-01
2.073974609375000000e-01
6.732177734375000000e-02
2.172851562500000000e-01
-9.033203125000000000e-02
1.179504394531250000e-02
3.085937500000000000e-01
-7.037353515625000000e-02
-1.289062500000000000e-01
-1.581054687500000000e+00
2.570800781250000000e-01
-5.993652343750000000e-02
2.138671875000000000e-01
3.718261718750000000e-01
1.907958984375000000e-01
2.139892578125000000e-01
2.143554687500000000e-01
2.205810546875000000e-01
4.060058593750000000e-01
6.137084960937500000e-02
-1.352539062500000000e-01
-8.947753906250000000e-02
4.260253906250000000e-02
-2.429199218750000000e-02
-2.158203125000000000e-01
-5.682373046875000000e-02
-1.195068359375000000e-01
-1.214599609375000000e-01
-1.663208007812500000e-02
-9.979248046875000000e-02
7.415771484375000000e-02
2.956542968750000000e-01
-6.027221679687500000e-03
2.451171875000000000e-01
6.179809570312500000e-02
-1.676025390625000000e-01
1.185913085937500000e-01
2.161865234375000000e-01
-1.727294921875000000e-01
-1.661376953125000000e-01
1.265869140625000000e-01
7.562255859375000000e-02
-3.146362304687500000e-02
3.436279296875000000e-02
3.745117187500000000e-01
-5.043945312500000000e-01
3.259277343750000000e-01
3.425292968750000000e-01
3.574218750000000000e-01
-2.839355468750000000e-01
6.035156250000000000e+00
-1.752929687500000000e-01
4.876708984375000000e-02
1.319580078125000000e-01
-3.400878906250000000e-01
-1.804199218750000000e-01
-1.630859375000000000e-01
-1.367950439453125000e-02
-9.588623046875000000e-02
1.816406250000000000e-01
1.837158203125000000e-01
-4.306640625000000000e-01
-3.077697753906250000e-02
3.032226562500000000e-01
-5.878906250000000000e-01
1.652832031250000000e-01
1.339111328125000000e-01
3.435058593750000000e-01
2.085876464843750000e-02
2.257080078125000000e-01
-7.910156250000000000e-02
4.829406738281250000e-03
1.833496093750000000e-01
2.502441406250000000e-02
2.155761718750000000e-01
-7.318115234375000000e-02
-3.207397460937500000e-02
1.398925781250000000e-01
3.894042968750000000e-01
-2.050781250000000000e-01
-5.041503906250000000e-02
-3.054199218750000000e-01
1.787109375000000000e-01
-1.988525390625000000e-01
-1.617431640625000000e-01
8.087158203125000000e-03
-1.983642578125000000e-01
2.230224609375000000e-01
-2.807617187500000000e-01
1.319580078125000000e-01
2.447509765625000000e-01
-4.533691406250000000e-01
-4.272460937500000000e-02
-2.783203125000000000e-01
2.255859375000000000e-01
5.439453125000000000e-01
2.433776855468750000e-02
-1.019287109375000000e-01
5.546875000000000000e-01
-2.600097656250000000e-01
6.069946289062500000e-02
-1.245117187500000000e-01
-1.821289062500000000e-01
-4.375000000000000000e-01
7.806396484375000000e-02
5.546875000000000000e-01
1.722412109375000000e-01
-1.224365234375000000e-01
3.066406250000000000e-01
-1.546630859375000000e-01
4.010009765625000000e-02
8.598327636718750000e-03
2.432861328125000000e-01
-4.635620117187500000e-02
9.399414062500000000e-02
9.790039062500000000e-02
-5.039062500000000000e-01
1.144409179687500000e-02
-2.285156250000000000e-01
5.825195312500000000e-01
6.512451171875000000e-02
-1.516113281250000000e-01
4.704589843750000000e-01
-2.687988281250000000e-01
-2.436828613281250000e-02
2.375488281250000000e-01
-5.386352539062500000e-02
7.220458984375000000e-02
6.115722656250000000e-02
1.633300781250000000e-01
-4.201660156250000000e-01
1.475830078125000000e-01
2.670898437500000000e-01
3.173828125000000000e-01
-1.945800781250000000e-01
-1.046142578125000000e-01
-3.088378906250000000e-01
3.100585937500000000e-01
-3.898925781250000000e-01
-2.061767578125000000e-01
-4.672241210937500000e-02
1.574707031250000000e-01
-2.267456054687500000e-02
-1.469726562500000000e-01
-4.357910156250000000e-02
4.885253906250000000e-01
-2.983398437500000000e-01
-2.595214843750000000e-01
4.473876953125000000e-02
7.495117187500000000e-02
1.077270507812500000e-01
1.544189453125000000e-01
1.901855468750000000e-01
6.298828125000000000e-02
3.964233398437500000e-02
1.046752929687500000e-01
4.658203125000000000e-01
-2.629394531250000000e-01
2.788085937500000000e-01
-3.039550781250000000e-01
-2.145996093750000000e-01
-1.203002929687500000e-01
5.889892578125000000e-02
-9.613037109375000000e-02
-5.529785156250000000e-02
1.284179687500000000e-01
2.894592285156250000e-02
-2.080078125000000000e-01
3.120422363281250000e-02
-2.015380859375000000e-01
6.542968750000000000e-02
-1.887512207031250000e-02
6.555175781250000000e-02
1.185913085937500000e-01
-1.645507812500000000e-01
8.514404296875000000e-02
-1.508789062500000000e-01
-4.714965820312500000e-02
1.842041015625000000e-01
-1.135253906250000000e-01
-6.890869140625000000e-02
1.006317138671875000e-02
-2.075195312500000000e-01
-6.964111328125000000e-02
1.942138671875000000e-01
-2.817382812500000000e-01
-2.047729492187500000e-02
3.916015625000000000e-01
-4.587402343750000000e-01
-3.134765625000000000e-01
4.208984375000000000e-01
-1.350097656250000000e-01
-1.396484375000000000e-01
-4.983520507812500000e-02
1.683349609375000000e-01
-2.225875854492187500e-03
-1.807861328125000000e-01
5.532226562500000000e-01
3.732299804687500000e-02
-1.248168945312500000e-01
1.613769531250000000e-01
-4.055175781250000000e-01
9.320068359375000000e-02
1.320800781250000000e-01
1.473388671875000000e-01
-4.135131835937500000e-03
-4.519653320312500000e-02
4.191894531250000000e-01
1.998291015625000000e-01
-1.949462890625000000e-01
1.429443359375000000e-01
-1.867675781250000000e-01
-1.889648437500000000e-01
-1.695556640625000000e-01
-8.752441406250000000e-02
-2.232666015625000000e-01
3.796386718750000000e-01
-3.508300781250000000e-01
-2.313232421875000000e-01
-1.692199707031250000e-02
2.023925781250000000e-01
2.448730468750000000e-01
1.546630859375000000e-01
-5.849609375000000000e-01
9.997558593750000000e-02
1.273193359375000000e-01
2.858886718750000000e-01
-8.233642578125000000e-02
1.916503906250000000e-02
6.039062500000000000e+00
-7.865905761718750000e-03
-1.529693603515625000e-02
2.763671875000000000e-01
-7.592773437500000000e-02
-1.867675781250000000e-01
2.587890625000000000e-01
1.745605468750000000e-02
1.751708984375000000e-01
4.912109375000000000e-01
1.968994140625000000e-01
2.961425781250000000e-01
-2.357177734375000000e-01
1.077270507812500000e-01
-2.915039062500000000e-01
1.430664062500000000e-01
-2.346191406250000000e-01
-2.177734375000000000e+00
3.908691406250000000e-01
5.253906250000000000e-01
8.532714843750000000e-02
3.945312500000000000e-01
-3.007812500000000000e-01
-1.901855468750000000e-01
1.254882812500000000e-01
3.876953125000000000e-01
-1.987304687500000000e-01
-2.702636718750000000e-01
-6.060791015625000000e-02
2.327880859375000000e-01
1.829833984375000000e-01
1.274414062500000000e-01
6.243896484375000000e-02
-1.346435546875000000e-01
-1.340332031250000000e-01
1.309814453125000000e-01
1.950683593750000000e-01
-2.817382812500000000e-01
1.713752746582031250e-03
3.120422363281250000e-02
-1.872558593750000000e-01
3.513183593750000000e-01
1.812744140625000000e-01
-1.080932617187500000e-01
4.415893554687500000e-02
1.994628906250000000e-01
3.547363281250000000e-01
-9.912109375000000000e-02
2.414550781250000000e-01
-1.170349121093750000e-02
3.920898437500000000e-01
-2.614746093750000000e-01
1.141967773437500000e-01
-9.063720703125000000e-02
5.020141601562500000e-02
1.832275390625000000e-01
-6.045532226562500000e-02
2.060546875000000000e-01
1.427001953125000000e-01
2.636718750000000000e-01
-3.566894531250000000e-01
4.323730468750000000e-01
-4.062500000000000000e-01
-1.173095703125000000e-01
-6.665039062500000000e-02
1.297607421875000000e-01
-1.749267578125000000e-01
1.870727539062500000e-02
-1.531982421875000000e-01
-7.556152343750000000e-02
1.394042968750000000e-01
-4.980468750000000000e-02
-4.458618164062500000e-02
1.964111328125000000e-01
1.002197265625000000e-01
-2.907714843750000000e-01
2.880859375000000000e-02
-9.503173828125000000e-02
-2.734375000000000000e-01
1.905517578125000000e-01
-2.279663085937500000e-02
1.668701171875000000e-01
1.110839843750000000e-01
1.401367187500000000e-01
-4.977416992187500000e-02
1.374511718750000000e-01
-1.716613769531250000e-02
2.185058593750000000e-01
9.231567382812500000e-03
2.937011718750000000e-01
-1.155395507812500000e-01
-2.321777343750000000e-01
-1.076660156250000000e-01
-2.404785156250000000e-01
-9.454345703125000000e-02
-3.878784179687500000e-02
3.823242187500000000e-01
1.913452148437500000e-02
-1.705322265625000000e-01
6.723632812500000000e-01
1.479492187500000000e-01
1.586914062500000000e-01
5.200195312500000000e-01
3.071289062500000000e-01
-6.702423095703125000e-03
2.568359375000000000e-01
3.311157226562500000e-02
1.561279296875000000e-01
-7.141113281250000000e-02
-4.598999023437500000e-02
1.386718750000000000e-01
-2.087402343750000000e-01
-1.322021484375000000e-01
1.773681640625000000e-01
-6.634521484375000000e-02
-1.446533203125000000e-01
3.334960937500000000e-01
2.694702148437500000e-02
-3.640747070312500000e-02
-4.135742187500000000e-01
-2.927246093750000000e-01
1.511230468750000000e-01
-6.652832031250000000e-02
1.231384277343750000e-02
-3.001403808593750000e-02
-1.938476562500000000e-01
-4.189453125000000000e-01
-1.523437500000000000e-01
-2.565917968750000000e-01
-6.064453125000000000e-01
-1.760253906250000000e-01
-2.097167968750000000e-01
1.777343750000000000e-01
-3.204345703125000000e-02
5.303955078125000000e-02
-5.063476562500000000e-01
8.721923828125000000e-02
1.146850585937500000e-01
3.002929687500000000e-02
-4.913330078125000000e-02
2.775878906250000000e-01
2.259521484375000000e-01
3.452148437500000000e-01
1.273193359375000000e-01
3.329467773437500000e-02
1.943359375000000000e-01
-2.087402343750000000e-01
-5.019531250000000000e-01
9.936523437500000000e-02
-5.264282226562500000e-02
9.124755859375000000e-03
1.993408203125000000e-01
2.117919921875000000e-01
-1.244506835937500000e-01
9.509277343750000000e-02
-2.893066406250000000e-01
6.945800781250000000e-02
2.568054199218750000e-02
7.153320312500000000e-02
-1.995849609375000000e-01
4.241466522216796875e-04
-8.020019531250000000e-02
4.987792968750000000e-01
2.937011718750000000e-01
-5.292968750000000000e-01
2.474365234375000000e-01
1.422119140625000000e-01
-2.212524414062500000e-02
-7.543945312500000000e-02
-6.909179687500000000e-01
-5.850219726562500000e-02
-3.228759765625000000e-02
3.779296875000000000e-01
-1.704101562500000000e-01
8.099365234375000000e-02
-4.605102539062500000e-02
1.343994140625000000e-01
8.532714843750000000e-02
-1.800537109375000000e-01
3.283691406250000000e-02
4.846191406250000000e-02
9.721679687500000000e-01
-3.142089843750000000e-01
2.354736328125000000e-01
3.059082031250000000e-01
-1.995849609375000000e-01
1.809082031250000000e-01
-5.197143554687500000e-02
-3.728027343750000000e-01
9.216308593750000000e-02
1.251220703125000000e-01
5.923461914062500000e-02
3.933105468750000000e-01
-4.235839843750000000e-01
4.724121093750000000e-02
-8.953857421875000000e-02
1.690673828125000000e-02
6.689453125000000000e-02
-6.132812500000000000e-01
-4.132080078125000000e-02
