-2.230224609375000000e-01
-7.438659667968750000e-03
-1.917724609375000000e-01
-2.690429687500000000e-01
-3.326416015625000000e-02
5.654907226562500000e-02
-7.769775390625000000e-02
-9.121093750000000000e-01
-7.379150390625000000e-02
5.893554687500000000e-01
1.267242431640625000e-02
-1.159667968750000000e-01
2.432861328125000000e-01
-1.019287109375000000e-01
-6.555175781250000000e-02
4.965209960937500000e-02
1.621093750000000000e-01
-2.294921875000000000e-02
-3.701171875000000000e-01
-9.124755859375000000e-02
3.142089843750000000e-01
-1.284179687500000000e-01
-3.010559082031250000e-02
-8.038330078125000000e-02
-1.274414062500000000e-01
1.822509765625000000e-01
2.152099609375000000e-01
2.563476562500000000e-01
-6.025390625000000000e-01
7.159423828125000000e-02
-4.296875000000000000e-01
1.665039062500000000e-01
2.851486206054687500e-04
6.854248046875000000e-02
-3.894042968750000000e-01
-2.210693359375000000e-01
-1.721191406250000000e-01
-1.000976562500000000e-01
3.466796875000000000e-01
-2.746582031250000000e-02
2.719726562500000000e-01
7.873535156250000000e-02
4.848480224609375000e-03
-2.363586425781250000e-02
1.535644531250000000e-01
1.748046875000000000e-01
-3.414916992187500000e-02
1.693115234375000000e-01
-1.232147216796875000e-02
2.927246093750000000e-01
-5.822753906250000000e-02
5.984497070312500000e-02
1.748046875000000000e-01
-7.695312500000000000e-01
-4.082031250000000000e-01
-1.378631591796875000e-02
4.046630859375000000e-02
1.690673828125000000e-01
-1.687011718750000000e-01
3.894042968750000000e-01
1.673583984375000000e-01
-8.648681640625000000e-02
4.229736328125000000e-02
-3.371582031250000000e-01
-5.151367187500000000e-01
8.850097656250000000e-02
4.803466796875000000e-02
2.622985839843750000e-02
6.402587890625000000e-02
-3.090820312500000000e-01
-4.704589843750000000e-01
-1.047363281250000000e-01
2.263183593750000000e-01
2.191162109375000000e-02
1.522827148437500000e-02
9.442138671875000000e-02
4.348144531250000000e-01
3.872070312500000000e-01
-3.591308593750000000e-01
2.418212890625000000e-01
-4.770507812500000000e-01
1.971435546875000000e-01
7.073974609375000000e-02
3.540039062500000000e-01
-3.520507812500000000e-01
1.328125000000000000e-01
-2.005004882812500000e-02
-8.532714843750000000e-02
-3.347167968750000000e-01
1.301574707031250000e-02
2.807617187500000000e-01
-6.347656250000000000e-01
-1.461914062500000000e+00
4.599609375000000000e-01
8.630371093750000000e-02
3.171386718750000000e-01
3.961181640625000000e-02
2.086181640625000000e-01
3.622436523437500000e-02
1.710510253906250000e-02
3.608398437500000000e-01
-3.698730468750000000e-02
-2.124023437500000000e-02
-2.539062500000000000e-01
1.258544921875000000e-01
1.599121093750000000e-01
3.787231445312500000e-02
1.434326171875000000e-01
-3.383789062500000000e-01
3.459472656250000000e-01
-2.415771484375000000e-01
1.585388183593750000e-02
8.093261718750000000e-02
8.697509765625000000e-03
-9.075927734375000000e-02
-9.027099609375000000e-02
2.729797363281250000e-02
3.820800781250000000e-01
-4.152832031250000000e-01
4.919433593750000000e-01
1.397705078125000000e-01
-3.649902343750000000e-01
-6.333007812500000000e-01
1.309814453125000000e-01
6.359863281250000000e-02
-2.152099609375000000e-01
1.856689453125000000e-01
-3.872070312500000000e-01
-1.585693359375000000e-01
2.487792968750000000e-01
5.538940429687500000e-02
-2.810058593750000000e-01
-2.324218750000000000e-01
5.093750000000000000e+00
-1.704101562500000000e-01
3.776855468750000000e-01
1.231689453125000000e-01
-6.264648437500000000e-01
3.213500976562500000e-02
-4.681396484375000000e-02
-1.192626953125000000e-01
-1.809692382812500000e-02
-2.187500000000000000e-01
4.409179687500000000e-01
-3.234863281250000000e-01
1.738281250000000000e-01
4.772949218750000000e-01
-2.467041015625000000e-01
2.425537109375000000e-01
-2.536621093750000000e-01
-5.288696289062500000e-02
-2.230224609375000000e-01
1.906738281250000000e-01
-7.739257812500000000e-02
-1.590576171875000000e-01
1.079711914062500000e-01
-2.949218750000000000e-01
-4.160156250000000000e-01
-1.317138671875000000e-01
1.114501953125000000e-01
2.956542968750000000e-01
-8.178710937500000000e-02
-3.664550781250000000e-01
4.016113281250000000e-02
8.282470703125000000e-02
-1.104736328125000000e-02
2.379150390625000000e-01
-2.844238281250000000e-01
2.186279296875000000e-01
-2.749023437500000000e-01
4.370117187500000000e-02
3.890991210937500000e-02
5.883789062500000000e-01
4.821777343750000000e-01
-4.760742187500000000e-01
3.452148437500000000e-01
-1.320800781250000000e-01
-1.520996093750000000e-01
3.668212890625000000e-02
-2.171630859375000000e-01
3.543090820312500000e-02
2.670898437500000000e-01
-2.236328125000000000e-01
-2.020263671875000000e-02
-1.628417968750000000e-01
4.584789276123046875e-04
3.386230468750000000e-01
-1.098632812500000000e-01
1.121215820312500000e-01
-8.300781250000000000e-02
2.766113281250000000e-01
1.033325195312500000e-01
-2.751464843750000000e-01
1.917724609375000000e-01
3.686523437500000000e-02
8.648681640625000000e-02
-2.634277343750000000e-01
1.004028320312500000e-01
-6.469726562500000000e-02
-3.207397460937500000e-02
9.161376953125000000e-02
2.142333984375000000e-01
-1.252441406250000000e-01
3.178710937500000000e-01
-3.903808593750000000e-01
2.269287109375000000e-01
1.838684082031250000e-02
-3.833007812500000000e-01
-2.639160156250000000e-01
-4.147949218750000000e-01
3.134765625000000000e-01
5.229492187500000000e-01
-2.299804687500000000e-01
1.395263671875000000e-01
1.901855468750000000e-01
-5.746459960937500000e-02
-1.733398437500000000e-01
-1.674804687500000000e-01
3.105468750000000000e-01
-7.910156250000000000e-02
4.125976562500000000e-01
-4.013061523437500000e-02
-4.079589843750000000e-01
-1.378173828125000000e-01
-3.796386718750000000e-02
2.224121093750000000e-01
-3.276367187500000000e-01
-2.186279296875000000e-01
-2.658691406250000000e-01
1.163330078125000000e-01
1.488037109375000000e-01
4.624023437500000000e-01
4.497070312500000000e-01
-1.912841796875000000e-01
-1.782226562500000000e-01
-2.565917968750000000e-01
3.390502929687500000e-02
6.817626953125000000e-02
-2.814941406250000000e-01
-7.586669921875000000e-02
2.407226562500000000e-01
-5.532836914062500000e-02
8.917236328125000000e-02
4.306640625000000000e-01
-1.691894531250000000e-01
2.414550781250000000e-01
-1.961669921875000000e-01
1.905822753906250000e-02
-4.028320312500000000e-01
9.912109375000000000e-02
-1.304931640625000000e-01
-1.038818359375000000e-01
1.994628906250000000e-01
2.230224609375000000e-01
-3.557128906250000000e-01
1.928710937500000000e-01
2.668457031250000000e-01
-1.639404296875000000e-01
3.429412841796875000e-03
-5.580902099609375000e-03
-3.114318847656250000e-02
1.640625000000000000e-01
-2.763671875000000000e-01
-7.202148437500000000e-02
-1.669921875000000000e-01
-3.848266601562500000e-02
-1.060180664062500000e-01
9.466552734375000000e-02
-3.400878906250000000e-01
-1.423339843750000000e-01
1.464080810546875000e-02
1.018066406250000000e-01
2.485351562500000000e-01
1.146850585937500000e-01
1.918945312500000000e-01
-4.475097656250000000e-01
-3.225097656250000000e-01
3.889160156250000000e-01
2.491760253906250000e-02
1.218872070312500000e-01
2.993164062500000000e-01
-6.304931640625000000e-02
-9.632110595703125000e-04
2.541503906250000000e-01
2.910156250000000000e-01
4.172363281250000000e-01
5.426025390625000000e-02
1.611328125000000000e-01
1.039428710937500000e-01
-1.146850585937500000e-01
3.374023437500000000e-01
-4.328613281250000000e-01
1.452636718750000000e-01
2.081298828125000000e-01
-1.781005859375000000e-01
3.376464843750000000e-01
-5.996093750000000000e-01
-1.885986328125000000e-01
-7.452392578125000000e-02
-8.795166015625000000e-02
-2.920532226562500000e-02
-3.249511718750000000e-01
-6.518554687500000000e-02
4.641723632812500000e-02
-7.806396484375000000e-02
-1.541748046875000000e-01
-1.458740234375000000e-01
7.769775390625000000e-02
-3.461914062500000000e-01
-3.778076171875000000e-02
-1.927185058593750000e-02
6.831054687500000000e-01
5.085937500000000000e+00
8.905029296875000000e-02
-3.220214843750000000e-01
-1.597900390625000000e-01
3.208007812500000000e-01
1.168823242187500000e-01
4.040527343750000000e-01
2.253723144531250000e-02
2.646484375000000000e-01
2.644042968750000000e-01
3.957519531250000000e-01
2.005615234375000000e-01
-2.646484375000000000e-01
-2.885742187500000000e-01
2.775878906250000000e-01
1.462402343750000000e-01
1.533203125000000000e-01
-2.173828125000000000e+00
6.059570312500000000e-01
5.590820312500000000e-02
-4.446411132812500000e-02
-4.064941406250000000e-01
-5.438232421875000000e-02
2.044677734375000000e-01
1.104736328125000000e-02
-3.411865234375000000e-02
2.946777343750000000e-01
2.912902832031250000e-02
-4.821777343750000000e-02
-2.456054687500000000e-01
2.749023437500000000e-01
-1.688232421875000000e-01
1.823730468750000000e-01
-2.590332031250000000e-01
8.166503906250000000e-02
3.229980468750000000e-01
2.224121093750000000e-01
-5.978393554687500000e-02
1.374816894531250000e-02
-3.527832031250000000e-01
6.097412109375000000e-02
1.285400390625000000e-01
-4.525756835937500000e-02
-9.265136718750000000e-02
-2.318115234375000000e-01
-1.420898437500000000e-01
2.487182617187500000e-02
2.283935546875000000e-01
-2.174072265625000000e-01
3.298950195312500000e-02
7.904052734375000000e-02
2.810058593750000000e-01
9.149169921875000000e-02
-5.454101562500000000e-01
3.159179687500000000e-01
1.817626953125000000e-01
-7.312011718750000000e-02
1.029052734375000000e-01
-6.781005859375000000e-02
4.928588867187500000e-03
-2.995605468750000000e-01
-9.912109375000000000e-02
-3.666992187500000000e-01
3.869628906250000000e-01
-5.465698242187500000e-02
-1.959228515625000000e-01
-2.695312500000000000e-01
-2.587890625000000000e-01
-1.167297363281250000e-02
-5.459594726562500000e-02
-8.795166015625000000e-02
4.598999023437500000e-02
-1.706542968750000000e-01
-7.556152343750000000e-02
1.258544921875000000e-01
1.768798828125000000e-01
-2.558593750000000000e-01
1.025390625000000000e-01
-2.473144531250000000e-01
3.020019531250000000e-01
-3.750000000000000000e-01
-2.502441406250000000e-01
-2.294921875000000000e-01
-5.706787109375000000e-02
3.876953125000000000e-01
-2.258300781250000000e-01
-7.519531250000000000e-02
2.978515625000000000e-01
2.819824218750000000e-01
2.484130859375000000e-02
2.465820312500000000e-01
1.220703125000000000e-02
-2.143554687500000000e-01
-4.104003906250000000e-01
2.333984375000000000e-01
-3.097534179687500000e-02
-2.141113281250000000e-01
-1.710510253906250000e-02
4.504394531250000000e-02
1.010742187500000000e-01
2.302246093750000000e-01
2.785644531250000000e-01
-1.342773437500000000e-01
-2.089843750000000000e-01
-3.000488281250000000e-01
-3.039550781250000000e-01
3.591308593750000000e-01
-5.728149414062500000e-02
-4.313964843750000000e-01
-1.899414062500000000e-01
-1.914062500000000000e-01
-1.822509765625000000e-01
-1.297607421875000000e-01
-1.314697265625000000e-01
-3.078613281250000000e-01
4.977416992187500000e-02
1.702880859375000000e-01
2.230224609375000000e-01
-3.872070312500000000e-01
-2.299804687500000000e-01
1.884460449218750000e-02
5.087280273437500000e-02
-7.247924804687500000e-03
5.154418945312500000e-02
-1.854248046875000000e-01
-8.465576171875000000e-02
-4.667968750000000000e-01
-4.327392578125000000e-02
1.107025146484375000e-02
1.092529296875000000e-01
-1.726074218750000000e-01
-1.352539062500000000e-01
3.771972656250000000e-01
-1.049804687500000000e-01
-3.486328125000000000e-01
-7.006835937500000000e-02
-1.629638671875000000e-02
3.120117187500000000e-01
-1.701660156250000000e-01
7.397460937500000000e-02
2.641601562500000000e-01
7.873535156250000000e-02
5.244140625000000000e-01
-7.177734375000000000e-02
6.878662109375000000e-02
4.626464843750000000e-01
1.271972656250000000e-01
-2.209472656250000000e-01
4.196166992187500000e-04
4.516601562500000000e-01
2.697753906250000000e-01
-5.361938476562500000e-02
2.727050781250000000e-01
8.734130859375000000e-02
2.960205078125000000e-02
-1.575927734375000000e-01
1.591491699218750000e-02
2.885742187500000000e-01
1.157836914062500000e-01
-4.038085937500000000e-01
-2.917480468750000000e-01
-3.334960937500000000e-01
4.260253906250000000e-01
6.530761718750000000e-02
3.083496093750000000e-01
2.351074218750000000e-01
-4.304199218750000000e-01
5.541992187500000000e-01
1.489257812500000000e-01
-5.815429687500000000e-01
4.826660156250000000e-01
1.461181640625000000e-01
-4.672241210937500000e-02
-2.497558593750000000e-01
2.648925781250000000e-01
3.320312500000000000e-01
2.437744140625000000e-01
-3.193359375000000000e-01
-2.362060546875000000e-01
-2.741699218750000000e-01
3.166503906250000000e-01
6.298828125000000000e-01
4.348144531250000000e-01
-5.117187500000000000e-01
4.379882812500000000e-01
-2.558593750000000000e-01
-1.716308593750000000e-01
3.775024414062500000e-02
-2.714843750000000000e-01
2.720642089843750000e-02
5.038452148437500000e-02
3.884887695312500000e-02
3.186035156250000000e-01
-1.882324218750000000e-01
-2.699279785156250000e-02
-1.510009765625000000e-01
1.142120361328125000e-02
-4.284667968750000000e-01
-1.971435546875000000e-01
7.183837890625000000e-02
