-9.117126464843750000e-03
-9.759521484375000000e-02
-2.729492187500000000e-01
1.596679687500000000e-01
-4.907226562500000000e-02
-3.620605468750000000e-01
-2.193603515625000000e-01
-1.285156250000000000e+00
-1.091308593750000000e-01
5.483398437500000000e-01
2.836914062500000000e-01
-2.529296875000000000e-01
9.582519531250000000e-02
3.080368041992187500e-03
1.042480468750000000e-01
1.401367187500000000e-01
4.458618164062500000e-02
1.718750000000000000e-01
-2.232666015625000000e-01
-3.735351562500000000e-01
4.255371093750000000e-01
-8.575439453125000000e-02
-9.661865234375000000e-02
1.416778564453125000e-02
9.790039062500000000e-02
-1.029663085937500000e-01
-1.666259765625000000e-01
-1.697998046875000000e-01
1.728515625000000000e-01
2.081298828125000000e-01
-1.904296875000000000e-01
-9.106445312500000000e-02
5.584716796875000000e-02
2.119140625000000000e-01
-2.600097656250000000e-01
5.512695312500000000e-01
-1.492919921875000000e-01
-5.532836914062500000e-02
-3.696289062500000000e-01
-6.744384765625000000e-02
3.225097656250000000e-01
-3.059082031250000000e-01
1.660156250000000000e-01
2.152099609375000000e-01
1.704101562500000000e-01
1.292724609375000000e-01
-6.457519531250000000e-02
9.558105468750000000e-02
-8.428955078125000000e-02
3.449707031250000000e-01
-5.712890625000000000e-02
1.960449218750000000e-01
3.814697265625000000e-02
-9.246826171875000000e-02
-9.222412109375000000e-02
1.982421875000000000e-01
1.286621093750000000e-01
-2.722167968750000000e-01
-2.629394531250000000e-01
-1.889648437500000000e-01
2.296142578125000000e-01
-2.521972656250000000e-01
-2.006530761718750000e-02
2.972412109375000000e-02
9.143066406250000000e-02
-2.413330078125000000e-01
6.237792968750000000e-02
-8.166503906250000000e-02
-2.117919921875000000e-01
-3.112792968750000000e-01
3.037109375000000000e-01
-1.887512207031250000e-02
-2.399902343750000000e-01
2.478027343750000000e-01
-3.322753906250000000e-01
-1.455078125000000000e-01
4.782714843750000000e-01
1.638183593750000000e-01
3.303222656250000000e-01
-4.279785156250000000e-01
-5.751953125000000000e-01
-2.749023437500000000e-01
-1.361083984375000000e-01
4.462890625000000000e-01
-5.218505859375000000e-03
1.343994140625000000e-01
-9.405517578125000000e-02
-5.063476562500000000e-01
6.701660156250000000e-02
1.028442382812500000e-01
1.674804687500000000e-01
-1.867675781250000000e-01
-1.604492187500000000e+00
3.520507812500000000e-01
4.746093750000000000e-01
1.076049804687500000e-01
1.232299804687500000e-01
3.693847656250000000e-01
1.791992187500000000e-01
-2.980957031250000000e-01
5.522460937500000000e-01
1.822509765625000000e-01
2.812500000000000000e-01
-3.901367187500000000e-01
-6.304931640625000000e-02
1.512451171875000000e-01
-2.301025390625000000e-02
-2.790527343750000000e-01
-1.862792968750000000e-01
-6.759643554687500000e-03
-4.657745361328125000e-03
-7.995605468750000000e-02
-3.129882812500000000e-01
-1.658935546875000000e-01
-4.534912109375000000e-02
-2.442626953125000000e-01
9.057617187500000000e-02
-7.409667968750000000e-02
-1.384277343750000000e-01
2.375488281250000000e-01
2.081298828125000000e-01
-3.422851562500000000e-01
1.364746093750000000e-01
-6.829833984375000000e-02
1.124877929687500000e-01
-8.367919921875000000e-02
-1.421356201171875000e-02
1.578369140625000000e-01
1.911621093750000000e-01
3.486328125000000000e-01
3.311157226562500000e-02
1.379394531250000000e-01
-2.541503906250000000e-01
6.148437500000000000e+00
-2.380371093750000000e-01
-7.940673828125000000e-02
7.019042968750000000e-02
-2.763671875000000000e-01
7.885742187500000000e-02
-2.294921875000000000e-02
2.532958984375000000e-02
-5.245971679687500000e-02
1.113281250000000000e-01
2.761230468750000000e-01
-4.990234375000000000e-01
-1.029052734375000000e-01
2.055664062500000000e-01
-2.854003906250000000e-01
-7.592773437500000000e-02
-1.755371093750000000e-01
-2.344970703125000000e-01
-4.806518554687500000e-02
-1.347656250000000000e-01
-4.489135742187500000e-02
1.340332031250000000e-01
-1.457519531250000000e-01
-2.009277343750000000e-01
5.097656250000000000e-01
2.359619140625000000e-01
-1.220092773437500000e-01
-5.565643310546875000e-03
-4.086914062500000000e-01
-1.953125000000000000e-01
3.823242187500000000e-01
9.185791015625000000e-02
1.199951171875000000e-01
5.081176757812500000e-02
-1.972961425781250000e-02
4.069824218750000000e-01
2.604980468750000000e-01
4.135742187500000000e-01
-3.864746093750000000e-01
3.387451171875000000e-02
2.570800781250000000e-01
-4.970703125000000000e-01
9.686279296875000000e-02
-1.876220703125000000e-01
2.785644531250000000e-01
2.089843750000000000e-01
-2.829589843750000000e-01
2.269287109375000000e-01
-9.252929687500000000e-02
3.536987304687500000e-02
1.414794921875000000e-01
9.698486328125000000e-02
-6.215820312500000000e-01
3.608398437500000000e-01
7.501220703125000000e-02
1.628417968750000000e-01
2.557373046875000000e-02
-8.813476562500000000e-02
2.521972656250000000e-01
-1.070404052734375000e-02
1.342773437500000000e-02
8.538818359375000000e-02
4.350585937500000000e-01
1.963806152343750000e-02
5.825195312500000000e-01
-1.639404296875000000e-01
-2.375488281250000000e-01
-1.119384765625000000e-01
-1.492919921875000000e-01
1.824951171875000000e-01
1.686096191406250000e-02
3.497314453125000000e-02
-1.724853515625000000e-01
-2.386474609375000000e-02
-1.234741210937500000e-01
-1.804199218750000000e-01
2.990722656250000000e-01
1.541748046875000000e-01
4.777832031250000000e-01
8.087158203125000000e-02
-7.385253906250000000e-03
1.150512695312500000e-01
-2.419433593750000000e-01
1.699218750000000000e-01
-1.199951171875000000e-01
-1.993408203125000000e-01
-1.252441406250000000e-01
1.063842773437500000e-01
-1.121826171875000000e-01
-1.312255859375000000e-01
-1.303710937500000000e-01
5.804443359375000000e-02
7.067871093750000000e-02
3.720703125000000000e-01
-7.611083984375000000e-02
-5.252075195312500000e-02
-1.909179687500000000e-01
2.187500000000000000e-01
2.182617187500000000e-01
5.053710937500000000e-01
-3.249511718750000000e-01
1.848144531250000000e-01
3.754882812500000000e-01
-7.073974609375000000e-02
1.330566406250000000e-01
-1.654052734375000000e-01
1.502685546875000000e-01
3.496093750000000000e-01
-1.027832031250000000e-01
-6.475830078125000000e-02
-1.209716796875000000e-01
-3.510742187500000000e-01
3.693847656250000000e-01
-9.567260742187500000e-03
-7.513427734375000000e-02
-8.935546875000000000e-02
-5.166015625000000000e-01
-1.385498046875000000e-01
-2.330780029296875000e-03
-1.760253906250000000e-01
3.093261718750000000e-01
-1.413574218750000000e-01
-4.351806640625000000e-02
4.867553710937500000e-02
-4.257812500000000000e-01
5.874633789062500000e-02
3.413085937500000000e-01
2.176513671875000000e-01
7.818603515625000000e-02
-2.445068359375000000e-01
2.799987792968750000e-02
-2.022705078125000000e-01
-5.190429687500000000e-01
-2.903747558593750000e-02
-4.094238281250000000e-01
-1.325683593750000000e-01
-3.940429687500000000e-01
-1.079559326171875000e-02
-9.918212890625000000e-03
-2.597045898437500000e-02
-2.639160156250000000e-01
-3.652343750000000000e-01
-7.354736328125000000e-02
1.923828125000000000e-01
-2.827453613281250000e-02
3.281250000000000000e-01
2.065429687500000000e-01
3.676757812500000000e-01
-1.844787597656250000e-02
-1.632080078125000000e-01
-3.194808959960937500e-03
-8.563232421875000000e-02
1.805419921875000000e-01
1.290283203125000000e-01
-7.942199707031250000e-03
8.142089843750000000e-02
-6.816406250000000000e-01
8.251953125000000000e-02
-1.552734375000000000e-01
1.177368164062500000e-01
3.803710937500000000e-01
1.501464843750000000e-01
-1.082153320312500000e-01
-3.823242187500000000e-01
-2.426757812500000000e-01
-4.702758789062500000e-02
4.383087158203125000e-03
2.085876464843750000e-02
2.480468750000000000e-01
2.249755859375000000e-01
4.343261718750000000e-01
-4.772949218750000000e-02
-5.755615234375000000e-02
1.403808593750000000e-01
2.130126953125000000e-01
-2.770996093750000000e-01
2.155761718750000000e-01
-9.696960449218750000e-03
-7.128906250000000000e-02
6.144531250000000000e+00
4.031372070312500000e-02
-7.696533203125000000e-02
1.397705078125000000e-01
2.465820312500000000e-01
-2.205810546875000000e-01
2.009277343750000000e-01
5.355834960937500000e-03
1.655273437500000000e-01
4.201660156250000000e-01
2.036132812500000000e-01
1.039428710937500000e-01
9.666442871093750000e-03
-2.425537109375000000e-01
5.654907226562500000e-02
-1.188964843750000000e-01
1.392822265625000000e-01
-2.474609375000000000e+00
1.489257812500000000e-01
-2.719116210937500000e-02
-3.842163085937500000e-02
-3.193359375000000000e-01
1.760253906250000000e-01
5.115509033203125000e-03
1.195678710937500000e-01
7.299804687500000000e-02
1.464843750000000000e-01
-3.303222656250000000e-01
-6.549072265625000000e-02
-1.112060546875000000e-01
3.144531250000000000e-01
-7.806396484375000000e-02
3.488769531250000000e-01
-5.520629882812500000e-02
4.421997070312500000e-02
3.984375000000000000e-01
3.757324218750000000e-01
7.690429687500000000e-02
-3.945312500000000000e-01
-2.163085937500000000e-01
-3.579101562500000000e-01
-4.772949218750000000e-02
6.555175781250000000e-02
-1.369628906250000000e-01
-1.010742187500000000e-01
1.824951171875000000e-01
3.625488281250000000e-01
-9.857177734375000000e-02
-3.559570312500000000e-01
-8.399963378906250000e-03
-8.160400390625000000e-02
2.919006347656250000e-02
-3.866195678710937500e-03
-2.392578125000000000e-01
2.122802734375000000e-01
2.171630859375000000e-01
-4.191894531250000000e-01
2.514648437500000000e-01
-4.511718750000000000e-01
-2.117919921875000000e-01
4.486083984375000000e-02
4.512786865234375000e-03
1.339912414550781250e-03
-1.409912109375000000e-01
-3.637695312500000000e-01
6.872558593750000000e-02
-1.535644531250000000e-01
-9.826660156250000000e-02
-4.318847656250000000e-01
-9.509277343750000000e-02
2.861328125000000000e-01
-1.188964843750000000e-01
3.098144531250000000e-01
-1.804199218750000000e-01
-4.483032226562500000e-02
1.854248046875000000e-01
2.432861328125000000e-01
1.411132812500000000e-01
-2.064208984375000000e-01
2.753906250000000000e-01
7.995605468750000000e-02
6.005859375000000000e-02
2.374267578125000000e-01
4.792480468750000000e-01
2.580566406250000000e-01
-1.867675781250000000e-01
-1.065673828125000000e-01
2.707519531250000000e-01
-4.638671875000000000e-01
-1.076049804687500000e-01
1.192016601562500000e-01
-9.356689453125000000e-02
-4.550781250000000000e-01
-6.683349609375000000e-02
7.891845703125000000e-02
-1.442871093750000000e-01
2.973632812500000000e-01
-3.225097656250000000e-01
-1.038208007812500000e-01
2.006835937500000000e-01
-1.695556640625000000e-01
1.862792968750000000e-01
2.000732421875000000e-01
2.978515625000000000e-01
5.569458007812500000e-02
3.164062500000000000e-01
9.350585937500000000e-02
-5.429077148437500000e-02
-1.809692382812500000e-02
-2.944335937500000000e-01
-7.165527343750000000e-02
-3.286132812500000000e-01
-2.147674560546875000e-03
-1.807861328125000000e-01
-3.898925781250000000e-01
-3.732910156250000000e-01
1.710205078125000000e-01
2.583007812500000000e-01
-3.010253906250000000e-01
-3.864746093750000000e-01
-2.105712890625000000e-01
1.163330078125000000e-01
-6.304931640625000000e-02
-2.731933593750000000e-01
-3.859863281250000000e-01
-7.678222656250000000e-02
-2.780761718750000000e-01
-6.744384765625000000e-02
-2.609863281250000000e-01
-7.910156250000000000e-02
-2.690429687500000000e-01
-3.352050781250000000e-01
1.827392578125000000e-01
1.040039062500000000e-01
-3.474121093750000000e-01
-4.257812500000000000e-01
1.082763671875000000e-01
4.995117187500000000e-01
-6.057739257812500000e-02
-4.697265625000000000e-01
1.417236328125000000e-01
1.273193359375000000e-01
3.186035156250000000e-01
1.512451171875000000e-01
3.156738281250000000e-01
-1.614379882812500000e-02
1.971435546875000000e-01
-3.886718750000000000e-01
2.088623046875000000e-01
-1.159057617187500000e-01
3.010253906250000000e-01
2.408447265625000000e-01
1.431884765625000000e-01
-3.884887695312500000e-02
1.174316406250000000e-01
5.978393554687500000e-02
-6.243896484375000000e-02
1.391601562500000000e-01
-6.646728515625000000e-02
-1.044921875000000000e-01
6.384277343750000000e-02
-2.222900390625000000e-01
3.576660156250000000e-01
2.128906250000000000e-01
-2.343750000000000000e-01
7.070312500000000000e-01
-1.303710937500000000e-01
1.602783203125000000e-01
-1.689453125000000000e-01
-5.141601562500000000e-01
-1.817321777343750000e-02
1.325683593750000000e-01
1.362304687500000000e-01
1.605224609375000000e-01
2.585449218750000000e-01
-6.616210937500000000e-02
2.961425781250000000e-01
-5.200195312500000000e-01
-1.173095703125000000e-01
7.495117187500000000e-02
-1.000366210937500000e-01
7.270507812500000000e-01
2.565917968750000000e-01
1.313476562500000000e-01
4.919433593750000000e-02
3.017578125000000000e-01
2.766113281250000000e-01
-5.709838867187500000e-02
1.806640625000000000e-01
8.282470703125000000e-02
2.773437500000000000e-01
-7.373809814453125000e-03
3.127441406250000000e-01
1.161499023437500000e-01
3.554687500000000000e-01
-4.357910156250000000e-01
6.027221679687500000e-02
-4.182128906250000000e-01
-9.991455078125000000e-02
-1.561279296875000000e-01
