1.949462890625000000e-01
-4.600524902343750000e-03
-4.147949218750000000e-01
-2.139282226562500000e-02
-1.921081542968750000e-02
9.661865234375000000e-02
6.140136718750000000e-02
-8.398437500000000000e-01
-1.477050781250000000e-01
2.407226562500000000e-01
-1.923828125000000000e-01
9.320068359375000000e-02
-1.796875000000000000e-01
-1.441650390625000000e-01
3.979492187500000000e-02
1.730957031250000000e-01
3.549194335937500000e-02
1.236572265625000000e-01
-3.449707031250000000e-01
2.131347656250000000e-01
5.529785156250000000e-02
-2.130126953125000000e-01
-3.405761718750000000e-01
-3.039550781250000000e-02
5.917358398437500000e-02
-6.958007812500000000e-02
-2.978515625000000000e-01
1.812744140625000000e-01
3.781127929687500000e-02
1.600341796875000000e-01
1.353759765625000000e-01
-1.119995117187500000e-02
-4.460449218750000000e-01
-6.390380859375000000e-02
-4.689941406250000000e-01
-3.848266601562500000e-02
1.906738281250000000e-01
3.625488281250000000e-01
-1.635742187500000000e-01
-6.524658203125000000e-02
-1.051025390625000000e-01
1.904296875000000000e-02
1.740722656250000000e-01
-3.317871093750000000e-01
-2.886962890625000000e-02
2.641601562500000000e-01
2.629394531250000000e-01
1.982421875000000000e-01
1.905517578125000000e-01
1.660156250000000000e-01
8.123779296875000000e-02
2.557373046875000000e-02
5.268554687500000000e-01
-2.012939453125000000e-01
-4.431152343750000000e-01
-1.813964843750000000e-01
9.790039062500000000e-02
6.970214843750000000e-02
-4.265136718750000000e-01
3.488769531250000000e-01
-1.877441406250000000e-01
-2.159423828125000000e-01
7.531738281250000000e-02
-1.745605468750000000e-01
-1.960449218750000000e-01
-4.262695312500000000e-01
3.325195312500000000e-01
-1.350097656250000000e-01
-2.207946777343750000e-02
-1.235351562500000000e-01
-1.541748046875000000e-01
-1.229858398437500000e-01
-8.074951171875000000e-02
2.622070312500000000e-01
3.483886718750000000e-01
4.629516601562500000e-02
5.468750000000000000e-01
-9.411621093750000000e-02
5.682373046875000000e-02
1.236572265625000000e-01
-5.458984375000000000e-01
-1.115722656250000000e-01
6.332397460937500000e-04
4.812622070312500000e-02
6.756591796875000000e-02
1.629638671875000000e-01
2.219238281250000000e-01
-1.352539062500000000e-01
-3.525390625000000000e-01
-1.844482421875000000e-01
2.104492187500000000e-01
-4.370117187500000000e-01
-1.429687500000000000e+00
3.203125000000000000e-01
5.520629882812500000e-02
3.779296875000000000e-01
6.884765625000000000e-01
6.750488281250000000e-02
-1.540527343750000000e-01
-7.104492187500000000e-02
1.817626953125000000e-01
1.647949218750000000e-01
-1.375732421875000000e-01
-4.958496093750000000e-01
-2.565917968750000000e-01
-2.757263183593750000e-02
2.388916015625000000e-01
3.442382812500000000e-01
5.810546875000000000e-02
-2.545166015625000000e-02
-6.011962890625000000e-02
1.872558593750000000e-01
-2.145996093750000000e-01
2.409667968750000000e-01
-2.133789062500000000e-01
-4.348754882812500000e-02
6.328125000000000000e-01
2.885742187500000000e-01
5.966186523437500000e-02
5.703125000000000000e-01
2.126464843750000000e-01
-3.630371093750000000e-01
-2.924804687500000000e-01
1.439208984375000000e-01
1.705322265625000000e-01
-4.790039062500000000e-01
-4.260253906250000000e-02
-2.521972656250000000e-01
2.077636718750000000e-01
3.000488281250000000e-01
2.685546875000000000e-01
-2.156066894531250000e-02
-3.061523437500000000e-01
5.304687500000000000e+00
-1.401367187500000000e-01
5.405273437500000000e-01
-1.801757812500000000e-01
-3.632812500000000000e-01
2.490234375000000000e-02
-1.024780273437500000e-01
-1.974487304687500000e-02
1.124877929687500000e-01
-9.924316406250000000e-02
4.814453125000000000e-01
1.202392578125000000e-01
1.264648437500000000e-01
1.085815429687500000e-01
-5.815429687500000000e-01
-1.604003906250000000e-01
-1.416015625000000000e-01
-5.456542968750000000e-02
1.035156250000000000e-01
3.201293945312500000e-02
3.364257812500000000e-01
-8.013916015625000000e-02
-3.381347656250000000e-02
-1.357421875000000000e-01
-1.673583984375000000e-01
6.542968750000000000e-02
2.758789062500000000e-01
1.925048828125000000e-01
3.213500976562500000e-02
-1.026000976562500000e-01
-2.690124511718750000e-02
1.900634765625000000e-01
1.887207031250000000e-01
1.654052734375000000e-02
-5.590820312500000000e-01
2.713012695312500000e-02
-2.727050781250000000e-01
-1.072998046875000000e-01
-2.321777343750000000e-01
5.401611328125000000e-02
1.375732421875000000e-01
-2.302246093750000000e-01
-2.182006835937500000e-02
-1.993408203125000000e-01
-2.539062500000000000e-01
7.041931152343750000e-03
-2.076416015625000000e-01
6.359863281250000000e-02
1.700439453125000000e-01
-2.912902832031250000e-02
-1.178588867187500000e-01
6.622314453125000000e-02
-4.086303710937500000e-02
1.151123046875000000e-01
-1.617431640625000000e-01
4.592285156250000000e-01
-3.025817871093750000e-02
2.348327636718750000e-02
2.631835937500000000e-01
-1.927490234375000000e-01
-2.646484375000000000e-01
-5.111694335937500000e-02
-4.766845703125000000e-02
-5.737304687500000000e-02
7.238769531250000000e-02
-2.449951171875000000e-01
-3.515625000000000000e-01
1.604003906250000000e-01
4.389648437500000000e-01
-1.071777343750000000e-01
2.105712890625000000e-01
-2.493896484375000000e-01
8.880615234375000000e-02
1.633300781250000000e-01
3.314208984375000000e-02
-3.486328125000000000e-01
-4.516601562500000000e-01
5.937500000000000000e-01
5.278320312500000000e-01
-1.333007812500000000e-01
1.839599609375000000e-01
1.149902343750000000e-01
-3.764648437500000000e-01
4.330444335937500000e-02
-8.508300781250000000e-02
4.313964843750000000e-01
-1.451416015625000000e-01
-1.125488281250000000e-01
-2.574157714843750000e-02
-4.870605468750000000e-01
-1.158447265625000000e-01
2.602539062500000000e-01
-1.708984375000000000e-01
2.486572265625000000e-01
-1.292724609375000000e-01
-4.633789062500000000e-01
1.732177734375000000e-01
-5.996093750000000000e-01
4.890136718750000000e-01
2.349853515625000000e-02
2.709960937500000000e-02
1.391601562500000000e-01
1.012573242187500000e-01
-2.009277343750000000e-01
2.595214843750000000e-01
-6.713867187500000000e-02
-1.188964843750000000e-01
-7.299804687500000000e-02
2.398681640625000000e-01
4.445800781250000000e-01
1.861572265625000000e-01
-5.007934570312500000e-02
1.993408203125000000e-01
1.818847656250000000e-01
-1.184082031250000000e-01
4.226684570312500000e-02
-5.566406250000000000e-02
-3.353881835937500000e-02
-2.937011718750000000e-01
5.878906250000000000e-01
-1.787109375000000000e-01
-2.377929687500000000e-01
5.175781250000000000e-01
2.198486328125000000e-01
1.163940429687500000e-01
-1.459960937500000000e-01
-2.709960937500000000e-01
-1.263427734375000000e-01
4.355468750000000000e-01
-5.319213867187500000e-02
-1.260986328125000000e-01
-2.493896484375000000e-01
-4.011230468750000000e-01
8.245849609375000000e-02
-1.850585937500000000e-01
-3.862304687500000000e-01
1.912841796875000000e-01
-7.793426513671875000e-03
-1.120605468750000000e-01
6.982421875000000000e-02
-2.871093750000000000e-01
9.509277343750000000e-02
-3.740234375000000000e-01
-2.061767578125000000e-01
1.022949218750000000e-01
6.341552734375000000e-02
5.371093750000000000e-02
6.806640625000000000e-01
1.408691406250000000e-01
-2.316284179687500000e-02
1.723632812500000000e-01
-1.673889160156250000e-02
1.910400390625000000e-01
1.575927734375000000e-01
-9.130859375000000000e-02
3.381347656250000000e-01
1.282958984375000000e-01
-8.886718750000000000e-02
-4.628906250000000000e-01
-2.524414062500000000e-01
-3.457641601562500000e-02
-1.533203125000000000e-01
2.226562500000000000e-01
-3.703613281250000000e-01
-5.288085937500000000e-01
-3.906250000000000000e-01
3.384399414062500000e-02
-1.652832031250000000e-01
3.338623046875000000e-02
-1.297607421875000000e-01
7.226562500000000000e-02
1.846923828125000000e-01
1.960449218750000000e-01
-1.145629882812500000e-01
-5.244140625000000000e-01
-4.467773437500000000e-01
1.894531250000000000e-01
-7.379150390625000000e-02
1.207885742187500000e-01
5.296875000000000000e+00
1.765136718750000000e-01
-2.761230468750000000e-01
-7.489013671875000000e-02
2.236938476562500000e-02
1.676025390625000000e-01
4.240722656250000000e-01
3.604125976562500000e-02
1.440429687500000000e-01
3.254394531250000000e-01
-7.617187500000000000e-02
-8.337402343750000000e-02
1.188964843750000000e-01
-1.342773437500000000e-01
-7.525634765625000000e-02
-2.277832031250000000e-01
4.400634765625000000e-02
-1.986328125000000000e+00
2.951660156250000000e-01
2.565917968750000000e-01
2.093505859375000000e-01
-1.972656250000000000e-01
-3.518066406250000000e-01
3.945312500000000000e-01
3.369140625000000000e-02
-1.808166503906250000e-02
1.790771484375000000e-01
9.295654296875000000e-02
-1.773681640625000000e-01
-5.253906250000000000e-01
2.395019531250000000e-01
-1.717529296875000000e-01
-2.902832031250000000e-01
1.451416015625000000e-01
-2.491455078125000000e-01
8.447265625000000000e-02
-2.294921875000000000e-01
-2.717285156250000000e-01
3.979492187500000000e-02
-3.945312500000000000e-01
2.283935546875000000e-01
1.600341796875000000e-01
-4.074096679687500000e-02
3.024291992187500000e-02
-1.577148437500000000e-01
4.220581054687500000e-02
3.210449218750000000e-01
1.063842773437500000e-01
-2.303466796875000000e-01
-1.655273437500000000e-01
8.013916015625000000e-02
2.976074218750000000e-01
1.831054687500000000e-01
-8.374023437500000000e-02
1.322021484375000000e-01
1.162109375000000000e-01
-2.268066406250000000e-01
-5.459594726562500000e-02
3.790283203125000000e-02
-2.666015625000000000e-01
-2.010498046875000000e-01
-1.446533203125000000e-01
-4.013671875000000000e-01
3.200683593750000000e-01
-7.916259765625000000e-02
8.038330078125000000e-02
6.799316406250000000e-02
1.159057617187500000e-01
-4.055175781250000000e-01
3.370285034179687500e-03
8.734130859375000000e-02
1.320800781250000000e-01
1.027221679687500000e-01
-5.584716796875000000e-02
-8.288574218750000000e-02
-6.225585937500000000e-03
-8.746337890625000000e-02
-2.116394042968750000e-02
-2.259521484375000000e-01
7.727050781250000000e-02
7.495117187500000000e-02
-2.298583984375000000e-01
5.120849609375000000e-02
3.713378906250000000e-01
3.764648437500000000e-01
-2.480468750000000000e-01
-2.448730468750000000e-01
1.665039062500000000e-01
5.566406250000000000e-01
-3.129882812500000000e-01
1.445312500000000000e-01
4.645996093750000000e-01
-3.640136718750000000e-01
-4.492187500000000000e-01
7.946777343750000000e-02
6.677246093750000000e-02
-4.282226562500000000e-01
-2.071533203125000000e-01
2.329101562500000000e-01
6.103515625000000000e-01
-2.373046875000000000e-01
2.374267578125000000e-01
1.360893249511718750e-03
-9.552001953125000000e-02
-2.127685546875000000e-01
-6.268310546875000000e-02
3.628540039062500000e-02
5.892944335937500000e-02
-1.711425781250000000e-01
6.179809570312500000e-02
1.619873046875000000e-01
-2.390136718750000000e-01
1.112670898437500000e-01
-5.783081054687500000e-02
-1.005249023437500000e-01
7.232666015625000000e-02
8.935546875000000000e-02
1.017456054687500000e-01
2.045898437500000000e-01
-3.483886718750000000e-01
-1.923828125000000000e-01
2.288818359375000000e-02
-1.402587890625000000e-01
-2.163696289062500000e-02
-1.843261718750000000e-01
2.052307128906250000e-02
-4.494628906250000000e-01
3.359375000000000000e-01
-4.001464843750000000e-01
1.499023437500000000e-01
-2.617187500000000000e-01
-9.442138671875000000e-02
8.288574218750000000e-02
1.100921630859375000e-02
-2.475585937500000000e-01
-2.814941406250000000e-01
1.699218750000000000e-01
3.286132812500000000e-01
1.552581787109375000e-03
5.261230468750000000e-02
2.702636718750000000e-01
2.070312500000000000e-01
-1.121826171875000000e-01
8.819580078125000000e-02
4.272460937500000000e-01
2.878417968750000000e-01
2.963256835937500000e-02
3.781738281250000000e-01
1.962280273437500000e-02
4.736328125000000000e-01
4.157714843750000000e-01
2.607421875000000000e-01
3.481445312500000000e-01
-4.278564453125000000e-02
-4.230957031250000000e-01
-1.212158203125000000e-01
6.427001953125000000e-02
9.484863281250000000e-02
2.888183593750000000e-01
-4.392089843750000000e-01
-1.047973632812500000e-01
-2.651367187500000000e-01
-3.461914062500000000e-01
-2.408447265625000000e-01
2.590332031250000000e-01
2.536621093750000000e-01
-1.719970703125000000e-01
4.069824218750000000e-01
2.371826171875000000e-01
-5.136718750000000000e-01
2.005615234375000000e-01
2.325439453125000000e-01
2.124023437500000000e-01
1.724853515625000000e-01
-5.001831054687500000e-02
-9.436035156250000000e-02
1.542968750000000000e-01
-5.898437500000000000e-01
-6.149291992187500000e-02
-2.613830566406250000e-02
-9.094238281250000000e-02
7.265625000000000000e-01
9.094238281250000000e-02
-2.105712890625000000e-01
1.412353515625000000e-01
-3.684082031250000000e-01
-9.681701660156250000e-03
2.379150390625000000e-01
-1.855468750000000000e-01
1.446533203125000000e-01
4.660034179687500000e-02
-3.022460937500000000e-01
6.536865234375000000e-02
-1.533203125000000000e-01
-1.330566406250000000e-01
-3.032226562500000000e-01
-2.784729003906250000e-02
-4.397583007812500000e-02
-4.125976562500000000e-01
1.229858398437500000e-01
