9.387207031250000000e-02
-3.599166870117187500e-03
2.880859375000000000e-01
3.842773437500000000e-01
-1.219940185546875000e-02
-4.742431640625000000e-02
-5.854492187500000000e-01
-3.486328125000000000e-01
-2.056884765625000000e-01
4.587402343750000000e-01
-9.686279296875000000e-02
-2.105712890625000000e-01
5.374145507812500000e-02
4.122924804687500000e-02
5.415039062500000000e-01
1.030273437500000000e-01
4.560546875000000000e-01
-7.648468017578125000e-03
-1.440429687500000000e-01
-3.903198242187500000e-02
2.788085937500000000e-01
4.599609375000000000e-01
2.731933593750000000e-01
1.237792968750000000e-01
-2.583007812500000000e-01
1.290283203125000000e-01
-2.210693359375000000e-01
4.206542968750000000e-01
-1.752929687500000000e-01
2.426147460937500000e-02
2.661132812500000000e-01
-1.325683593750000000e-01
-1.092529296875000000e-01
3.068847656250000000e-01
7.879638671875000000e-02
-5.249023437500000000e-02
-2.480468750000000000e-01
2.678222656250000000e-01
-2.462158203125000000e-01
1.702880859375000000e-01
-2.851562500000000000e-01
5.844116210937500000e-02
1.434326171875000000e-01
1.746826171875000000e-01
2.639160156250000000e-01
2.446289062500000000e-01
-1.878662109375000000e-01
-3.596191406250000000e-01
2.115478515625000000e-01
-4.708862304687500000e-02
2.912597656250000000e-01
-7.189941406250000000e-02
6.610107421875000000e-02
1.045532226562500000e-01
-3.032226562500000000e-01
-2.318115234375000000e-01
1.104736328125000000e-01
1.694335937500000000e-01
-1.638183593750000000e-01
1.502685546875000000e-01
1.518554687500000000e-01
-1.368408203125000000e-01
4.707031250000000000e-01
5.941772460937500000e-02
2.481079101562500000e-02
-2.352294921875000000e-01
-1.660156250000000000e-01
2.695312500000000000e-01
4.458618164062500000e-02
-4.660644531250000000e-01
-2.795410156250000000e-02
-3.093261718750000000e-01
-3.469848632812500000e-02
1.352539062500000000e-01
1.854248046875000000e-01
-2.526855468750000000e-01
1.638183593750000000e-01
1.993408203125000000e-01
-3.073730468750000000e-01
-1.239013671875000000e-02
-8.972167968750000000e-02
9.649658203125000000e-02
-2.954101562500000000e-01
3.251953125000000000e-01
-2.978515625000000000e-01
-3.718261718750000000e-01
-7.763671875000000000e-02
-2.268066406250000000e-01
5.114746093750000000e-02
4.282226562500000000e-01
2.176513671875000000e-01
1.003417968750000000e-01
-1.305664062500000000e+00
6.557617187500000000e-01
6.561279296875000000e-02
-7.812500000000000000e-03
2.050781250000000000e-01
5.895996093750000000e-02
-2.941894531250000000e-02
1.243591308593750000e-02
-1.151733398437500000e-01
-2.296142578125000000e-01
6.038665771484375000e-03
-4.348754882812500000e-02
-4.772949218750000000e-01
-4.255771636962890625e-04
-1.633300781250000000e-01
2.629394531250000000e-01
-3.923339843750000000e-01
2.397460937500000000e-01
-2.075195312500000000e-01
-3.283691406250000000e-01
1.749267578125000000e-01
-7.678222656250000000e-02
5.020141601562500000e-02
1.195678710937500000e-01
-1.829528808593750000e-02
3.020019531250000000e-01
-2.413940429687500000e-02
1.915283203125000000e-01
2.805175781250000000e-01
-8.198242187500000000e-01
1.017456054687500000e-01
-2.086181640625000000e-01
1.707763671875000000e-01
-3.090820312500000000e-01
-2.302246093750000000e-01
-1.849365234375000000e-01
1.524658203125000000e-01
5.419921875000000000e-01
1.662597656250000000e-01
-4.436035156250000000e-01
-1.124267578125000000e-01
5.664062500000000000e+00
-2.089843750000000000e-01
-7.061004638671875000e-03
1.384277343750000000e-01
-6.215820312500000000e-01
-3.356933593750000000e-01
-3.137207031250000000e-01
-1.582031250000000000e-01
2.033691406250000000e-01
-4.794921875000000000e-01
-1.201782226562500000e-01
-1.229248046875000000e-01
-9.539794921875000000e-02
-2.851867675781250000e-02
-6.279296875000000000e-01
-7.092285156250000000e-02
-5.346679687500000000e-01
8.227539062500000000e-02
-1.646728515625000000e-01
-5.059814453125000000e-02
1.629638671875000000e-01
-2.348632812500000000e-01
4.763793945312500000e-02
4.040527343750000000e-01
5.084228515625000000e-02
-7.385253906250000000e-02
1.345825195312500000e-02
4.995727539062500000e-02
2.333984375000000000e-01
-2.005615234375000000e-01
-1.293945312500000000e-01
4.763183593750000000e-01
2.687988281250000000e-01
1.745605468750000000e-01
-3.520507812500000000e-01
9.497070312500000000e-02
-8.801269531250000000e-02
1.920166015625000000e-01
1.990966796875000000e-01
-1.171264648437500000e-01
-3.642578125000000000e-01
-3.146972656250000000e-01
3.337402343750000000e-01
-4.082031250000000000e-01
3.579101562500000000e-01
2.556152343750000000e-01
2.646484375000000000e-01
-3.594970703125000000e-02
-2.049560546875000000e-01
-4.111328125000000000e-01
-1.479339599609375000e-02
1.389160156250000000e-01
1.907958984375000000e-01
-1.171875000000000000e-02
-1.195678710937500000e-01
-5.278320312500000000e-01
-3.390502929687500000e-02
1.688232421875000000e-01
-2.578125000000000000e-01
-6.045532226562500000e-02
4.876708984375000000e-02
-4.072265625000000000e-01
-1.375732421875000000e-01
-8.764648437500000000e-02
1.184692382812500000e-01
-2.484130859375000000e-01
-3.574218750000000000e-01
-2.727050781250000000e-01
-1.917724609375000000e-01
8.277893066406250000e-03
1.799316406250000000e-01
3.872070312500000000e-01
1.712646484375000000e-01
1.000213623046875000e-02
-5.789184570312500000e-02
-1.396484375000000000e-01
-1.583251953125000000e-01
6.259765625000000000e-01
6.430664062500000000e-01
3.334960937500000000e-01
-2.210998535156250000e-02
3.750610351562500000e-02
1.713867187500000000e-01
2.937011718750000000e-01
-1.340332031250000000e-01
2.238769531250000000e-01
-5.498046875000000000e-01
2.265930175781250000e-02
-3.012084960937500000e-02
-1.542968750000000000e-01
4.351806640625000000e-02
-2.318115234375000000e-01
-1.163330078125000000e-01
-1.357421875000000000e-01
-1.174926757812500000e-01
-1.500244140625000000e-01
-3.253173828125000000e-02
-4.806518554687500000e-02
1.152343750000000000e-01
4.477539062500000000e-01
1.284179687500000000e-01
1.682128906250000000e-01
2.283935546875000000e-01
2.683105468750000000e-01
1.451873779296875000e-02
-6.914062500000000000e-01
-1.579589843750000000e-01
4.562988281250000000e-01
2.612304687500000000e-01
4.262695312500000000e-01
1.872558593750000000e-01
2.922363281250000000e-01
-1.393318176269531250e-03
-7.690429687500000000e-02
-3.710937500000000000e-01
-3.854980468750000000e-01
-5.554199218750000000e-02
-1.809082031250000000e-01
2.587890625000000000e-01
3.536987304687500000e-02
5.131835937500000000e-01
-3.645019531250000000e-01
3.156738281250000000e-01
8.422851562500000000e-02
1.110839843750000000e-01
2.136230468750000000e-02
3.381347656250000000e-01
-2.475585937500000000e-01
-1.505126953125000000e-01
2.327880859375000000e-01
-1.987304687500000000e-01
1.635742187500000000e-02
3.295898437500000000e-02
-2.662658691406250000e-02
-4.221191406250000000e-01
-3.999023437500000000e-01
-1.248168945312500000e-01
-1.434326171875000000e-01
-1.051025390625000000e-01
3.918457031250000000e-01
1.405334472656250000e-02
1.638183593750000000e-01
1.163940429687500000e-01
2.191543579101562500e-03
1.219482421875000000e-01
-5.870819091796875000e-03
-2.592773437500000000e-01
3.925781250000000000e-01
6.027221679687500000e-02
1.850585937500000000e-01
4.951171875000000000e-01
-1.171264648437500000e-01
1.997070312500000000e-01
5.554199218750000000e-02
2.878417968750000000e-01
1.672363281250000000e-01
-1.298522949218750000e-02
1.820068359375000000e-01
-1.124267578125000000e-01
-4.876708984375000000e-02
2.734375000000000000e-01
-1.144409179687500000e-01
2.456054687500000000e-01
-3.476562500000000000e-01
3.222656250000000000e-01
-1.412353515625000000e-01
-4.301757812500000000e-01
1.802978515625000000e-01
-3.039550781250000000e-01
-4.631042480468750000e-03
4.291992187500000000e-01
9.887695312500000000e-02
-1.212158203125000000e-01
-2.382812500000000000e-01
1.705322265625000000e-01
6.033325195312500000e-02
2.802734375000000000e-01
1.050415039062500000e-01
8.557128906250000000e-02
5.660156250000000000e+00
3.564453125000000000e-01
-1.052093505859375000e-02
2.753906250000000000e-01
2.610778808593750000e-02
1.669921875000000000e-01
3.649902343750000000e-01
8.386230468750000000e-02
2.812500000000000000e-01
4.748535156250000000e-01
3.833007812500000000e-01
1.510009765625000000e-01
1.419677734375000000e-01
6.402587890625000000e-02
-3.074645996093750000e-02
-3.151855468750000000e-01
4.392089843750000000e-01
-1.497070312500000000e+00
1.155395507812500000e-01
2.410888671875000000e-02
-2.124023437500000000e-01
2.568359375000000000e-01
1.058197021484375000e-02
-3.239746093750000000e-01
1.152801513671875000e-02
2.595214843750000000e-01
1.669921875000000000e-01
-1.677246093750000000e-01
-2.700195312500000000e-01
-7.104492187500000000e-02
2.890625000000000000e-01
2.551269531250000000e-02
6.842041015625000000e-02
8.551025390625000000e-02
3.330078125000000000e-01
7.940673828125000000e-02
-1.856689453125000000e-01
-1.105346679687500000e-01
2.263183593750000000e-01
4.543457031250000000e-01
-1.004028320312500000e-01
1.389160156250000000e-01
1.231384277343750000e-02
3.044433593750000000e-01
1.489257812500000000e-01
-5.245971679687500000e-02
3.581542968750000000e-01
-4.937744140625000000e-02
4.360351562500000000e-01
-2.089843750000000000e-01
-2.203369140625000000e-01
2.651367187500000000e-01
2.198791503906250000e-02
-2.753906250000000000e-01
1.096801757812500000e-01
3.442382812500000000e-02
6.002807617187500000e-02
2.490234375000000000e-01
7.238769531250000000e-02
5.734252929687500000e-02
2.695312500000000000e-01
1.564941406250000000e-01
-5.105590820312500000e-02
3.210449218750000000e-01
-2.114868164062500000e-02
3.198242187500000000e-01
-6.020507812500000000e-01
1.260986328125000000e-01
-1.140136718750000000e-01
-6.207275390625000000e-02
3.063964843750000000e-01
-2.509765625000000000e-01
1.903076171875000000e-01
-2.722167968750000000e-01
-2.781677246093750000e-02
9.997558593750000000e-02
-4.296875000000000000e-01
-1.296386718750000000e-01
-4.855957031250000000e-01
-4.910278320312500000e-02
-3.958129882812500000e-02
-3.964843750000000000e-01
-1.799316406250000000e-01
1.194458007812500000e-01
-1.916503906250000000e-01
-1.638183593750000000e-01
-4.067382812500000000e-01
5.253906250000000000e-01
3.391113281250000000e-01
-6.481933593750000000e-02
2.202148437500000000e-01
3.537597656250000000e-01
-6.823730468750000000e-02
-2.531433105468750000e-02
-1.106567382812500000e-01
-1.872558593750000000e-01
-1.179809570312500000e-01
-3.862304687500000000e-01
-8.038330078125000000e-02
1.234130859375000000e-01
8.190917968750000000e-02
1.756591796875000000e-01
6.420135498046875000e-03
3.461837768554687500e-03
-1.600341796875000000e-01
-2.490234375000000000e-01
9.704589843750000000e-02
-5.849609375000000000e-01
-9.655761718750000000e-02
-2.995605468750000000e-01
3.152465820312500000e-02
-3.928222656250000000e-01
1.215820312500000000e-01
2.235107421875000000e-01
4.104614257812500000e-02
1.251220703125000000e-01
6.192016601562500000e-02
3.300781250000000000e-01
-1.667480468750000000e-01
5.099487304687500000e-02
7.592773437500000000e-02
-2.624511718750000000e-02
1.151733398437500000e-01
-2.790527343750000000e-01
-2.521972656250000000e-01
-7.702636718750000000e-02
-3.891601562500000000e-01
2.507324218750000000e-01
-1.087188720703125000e-02
2.293701171875000000e-01
1.119995117187500000e-01
-3.251953125000000000e-01
-7.562255859375000000e-02
2.646484375000000000e-01
-2.374649047851562500e-03
-1.640625000000000000e-01
2.963867187500000000e-01
1.168823242187500000e-01
-1.074218750000000000e-01
-1.119232177734375000e-02
1.317138671875000000e-01
-2.076416015625000000e-01
-3.344726562500000000e-02
2.004394531250000000e-01
1.949462890625000000e-01
2.812500000000000000e-01
2.595214843750000000e-01
-2.941894531250000000e-01
4.284667968750000000e-01
5.383300781250000000e-02
2.003173828125000000e-01
2.849121093750000000e-01
2.810058593750000000e-01
-2.130126953125000000e-02
1.016845703125000000e-01
1.062011718750000000e-01
1.372070312500000000e-01
-4.980468750000000000e-02
-1.152343750000000000e-01
-3.466796875000000000e-01
2.584838867187500000e-02
-2.502441406250000000e-01
-1.843261718750000000e-01
4.482421875000000000e-01
2.386474609375000000e-01
5.004882812500000000e-01
-1.143798828125000000e-01
6.821289062500000000e-01
2.539062500000000000e-02
-7.041015625000000000e-01
-8.135986328125000000e-02
2.260742187500000000e-01
2.337646484375000000e-01
1.358642578125000000e-01
2.722167968750000000e-01
2.583312988281250000e-02
-2.749023437500000000e-01
1.020050048828125000e-02
-8.813476562500000000e-02
1.464843750000000000e-01
1.235961914062500000e-01
1.029296875000000000e+00
1.301269531250000000e-01
-1.123657226562500000e-01
4.174804687500000000e-01
2.656250000000000000e-01
-2.517089843750000000e-01
2.296142578125000000e-01
2.900390625000000000e-01
-2.271728515625000000e-01
3.513183593750000000e-01
2.509765625000000000e-01
-1.840820312500000000e-01
3.387451171875000000e-02
-6.051635742187500000e-02
1.170043945312500000e-01
-4.620361328125000000e-02
-4.877929687500000000e-01
-4.666137695312500000e-02
9.637451171875000000e-02
