-1.348876953125000000e-01
1.260986328125000000e-01
-1.542968750000000000e-01
-3.686523437500000000e-02
2.329101562500000000e-01
1.481933593750000000e-01
3.645019531250000000e-01
-9.858398437500000000e-01
-4.233398437500000000e-01
5.766601562500000000e-01
-3.793945312500000000e-01
3.372192382812500000e-02
2.520751953125000000e-02
-4.108886718750000000e-01
3.796386718750000000e-01
1.171875000000000000e-01
2.980957031250000000e-01
1.599121093750000000e-01
5.565643310546875000e-03
-2.204589843750000000e-01
9.350585937500000000e-02
6.919860839843750000e-03
-2.454833984375000000e-01
1.563720703125000000e-01
-2.641601562500000000e-01
3.366699218750000000e-01
1.927185058593750000e-02
-8.721923828125000000e-02
1.774902343750000000e-01
3.802490234375000000e-02
-5.917358398437500000e-02
7.434082031250000000e-02
-3.049316406250000000e-01
-1.643371582031250000e-02
-1.007080078125000000e-01
1.246337890625000000e-01
-7.000732421875000000e-02
-4.766845703125000000e-02
-2.976074218750000000e-01
-4.602050781250000000e-02
-1.040039062500000000e-01
-1.232299804687500000e-01
3.493652343750000000e-01
-1.446533203125000000e-01
-1.045532226562500000e-01
2.346191406250000000e-01
-1.038208007812500000e-01
2.131652832031250000e-02
3.740234375000000000e-01
1.685791015625000000e-01
-3.374023437500000000e-01
-1.374816894531250000e-02
1.791992187500000000e-01
-5.488281250000000000e-01
-3.659057617187500000e-02
-3.027343750000000000e-01
-2.905273437500000000e-01
-8.453369140625000000e-02
-2.971191406250000000e-01
-9.025573730468750000e-03
2.602539062500000000e-01
-3.376464843750000000e-01
8.697509765625000000e-02
-1.060791015625000000e-01
-2.529296875000000000e-01
-3.012695312500000000e-01
6.903076171875000000e-02
2.264404296875000000e-01
-2.966308593750000000e-02
-7.586669921875000000e-02
-3.543090820312500000e-02
-2.370605468750000000e-01
-6.492614746093750000e-03
-1.446533203125000000e-01
-4.907226562500000000e-01
-3.302001953125000000e-02
2.109375000000000000e-01
2.312011718750000000e-01
-1.251220703125000000e-01
-1.364746093750000000e-01
-2.512207031250000000e-01
2.049560546875000000e-01
1.595458984375000000e-01
8.804321289062500000e-03
-9.246826171875000000e-02
7.904052734375000000e-02
-1.984863281250000000e-01
-5.975341796875000000e-02
-1.011962890625000000e-01
1.431884765625000000e-01
-9.240722656250000000e-02
-2.673339843750000000e-01
-1.527343750000000000e+00
1.977539062500000000e-01
-4.067382812500000000e-01
2.497558593750000000e-01
2.587890625000000000e-01
2.371826171875000000e-01
3.127441406250000000e-01
-6.909179687500000000e-02
1.072998046875000000e-01
-3.049316406250000000e-01
2.766113281250000000e-01
1.444091796875000000e-01
-3.303222656250000000e-01
-3.239746093750000000e-01
3.338623046875000000e-02
-1.176757812500000000e-01
-4.138183593750000000e-01
2.937011718750000000e-01
2.536621093750000000e-01
-3.622436523437500000e-02
2.907714843750000000e-01
-4.031372070312500000e-02
-3.622436523437500000e-02
-1.616210937500000000e-01
1.348876953125000000e-01
6.439208984375000000e-02
-2.651367187500000000e-01
2.961425781250000000e-01
3.994140625000000000e-01
-7.800292968750000000e-02
-8.764648437500000000e-02
-1.544189453125000000e-02
1.016998291015625000e-02
-2.237548828125000000e-01
-1.817626953125000000e-01
-2.487792968750000000e-01
-2.020263671875000000e-01
3.112792968750000000e-01
3.948974609375000000e-02
-6.591796875000000000e-02
1.264648437500000000e-01
6.167968750000000000e+00
1.517333984375000000e-01
6.506347656250000000e-02
-3.303222656250000000e-01
-7.504882812500000000e-01
-3.674316406250000000e-01
2.186279296875000000e-01
-9.529113769531250000e-03
2.604980468750000000e-01
-3.220214843750000000e-01
5.039062500000000000e-01
-2.695312500000000000e-01
-3.991699218750000000e-01
5.856323242187500000e-02
-1.490478515625000000e-01
-4.526367187500000000e-01
-2.934570312500000000e-01
3.552246093750000000e-01
-1.574707031250000000e-01
8.618164062500000000e-02
-1.601562500000000000e-01
7.511138916015625000e-03
-1.904296875000000000e-02
-4.453125000000000000e-01
4.605102539062500000e-02
1.381835937500000000e-01
-1.135864257812500000e-01
2.736816406250000000e-01
1.055297851562500000e-01
-9.118652343750000000e-02
-5.668945312500000000e-01
8.026123046875000000e-02
-2.459716796875000000e-01
-7.067871093750000000e-02
-1.444091796875000000e-01
2.819824218750000000e-01
-8.551025390625000000e-02
3.334960937500000000e-01
1.431884765625000000e-01
1.138916015625000000e-01
-1.189575195312500000e-01
-6.123046875000000000e-01
1.762695312500000000e-01
-4.033203125000000000e-01
-3.622436523437500000e-02
5.634765625000000000e-01
-1.806640625000000000e-01
8.709716796875000000e-02
2.575683593750000000e-01
1.951599121093750000e-02
-2.207031250000000000e-01
1.939392089843750000e-02
1.676025390625000000e-01
1.404571533203125000e-02
-9.307861328125000000e-02
3.837890625000000000e-01
1.575927734375000000e-01
2.279052734375000000e-01
-3.398437500000000000e-01
-1.645507812500000000e-01
2.064208984375000000e-01
-1.176147460937500000e-01
4.415893554687500000e-02
-3.122558593750000000e-01
-4.575195312500000000e-01
8.074951171875000000e-02
-7.122802734375000000e-02
-4.543457031250000000e-01
2.194824218750000000e-01
3.015995025634765625e-04
2.110595703125000000e-01
1.743164062500000000e-01
1.050415039062500000e-01
2.810058593750000000e-01
8.148193359375000000e-03
1.861572265625000000e-01
1.407470703125000000e-01
4.760742187500000000e-01
3.669433593750000000e-01
-2.344846725463867188e-04
-1.077270507812500000e-01
2.147216796875000000e-01
9.918212890625000000e-02
6.025390625000000000e-01
-2.775878906250000000e-01
3.225708007812500000e-02
6.481933593750000000e-02
1.189575195312500000e-01
-3.027343750000000000e-01
-3.134765625000000000e-01
-7.952880859375000000e-02
1.308593750000000000e-01
-2.163085937500000000e-01
2.687988281250000000e-01
1.710205078125000000e-01
2.325439453125000000e-01
-8.013916015625000000e-02
1.380615234375000000e-01
2.509765625000000000e-01
6.896972656250000000e-02
-4.221191406250000000e-01
-2.526855468750000000e-01
9.063720703125000000e-02
1.269531250000000000e-01
-8.282470703125000000e-02
-4.311523437500000000e-01
-2.541503906250000000e-01
-1.759033203125000000e-01
-9.808349609375000000e-02
3.717041015625000000e-02
-1.953125000000000000e-01
-2.247314453125000000e-01
-6.756591796875000000e-02
3.415527343750000000e-01
1.752929687500000000e-01
7.635498046875000000e-02
-2.410888671875000000e-01
-9.973144531250000000e-02
3.356933593750000000e-01
-5.502319335937500000e-02
1.829833984375000000e-01
-1.628417968750000000e-01
3.120117187500000000e-01
-7.812500000000000000e-02
-4.995727539062500000e-02
8.041381835937500000e-03
3.361816406250000000e-01
-8.239746093750000000e-02
-8.551025390625000000e-02
-1.770019531250000000e-01
7.156372070312500000e-03
5.410766601562500000e-02
-3.046875000000000000e-01
3.161621093750000000e-02
-3.330078125000000000e-01
-9.228515625000000000e-02
-3.344726562500000000e-01
2.509765625000000000e-01
-3.112792968750000000e-01
2.531738281250000000e-01
6.896972656250000000e-02
2.691650390625000000e-02
5.975341796875000000e-02
-6.675720214843750000e-03
1.222534179687500000e-01
-1.446533203125000000e-01
-1.958007812500000000e-01
2.639160156250000000e-01
1.094360351562500000e-01
-6.311035156250000000e-02
1.079711914062500000e-01
-1.770019531250000000e-01
4.296875000000000000e-01
2.418212890625000000e-01
3.747558593750000000e-01
1.738281250000000000e-01
-1.523437500000000000e-01
2.773437500000000000e-01
-1.130981445312500000e-01
-9.997558593750000000e-02
2.230224609375000000e-01
2.951660156250000000e-01
-3.991699218750000000e-01
-3.459472656250000000e-01
5.981445312500000000e-02
5.798339843750000000e-02
2.575683593750000000e-01
-9.967041015625000000e-02
3.431320190429687500e-03
-1.193237304687500000e-02
2.469482421875000000e-01
1.319580078125000000e-01
1.110229492187500000e-01
9.460449218750000000e-02
-1.199340820312500000e-01
4.440307617187500000e-02
1.026611328125000000e-01
-7.867431640625000000e-02
3.984375000000000000e-01
6.167968750000000000e+00
1.784667968750000000e-01
2.517089843750000000e-01
-1.912841796875000000e-01
3.608398437500000000e-01
1.259765625000000000e-01
1.126098632812500000e-01
9.124755859375000000e-02
4.684448242187500000e-02
3.210449218750000000e-01
2.352294921875000000e-01
4.914550781250000000e-01
-3.125000000000000000e-01
-1.287841796875000000e-01
-4.397583007812500000e-02
-1.285400390625000000e-01
1.995849609375000000e-02
-1.959960937500000000e+00
3.154296875000000000e-01
2.076416015625000000e-01
-1.226806640625000000e-01
-2.700805664062500000e-02
-1.152954101562500000e-01
-2.856445312500000000e-01
-8.953857421875000000e-02
-3.579711914062500000e-02
-2.682495117187500000e-02
-5.511474609375000000e-02
-4.888916015625000000e-02
1.630859375000000000e-01
-1.501464843750000000e-01
-8.801269531250000000e-02
1.079101562500000000e-01
-1.516113281250000000e-01
1.006469726562500000e-01
1.650390625000000000e-01
-1.280517578125000000e-01
-3.506469726562500000e-02
1.008911132812500000e-01
-1.015014648437500000e-01
2.272949218750000000e-01
4.772949218750000000e-02
2.299804687500000000e-01
-5.996704101562500000e-02
6.329345703125000000e-02
8.856201171875000000e-02
1.739501953125000000e-01
7.263183593750000000e-02
-3.713378906250000000e-01
-1.962890625000000000e-01
3.471679687500000000e-01
-1.940917968750000000e-01
1.574707031250000000e-01
1.480865478515625000e-02
-2.115249633789062500e-03
3.149414062500000000e-01
1.933574676513671875e-04
3.901367187500000000e-01
-2.629394531250000000e-01
2.070312500000000000e-01
6.890869140625000000e-02
4.096679687500000000e-01
-3.158569335937500000e-03
6.365966796875000000e-02
1.036987304687500000e-01
3.341674804687500000e-02
-2.010498046875000000e-01
1.954650878906250000e-02
-1.683349609375000000e-01
-2.396240234375000000e-01
2.709960937500000000e-01
-2.390136718750000000e-01
1.621093750000000000e-01
-1.668701171875000000e-01
-1.436767578125000000e-01
-3.109741210937500000e-02
-1.402587890625000000e-01
-2.384948730468750000e-02
-3.854980468750000000e-01
9.887695312500000000e-03
-2.262878417968750000e-02
-1.354980468750000000e-01
1.190185546875000000e-01
-5.053710937500000000e-02
-1.243896484375000000e-01
-2.624511718750000000e-01
-3.007812500000000000e-01
3.371582031250000000e-01
1.777343750000000000e-01
-6.839752197265625000e-03
1.949462890625000000e-01
6.549072265625000000e-02
-4.660644531250000000e-01
-3.308105468750000000e-02
2.340087890625000000e-01
4.751586914062500000e-02
2.543945312500000000e-01
-9.606933593750000000e-02
-1.467895507812500000e-02
-4.426269531250000000e-01
-1.213073730468750000e-02
9.265136718750000000e-02
-2.707519531250000000e-01
-1.730957031250000000e-01
-5.108642578125000000e-02
-3.183593750000000000e-01
-2.149658203125000000e-01
1.958007812500000000e-01
-1.644287109375000000e-01
1.509857177734375000e-02
-1.883544921875000000e-01
-3.256835937500000000e-01
-2.768554687500000000e-01
2.778625488281250000e-02
-5.209960937500000000e-01
-2.915039062500000000e-01
1.499938964843750000e-02
6.718750000000000000e-01
2.734375000000000000e-01
-1.437988281250000000e-01
1.248779296875000000e-01
-3.622436523437500000e-02
-2.037353515625000000e-01
-5.561523437500000000e-01
-1.049804687500000000e-01
6.542968750000000000e-02
-3.444824218750000000e-01
1.215820312500000000e-01
-2.742004394531250000e-02
-2.215576171875000000e-01
1.115722656250000000e-01
-4.772949218750000000e-02
3.054199218750000000e-01
5.569458007812500000e-02
-3.325195312500000000e-01
-3.146972656250000000e-01
-2.839355468750000000e-01
6.459960937500000000e-01
4.772949218750000000e-01
1.849365234375000000e-01
1.112670898437500000e-01
1.362304687500000000e-01
-4.050292968750000000e-01
3.962402343750000000e-01
3.564453125000000000e-01
3.962402343750000000e-01
-2.983093261718750000e-02
-2.739257812500000000e-01
2.396240234375000000e-01
3.645019531250000000e-01
7.250976562500000000e-02
-2.764892578125000000e-02
3.981933593750000000e-01
-3.607177734375000000e-02
2.844238281250000000e-01
-3.674316406250000000e-01
-7.684326171875000000e-02
4.937744140625000000e-02
-2.900390625000000000e-01
-1.695556640625000000e-01
4.697265625000000000e-01
-3.024902343750000000e-01
-1.123657226562500000e-01
1.026611328125000000e-01
2.172851562500000000e-02
3.400878906250000000e-01
2.866210937500000000e-01
5.932617187500000000e-01
2.047119140625000000e-01
-4.675292968750000000e-01
-1.379394531250000000e-01
-6.738281250000000000e-02
4.858398437500000000e-02
1.693115234375000000e-01
4.804687500000000000e-01
1.896972656250000000e-01
8.514404296875000000e-02
2.772521972656250000e-02
-2.761230468750000000e-01
-1.342773437500000000e-01
-4.483032226562500000e-02
9.121093750000000000e-01
8.374023437500000000e-02
8.941650390625000000e-02
4.357910156250000000e-01
-5.535888671875000000e-02
-3.234863281250000000e-01
1.874923706054687500e-03
-4.791259765625000000e-03
-7.177734375000000000e-02
1.125488281250000000e-01
2.104492187500000000e-01
1.041870117187500000e-01
-2.744140625000000000e-01
5.197143554687500000e-02
-1.227855682373046875e-05
1.006317138671875000e-02
-4.003906250000000000e-01
1.461181640625000000e-01
-3.047180175781250000e-02
