-2.683105468750000000e-01
-1.279296875000000000e-01
-1.524658203125000000e-01
-4.501342773437500000e-02
1.236572265625000000e-01
1.378173828125000000e-01
-6.341552734375000000e-02
-1.092773437500000000e+00
-1.767578125000000000e-01
2.531738281250000000e-01
-1.608886718750000000e-01
-1.228637695312500000e-01
-3.329467773437500000e-02
1.177368164062500000e-01
-2.187500000000000000e-01
-1.585693359375000000e-01
2.181396484375000000e-01
1.910400390625000000e-01
-3.579101562500000000e-01
-9.649658203125000000e-02
1.286621093750000000e-01
1.051635742187500000e-01
2.401123046875000000e-01
8.728027343750000000e-03
1.319580078125000000e-01
-3.784179687500000000e-02
-2.543945312500000000e-01
6.774902343750000000e-03
1.630859375000000000e-01
6.732177734375000000e-02
-1.923828125000000000e-01
-5.963134765625000000e-02
9.405517578125000000e-02
-2.463378906250000000e-01
-5.908203125000000000e-01
-3.627929687500000000e-01
1.596679687500000000e-01
9.735107421875000000e-02
-5.756378173828125000e-03
-1.822509765625000000e-01
9.490966796875000000e-02
4.606933593750000000e-01
1.350097656250000000e-01
9.570312500000000000e-02
2.318115234375000000e-01
-1.485443115234375000e-02
3.332519531250000000e-01
1.934814453125000000e-01
-3.024291992187500000e-02
7.006835937500000000e-02
-1.295166015625000000e-01
1.223754882812500000e-02
2.031250000000000000e-01
-3.063964843750000000e-01
-6.719970703125000000e-02
-2.917480468750000000e-02
-1.402282714843750000e-02
2.919921875000000000e-01
-3.352050781250000000e-01
2.360839843750000000e-01
-6.884765625000000000e-01
-9.045410156250000000e-02
-1.470947265625000000e-01
-1.975097656250000000e-01
-5.957031250000000000e-01
-1.097412109375000000e-01
1.640625000000000000e-01
-8.319091796875000000e-02
-6.513671875000000000e-01
1.953125000000000000e-01
2.521972656250000000e-01
-1.529541015625000000e-01
1.062774658203125000e-02
-1.933288574218750000e-02
-1.614990234375000000e-01
-3.543090820312500000e-02
-1.210327148437500000e-01
2.211914062500000000e-01
-2.366638183593750000e-02
3.164672851562500000e-02
-2.761230468750000000e-01
-2.978515625000000000e-02
3.325195312500000000e-01
3.605957031250000000e-01
-3.496093750000000000e-01
-1.676025390625000000e-01
6.683349609375000000e-02
-1.047363281250000000e-01
-1.058197021484375000e-02
4.492187500000000000e-02
1.859130859375000000e-01
-5.048828125000000000e-01
-1.611328125000000000e+00
3.669433593750000000e-01
-2.244873046875000000e-01
8.361816406250000000e-02
-1.711425781250000000e-01
1.101684570312500000e-01
3.239746093750000000e-01
2.327880859375000000e-01
-1.029052734375000000e-01
2.229003906250000000e-01
2.229003906250000000e-01
-3.742675781250000000e-01
4.699707031250000000e-02
-3.167724609375000000e-02
2.532958984375000000e-02
-5.807495117187500000e-02
-1.771240234375000000e-01
-2.242431640625000000e-01
-1.198730468750000000e-01
1.657714843750000000e-01
-5.160522460937500000e-02
1.433105468750000000e-01
-5.065917968750000000e-02
-4.973144531250000000e-01
2.150878906250000000e-01
4.782714843750000000e-01
-9.783935546875000000e-02
7.446289062500000000e-02
1.732177734375000000e-01
-2.326660156250000000e-01
-3.447265625000000000e-01
-8.929443359375000000e-02
-4.760742187500000000e-02
2.387695312500000000e-01
-7.751464843750000000e-02
-6.005859375000000000e-02
1.387939453125000000e-01
1.551513671875000000e-01
-4.898071289062500000e-03
7.102966308593750000e-03
1.341552734375000000e-01
5.859375000000000000e+00
5.294799804687500000e-02
-4.833984375000000000e-02
-1.864013671875000000e-01
-2.485351562500000000e-01
3.234863281250000000e-01
-4.098510742187500000e-02
-5.157470703125000000e-02
8.050537109375000000e-02
-5.035400390625000000e-04
2.648925781250000000e-01
-4.986572265625000000e-02
-5.401611328125000000e-02
-2.839355468750000000e-01
5.288696289062500000e-02
3.579101562500000000e-01
9.338378906250000000e-02
-1.844482421875000000e-01
-4.194335937500000000e-01
-6.130981445312500000e-02
1.875000000000000000e-01
8.520507812500000000e-02
-8.081054687500000000e-02
4.119873046875000000e-02
-7.281494140625000000e-02
-9.118652343750000000e-02
-2.987670898437500000e-02
1.435852050781250000e-02
-1.168212890625000000e-01
1.866455078125000000e-01
-2.911376953125000000e-02
-1.928710937500000000e-01
-4.757690429687500000e-02
-4.602050781250000000e-02
9.802246093750000000e-02
1.139526367187500000e-01
2.537536621093750000e-02
1.596069335937500000e-02
2.283935546875000000e-01
1.386718750000000000e-01
3.264160156250000000e-01
1.392822265625000000e-01
3.713378906250000000e-01
-2.741699218750000000e-01
5.734252929687500000e-02
4.150390625000000000e-01
-5.126953125000000000e-01
-1.455688476562500000e-02
-2.463378906250000000e-01
-5.813598632812500000e-02
2.512207031250000000e-01
-3.923339843750000000e-01
-5.541992187500000000e-01
2.952575683593750000e-02
1.001586914062500000e-01
-9.259033203125000000e-02
-2.633666992187500000e-02
-3.219604492187500000e-02
9.147644042968750000e-03
1.215820312500000000e-01
4.287109375000000000e-01
-1.207275390625000000e-01
6.713867187500000000e-02
3.854751586914062500e-03
3.132324218750000000e-01
-6.610107421875000000e-02
4.125976562500000000e-02
-1.339721679687500000e-02
2.219238281250000000e-01
-1.621093750000000000e-01
2.117919921875000000e-01
9.411621093750000000e-02
4.800415039062500000e-02
6.311035156250000000e-02
-2.254638671875000000e-01
2.049255371093750000e-02
-9.088134765625000000e-02
4.301757812500000000e-01
2.770996093750000000e-01
-6.298828125000000000e-02
-3.718261718750000000e-01
1.966552734375000000e-01
-1.358642578125000000e-01
-1.771545410156250000e-02
7.696533203125000000e-02
3.327636718750000000e-01
6.860351562500000000e-02
1.799316406250000000e-01
8.184814453125000000e-02
-3.022460937500000000e-01
-1.072387695312500000e-01
2.978515625000000000e-01
-9.069824218750000000e-02
1.005249023437500000e-01
2.430419921875000000e-01
-1.423339843750000000e-01
-1.492919921875000000e-01
1.530761718750000000e-01
-1.284179687500000000e-01
-2.749023437500000000e-01
-3.002929687500000000e-01
-5.630493164062500000e-02
2.327880859375000000e-01
1.550292968750000000e-01
-2.875976562500000000e-01
-2.386474609375000000e-01
-1.370849609375000000e-01
-6.866455078125000000e-02
8.056640625000000000e-02
-5.535888671875000000e-02
-3.906250000000000000e-01
-2.104492187500000000e-01
3.964843750000000000e-01
-2.526855468750000000e-01
-4.901123046875000000e-02
-3.613281250000000000e-02
1.395263671875000000e-01
-5.576171875000000000e-01
5.668945312500000000e-01
-1.876220703125000000e-01
-3.239746093750000000e-01
2.482910156250000000e-01
3.607177734375000000e-02
9.539794921875000000e-02
1.953125000000000000e-01
-1.396179199218750000e-02
2.313232421875000000e-01
-8.007812500000000000e-02
-4.311523437500000000e-01
-3.164062500000000000e-01
8.416748046875000000e-02
2.822265625000000000e-01
1.976318359375000000e-01
-6.433105468750000000e-02
-1.685791015625000000e-01
-1.027679443359375000e-02
-2.624511718750000000e-01
3.129882812500000000e-01
-3.198242187500000000e-01
1.579589843750000000e-01
7.482910156250000000e-02
1.511230468750000000e-01
-1.787109375000000000e-01
-1.333007812500000000e-01
-2.105712890625000000e-01
1.740722656250000000e-01
1.808166503906250000e-02
6.015625000000000000e-01
3.048706054687500000e-02
1.894531250000000000e-01
4.666137695312500000e-02
-2.514648437500000000e-01
-1.249389648437500000e-01
1.553955078125000000e-01
-5.458984375000000000e-01
5.043945312500000000e-01
-1.585693359375000000e-01
7.507324218750000000e-02
-2.114257812500000000e-01
1.334228515625000000e-01
1.230468750000000000e-01
1.536865234375000000e-01
2.568359375000000000e-01
9.417724609375000000e-02
-4.270019531250000000e-01
-1.882324218750000000e-01
3.071289062500000000e-01
-2.745056152343750000e-02
3.435058593750000000e-01
4.193115234375000000e-02
1.216430664062500000e-01
-5.264282226562500000e-02
3.288574218750000000e-01
-1.562500000000000000e-01
1.348876953125000000e-01
7.086181640625000000e-02
-1.023559570312500000e-01
7.092285156250000000e-02
4.267578125000000000e-01
5.843750000000000000e+00
-3.471679687500000000e-01
-1.036834716796875000e-02
-3.129882812500000000e-01
3.852539062500000000e-01
-1.517295837402343750e-03
2.037353515625000000e-01
2.609863281250000000e-01
1.579589843750000000e-01
3.918457031250000000e-01
3.898925781250000000e-01
-7.659912109375000000e-02
1.761474609375000000e-01
-1.014709472656250000e-02
2.880859375000000000e-01
1.163330078125000000e-01
2.768554687500000000e-01
-2.433593750000000000e+00
3.530273437500000000e-01
3.769531250000000000e-01
8.239746093750000000e-02
-1.351165771484375000e-02
-1.111602783203125000e-02
3.625488281250000000e-01
-3.939819335937500000e-02
-1.256103515625000000e-01
3.684082031250000000e-01
-8.178710937500000000e-02
-4.213867187500000000e-01
4.339599609375000000e-02
1.878662109375000000e-01
-2.327880859375000000e-01
1.928710937500000000e-01
-1.591796875000000000e-01
2.929687500000000000e-01
1.413574218750000000e-01
-1.884765625000000000e-01
2.064514160156250000e-02
-2.322998046875000000e-01
1.791381835937500000e-02
-4.660034179687500000e-02
-1.358642578125000000e-01
-8.441162109375000000e-02
9.300231933593750000e-03
-2.274169921875000000e-01
-2.153320312500000000e-01
-2.639160156250000000e-01
3.129882812500000000e-01
-7.148437500000000000e-01
1.792907714843750000e-02
3.493652343750000000e-01
4.287109375000000000e-01
2.734375000000000000e-01
-3.845214843750000000e-01
9.539794921875000000e-02
3.222656250000000000e-01
3.071594238281250000e-02
3.395996093750000000e-01
7.257080078125000000e-02
7.055664062500000000e-02
-1.269531250000000000e-01
4.704589843750000000e-01
-2.370605468750000000e-01
-6.750488281250000000e-02
-2.563476562500000000e-03
3.845214843750000000e-02
-8.605957031250000000e-02
-1.976318359375000000e-01
7.116699218750000000e-02
-3.955078125000000000e-01
2.861328125000000000e-01
-2.089843750000000000e-01
2.595214843750000000e-01
-1.848144531250000000e-01
-4.483032226562500000e-02
1.660156250000000000e-02
-1.256103515625000000e-01
8.496093750000000000e-02
-2.285766601562500000e-02
2.866210937500000000e-01
1.140136718750000000e-01
1.192626953125000000e-01
-8.874511718750000000e-02
1.835937500000000000e-01
-1.152954101562500000e-01
-4.165039062500000000e-01
2.243652343750000000e-01
1.968994140625000000e-01
9.307861328125000000e-02
2.575683593750000000e-01
2.113037109375000000e-01
-1.215820312500000000e-01
-3.613281250000000000e-01
-1.348876953125000000e-01
2.299804687500000000e-01
-1.518554687500000000e-01
-4.678344726562500000e-02
-1.849365234375000000e-01
5.361938476562500000e-02
-1.528930664062500000e-02
5.877685546875000000e-02
4.824218750000000000e-01
-2.634277343750000000e-01
2.243652343750000000e-01
-3.041992187500000000e-01
-2.844238281250000000e-01
3.261718750000000000e-01
-1.354980468750000000e-01
-3.181152343750000000e-01
4.296875000000000000e-02
-1.473388671875000000e-01
-3.088378906250000000e-01
2.492675781250000000e-01
-1.538085937500000000e-02
-3.112792968750000000e-01
-9.696960449218750000e-03
4.031372070312500000e-02
-1.008911132812500000e-01
1.702880859375000000e-01
1.643066406250000000e-01
2.539062500000000000e-01
-3.437500000000000000e-01
2.425537109375000000e-01
1.309967041015625000e-02
-1.113891601562500000e-01
1.005859375000000000e-01
-1.558837890625000000e-01
-2.283935546875000000e-01
-3.771972656250000000e-01
-2.103271484375000000e-01
-1.307678222656250000e-02
1.328125000000000000e-01
3.684082031250000000e-01
-2.731933593750000000e-01
-4.797363281250000000e-01
-2.209472656250000000e-01
1.850585937500000000e-01
4.648437500000000000e-01
-1.894531250000000000e-01
3.464355468750000000e-01
2.551269531250000000e-01
3.637695312500000000e-01
1.128540039062500000e-01
1.192626953125000000e-01
4.816894531250000000e-01
-5.545043945312500000e-02
-5.902099609375000000e-02
2.539062500000000000e-01
-1.199951171875000000e-01
1.785888671875000000e-01
2.583007812500000000e-01
1.200561523437500000e-01
1.353759765625000000e-01
8.361816406250000000e-02
7.440185546875000000e-02
-1.649169921875000000e-01
2.485351562500000000e-01
7.580566406250000000e-02
-1.308593750000000000e-01
-2.016601562500000000e-01
3.854370117187500000e-02
-1.035156250000000000e-01
1.022949218750000000e-01
6.237792968750000000e-02
1.614990234375000000e-01
3.754882812500000000e-01
1.137695312500000000e-01
2.055664062500000000e-01
3.942871093750000000e-01
-7.006835937500000000e-01
3.791503906250000000e-01
1.479492187500000000e-01
-1.569824218750000000e-01
-1.279296875000000000e-01
-1.918945312500000000e-01
-8.959960937500000000e-02
3.969726562500000000e-01
-9.509277343750000000e-02
1.457519531250000000e-01
2.976074218750000000e-01
2.998046875000000000e-01
3.840332031250000000e-01
1.641845703125000000e-02
-4.628906250000000000e-01
1.977539062500000000e-01
-2.355957031250000000e-01
5.621337890625000000e-02
-3.830566406250000000e-01
-3.947753906250000000e-01
-3.386230468750000000e-01
1.068725585937500000e-01
4.907226562500000000e-01
-7.373046875000000000e-02
2.491760253906250000e-02
1.802978515625000000e-01
1.950073242187500000e-02
-7.733154296875000000e-02
1.113281250000000000e-01
-1.097412109375000000e-01
-1.796875000000000000e-01
