-1.425781250000000000e-01
-3.656005859375000000e-02
-4.160156250000000000e-01
-1.496582031250000000e-01
-5.499267578125000000e-02
-1.472473144531250000e-03
-2.154541015625000000e-02
-1.160156250000000000e+00
-1.899414062500000000e-01
1.500244140625000000e-01
-1.541900634765625000e-02
-1.095581054687500000e-02
1.219482421875000000e-01
-4.051208496093750000e-03
-5.062866210937500000e-02
-1.623535156250000000e-01
2.039794921875000000e-01
2.049560546875000000e-01
-3.742675781250000000e-01
-2.409362792968750000e-02
2.122802734375000000e-01
-1.419067382812500000e-02
1.157836914062500000e-01
-1.510009765625000000e-01
-1.317138671875000000e-01
9.118652343750000000e-02
-2.293701171875000000e-01
6.207275390625000000e-02
1.402587890625000000e-01
1.096343994140625000e-02
-2.424316406250000000e-01
1.188964843750000000e-01
-3.970336914062500000e-02
-3.435058593750000000e-01
-5.488281250000000000e-01
-4.558105468750000000e-01
1.365966796875000000e-01
1.953125000000000000e-02
-8.874511718750000000e-02
-1.832580566406250000e-02
-2.717590332031250000e-02
2.166748046875000000e-01
8.941650390625000000e-02
2.885742187500000000e-01
3.674316406250000000e-01
-1.006469726562500000e-01
1.926269531250000000e-01
3.107910156250000000e-01
-6.384277343750000000e-02
9.155273437500000000e-02
-2.980957031250000000e-01
-8.337402343750000000e-02
3.090820312500000000e-01
-3.208007812500000000e-01
-4.270019531250000000e-01
-4.638671875000000000e-02
-1.311035156250000000e-01
4.399414062500000000e-01
-4.172363281250000000e-01
2.812500000000000000e-01
-4.431152343750000000e-01
-9.075927734375000000e-02
-3.518676757812500000e-02
-1.645507812500000000e-01
-3.527832031250000000e-01
1.078033447265625000e-02
1.375732421875000000e-01
-1.403808593750000000e-01
-5.048828125000000000e-01
-1.086425781250000000e-02
1.500244140625000000e-01
-2.005615234375000000e-01
1.505279541015625000e-02
-1.013946533203125000e-02
-2.316894531250000000e-01
3.080749511718750000e-02
1.028442382812500000e-01
3.986816406250000000e-01
-2.163085937500000000e-01
-6.207275390625000000e-02
-5.214843750000000000e-01
1.271057128906250000e-02
3.334960937500000000e-01
5.205078125000000000e-01
-3.850097656250000000e-01
-2.314453125000000000e-01
2.436828613281250000e-02
7.617187500000000000e-02
-1.738281250000000000e-01
1.232910156250000000e-01
1.497802734375000000e-01
-5.717773437500000000e-01
-1.377929687500000000e+00
3.796386718750000000e-01
-3.254394531250000000e-01
1.217041015625000000e-01
-1.144409179687500000e-01
5.230712890625000000e-02
2.883300781250000000e-01
9.497070312500000000e-02
1.156616210937500000e-02
1.522216796875000000e-01
1.578369140625000000e-01
-3.339843750000000000e-01
-9.503173828125000000e-02
2.143859863281250000e-02
-1.502227783203125000e-02
-1.231079101562500000e-01
-2.985839843750000000e-01
-2.478027343750000000e-01
-3.012695312500000000e-01
2.819824218750000000e-01
-2.110595703125000000e-01
2.156982421875000000e-01
-1.392822265625000000e-01
-2.929687500000000000e-01
1.584472656250000000e-01
2.246093750000000000e-01
-1.949462890625000000e-01
2.023925781250000000e-01
4.116210937500000000e-01
-5.029296875000000000e-01
-1.445312500000000000e-01
-3.805541992187500000e-02
3.451538085937500000e-02
1.446533203125000000e-01
-4.702148437500000000e-01
-5.361938476562500000e-02
7.226562500000000000e-02
2.500915527343750000e-02
-8.532714843750000000e-02
-2.214355468750000000e-01
6.097412109375000000e-02
5.273437500000000000e+00
-1.142883300781250000e-02
6.585693359375000000e-02
-3.034667968750000000e-01
-3.154296875000000000e-01
3.154296875000000000e-01
-7.348632812500000000e-02
8.190917968750000000e-02
2.795410156250000000e-01
-6.677246093750000000e-02
5.483398437500000000e-01
-2.365112304687500000e-02
-2.352294921875000000e-01
-7.794189453125000000e-02
-2.919921875000000000e-01
3.247070312500000000e-01
1.546630859375000000e-01
-2.185058593750000000e-01
-5.185546875000000000e-01
-1.245117187500000000e-01
2.354736328125000000e-01
2.556152343750000000e-01
-1.058959960937500000e-01
-1.147460937500000000e-01
-1.990966796875000000e-01
1.429443359375000000e-01
4.035949707031250000e-03
2.822265625000000000e-01
5.468750000000000000e-02
1.246337890625000000e-01
-2.050781250000000000e-01
-3.083496093750000000e-01
-1.343994140625000000e-01
5.892944335937500000e-02
-1.654624938964843750e-03
1.710205078125000000e-01
-8.984375000000000000e-02
3.771972656250000000e-02
4.553222656250000000e-02
2.753906250000000000e-01
2.788085937500000000e-01
-3.716945648193359375e-04
2.514648437500000000e-01
-1.376953125000000000e-01
-7.208251953125000000e-02
3.095703125000000000e-01
-3.452148437500000000e-01
9.503173828125000000e-02
-1.827392578125000000e-01
-2.866210937500000000e-01
3.646850585937500000e-02
-2.600097656250000000e-01
-3.491210937500000000e-01
3.652954101562500000e-02
1.804199218750000000e-01
5.883789062500000000e-02
4.855346679687500000e-02
-1.292724609375000000e-01
2.810058593750000000e-01
1.436767578125000000e-01
2.568359375000000000e-01
-3.329467773437500000e-02
1.799316406250000000e-01
-8.966064453125000000e-02
3.422851562500000000e-01
-5.283355712890625000e-03
8.898925781250000000e-02
5.792236328125000000e-02
3.405761718750000000e-01
-1.612548828125000000e-01
1.223144531250000000e-01
1.719970703125000000e-01
5.075073242187500000e-02
2.636718750000000000e-01
-2.902221679687500000e-02
-1.567077636718750000e-02
-1.668701171875000000e-01
3.034667968750000000e-01
3.125000000000000000e-01
5.325317382812500000e-02
-3.229980468750000000e-01
1.386718750000000000e-01
-2.288818359375000000e-01
1.849365234375000000e-01
1.137695312500000000e-01
3.508300781250000000e-01
2.561035156250000000e-01
4.287109375000000000e-01
9.381103515625000000e-02
-4.812011718750000000e-01
-2.014160156250000000e-02
5.024414062500000000e-01
-2.008056640625000000e-01
1.693115234375000000e-01
2.963867187500000000e-01
-3.356933593750000000e-01
-4.196777343750000000e-01
-4.467773437500000000e-02
-1.938476562500000000e-01
-2.418212890625000000e-01
-2.097167968750000000e-01
-1.834106445312500000e-02
9.863281250000000000e-02
2.812500000000000000e-01
-1.403808593750000000e-01
-3.325195312500000000e-01
-1.177368164062500000e-01
-1.695556640625000000e-01
1.121826171875000000e-01
-9.759521484375000000e-02
-2.396240234375000000e-01
-1.846923828125000000e-01
6.132812500000000000e-01
-2.476806640625000000e-01
-2.283935546875000000e-01
-7.226562500000000000e-02
1.833496093750000000e-01
-4.187011718750000000e-01
2.846679687500000000e-01
-8.087158203125000000e-02
-2.832031250000000000e-01
1.115112304687500000e-01
9.063720703125000000e-02
1.206054687500000000e-01
-7.328033447265625000e-03
-6.378173828125000000e-02
2.219238281250000000e-01
-6.585693359375000000e-02
-1.889648437500000000e-01
-4.821777343750000000e-01
5.358886718750000000e-02
3.952636718750000000e-01
2.249755859375000000e-01
2.622985839843750000e-02
-1.690673828125000000e-02
-2.844238281250000000e-01
-2.685546875000000000e-01
3.583984375000000000e-01
-1.998291015625000000e-01
2.314453125000000000e-01
4.931640625000000000e-02
1.419067382812500000e-02
-4.438476562500000000e-01
-4.150390625000000000e-01
4.586791992187500000e-02
-7.849121093750000000e-02
-2.602539062500000000e-01
5.664062500000000000e-01
7.275390625000000000e-02
6.628417968750000000e-02
1.354980468750000000e-01
-3.396606445312500000e-02
2.487182617187500000e-02
9.283447265625000000e-02
-4.118652343750000000e-01
5.922851562500000000e-01
-1.916503906250000000e-01
1.000976562500000000e-01
-1.806640625000000000e-01
1.887207031250000000e-01
2.893066406250000000e-01
2.070312500000000000e-01
2.868652343750000000e-01
-1.962890625000000000e-01
-3.090820312500000000e-01
-9.216308593750000000e-02
3.322753906250000000e-01
-8.325195312500000000e-02
1.937255859375000000e-01
6.185913085937500000e-02
2.124023437500000000e-01
1.132202148437500000e-01
1.478271484375000000e-01
1.468658447265625000e-02
1.032257080078125000e-02
1.132812500000000000e-01
1.950683593750000000e-01
-9.619140625000000000e-02
5.581054687500000000e-01
5.261718750000000000e+00
-1.926269531250000000e-01
-5.123901367187500000e-02
-5.679321289062500000e-02
6.191406250000000000e-01
1.870117187500000000e-01
3.742675781250000000e-01
-8.508300781250000000e-02
2.504882812500000000e-01
3.811035156250000000e-01
3.544921875000000000e-01
-1.206665039062500000e-01
-7.208251953125000000e-02
-1.841735839843750000e-02
2.846679687500000000e-01
2.099609375000000000e-01
2.990722656250000000e-01
-2.136718750000000000e+00
2.675781250000000000e-01
4.123535156250000000e-01
-7.794189453125000000e-02
-1.868896484375000000e-01
-5.363464355468750000e-03
2.980957031250000000e-01
6.750488281250000000e-02
-7.144927978515625000e-03
3.603515625000000000e-01
-4.159545898437500000e-02
-2.480468750000000000e-01
2.044677734375000000e-01
8.123779296875000000e-02
-4.836425781250000000e-01
3.051757812500000000e-01
6.066894531250000000e-02
3.598632812500000000e-01
2.092285156250000000e-01
-2.795410156250000000e-01
1.102905273437500000e-01
-4.129028320312500000e-02
-4.666137695312500000e-02
1.433105468750000000e-01
-7.403564453125000000e-02
-2.534179687500000000e-01
-2.929687500000000000e-01
-1.036376953125000000e-01
-1.947021484375000000e-01
-2.797851562500000000e-01
1.986083984375000000e-01
-7.548828125000000000e-01
-1.623535156250000000e-02
1.585693359375000000e-01
4.624023437500000000e-01
5.438232421875000000e-02
-2.337646484375000000e-01
4.107666015625000000e-02
2.238769531250000000e-01
-1.226196289062500000e-01
3.298339843750000000e-01
2.016601562500000000e-01
-1.424560546875000000e-01
-1.457519531250000000e-01
3.769531250000000000e-01
-4.543457031250000000e-01
4.473876953125000000e-02
2.618408203125000000e-02
-6.488037109375000000e-02
-8.508300781250000000e-02
-1.793212890625000000e-01
-5.737304687500000000e-02
-3.347167968750000000e-01
3.964843750000000000e-01
-2.736816406250000000e-01
2.294921875000000000e-01
-1.580810546875000000e-01
1.990966796875000000e-01
-2.511596679687500000e-02
-2.636718750000000000e-01
1.467285156250000000e-01
2.612304687500000000e-02
4.499511718750000000e-01
1.944580078125000000e-01
1.390380859375000000e-01
-1.506347656250000000e-01
3.625488281250000000e-01
8.422851562500000000e-02
-3.000488281250000000e-01
2.404785156250000000e-01
3.266601562500000000e-01
2.414550781250000000e-01
1.556396484375000000e-01
4.687500000000000000e-01
-2.858886718750000000e-01
-3.925781250000000000e-01
-2.629394531250000000e-01
1.354980468750000000e-01
-4.449462890625000000e-02
-6.402587890625000000e-02
-2.749023437500000000e-01
-6.103515625000000000e-02
-1.789550781250000000e-01
1.654052734375000000e-01
4.899902343750000000e-01
1.239013671875000000e-02
1.138305664062500000e-01
-2.822265625000000000e-01
-4.091796875000000000e-01
3.469238281250000000e-01
5.538940429687500000e-02
-1.706542968750000000e-01
-1.251220703125000000e-01
-2.420654296875000000e-01
-1.892089843750000000e-01
1.173095703125000000e-01
1.443481445312500000e-02
-3.256835937500000000e-01
2.260208129882812500e-03
-7.621765136718750000e-03
5.989074707031250000e-03
3.229980468750000000e-01
-7.793426513671875000e-03
2.856445312500000000e-01
-4.326171875000000000e-01
1.651611328125000000e-01
-1.041259765625000000e-01
-2.087402343750000000e-01
4.971313476562500000e-02
-1.358642578125000000e-01
-9.658813476562500000e-03
-3.049316406250000000e-01
-3.051757812500000000e-01
-1.989746093750000000e-01
-3.152847290039062500e-03
2.215576171875000000e-01
-2.966308593750000000e-01
-4.096679687500000000e-01
-1.586914062500000000e-01
1.747131347656250000e-02
5.644531250000000000e-01
-6.530761718750000000e-02
2.731933593750000000e-01
1.452636718750000000e-01
2.066650390625000000e-01
1.984863281250000000e-01
-2.511596679687500000e-02
5.166015625000000000e-01
1.510620117187500000e-02
4.037475585937500000e-02
1.398925781250000000e-01
5.764770507812500000e-02
2.507324218750000000e-01
4.035644531250000000e-01
2.619628906250000000e-01
3.454589843750000000e-01
9.106445312500000000e-02
-7.781982421875000000e-03
-3.974609375000000000e-01
5.276489257812500000e-02
1.148681640625000000e-01
-6.695556640625000000e-02
-3.039550781250000000e-01
6.341552734375000000e-02
5.917358398437500000e-02
2.963867187500000000e-01
3.701782226562500000e-02
3.720092773437500000e-02
3.190917968750000000e-01
1.331787109375000000e-01
2.163085937500000000e-01
1.196289062500000000e-01
-5.708007812500000000e-01
2.841796875000000000e-01
1.531982421875000000e-02
-5.709838867187500000e-02
7.489013671875000000e-02
-2.482910156250000000e-01
-1.776123046875000000e-01
4.223632812500000000e-01
1.249694824218750000e-02
9.979248046875000000e-02
7.098388671875000000e-02
2.983398437500000000e-01
7.275390625000000000e-01
2.980957031250000000e-01
-5.083007812500000000e-01
3.039550781250000000e-01
-2.666015625000000000e-01
-1.065673828125000000e-01
-2.172851562500000000e-01
-4.699707031250000000e-02
-1.035766601562500000e-01
1.058959960937500000e-01
4.992675781250000000e-01
1.280517578125000000e-01
-1.191406250000000000e-01
1.340332031250000000e-01
1.860046386718750000e-02
-5.551147460937500000e-02
6.198120117187500000e-02
-3.330078125000000000e-01
-2.495117187500000000e-01
