1.106567382812500000e-01
1.470947265625000000e-01
-2.282714843750000000e-01
2.624511718750000000e-01
-1.805419921875000000e-01
7.562255859375000000e-02
-2.767944335937500000e-02
-5.966186523437500000e-02
-2.683105468750000000e-01
4.902343750000000000e-01
-5.126953125000000000e-01
-1.354980468750000000e-01
2.999877929687500000e-02
-5.963134765625000000e-02
6.484375000000000000e-01
3.398437500000000000e-01
3.171386718750000000e-01
-6.359863281250000000e-02
-3.527832031250000000e-01
-3.889160156250000000e-01
2.968750000000000000e-01
2.027587890625000000e-01
3.098144531250000000e-01
1.602783203125000000e-01
5.865478515625000000e-02
8.697509765625000000e-02
1.275634765625000000e-01
4.487304687500000000e-01
-3.659057617187500000e-02
7.318115234375000000e-02
2.209472656250000000e-01
7.556152343750000000e-02
8.331298828125000000e-02
-2.448730468750000000e-01
-1.805419921875000000e-01
6.542968750000000000e-02
1.046752929687500000e-01
3.512573242187500000e-02
-7.910156250000000000e-02
1.479492187500000000e-01
-4.216308593750000000e-01
4.084472656250000000e-01
3.469238281250000000e-01
6.933593750000000000e-02
1.461181640625000000e-01
3.247070312500000000e-01
-1.480712890625000000e-01
-9.216308593750000000e-02
-1.597900390625000000e-01
1.368408203125000000e-01
5.178833007812500000e-02
1.744079589843750000e-02
1.583251953125000000e-01
-2.270507812500000000e-02
1.614990234375000000e-01
-3.928222656250000000e-01
1.220703125000000000e-01
2.094726562500000000e-01
-1.450195312500000000e-01
-2.418212890625000000e-01
1.972656250000000000e-01
-6.860351562500000000e-02
-2.908325195312500000e-02
2.109375000000000000e-01
6.628417968750000000e-02
-3.876953125000000000e-01
-1.293945312500000000e-01
1.762695312500000000e-01
-5.952148437500000000e-01
-2.570800781250000000e-01
8.312988281250000000e-02
-5.505371093750000000e-02
-3.673553466796875000e-03
2.213134765625000000e-01
-1.510009765625000000e-01
-6.072998046875000000e-02
2.357177734375000000e-01
6.420898437500000000e-02
-1.378173828125000000e-01
-2.336425781250000000e-01
1.766357421875000000e-01
2.490234375000000000e-02
-1.962890625000000000e-01
2.841796875000000000e-01
3.298339843750000000e-01
-7.434082031250000000e-02
2.828979492187500000e-02
-1.271972656250000000e-01
5.947875976562500000e-02
1.951599121093750000e-02
1.339111328125000000e-01
-2.244873046875000000e-01
-1.286132812500000000e+00
8.144531250000000000e-01
3.123474121093750000e-02
-6.774902343750000000e-02
-7.165527343750000000e-02
4.321289062500000000e-01
-8.123779296875000000e-02
1.555175781250000000e-01
3.002929687500000000e-01
1.763916015625000000e-02
3.759765625000000000e-01
-1.502227783203125000e-02
-8.978271484375000000e-02
-1.454162597656250000e-02
-2.702636718750000000e-01
1.322021484375000000e-01
-1.342773437500000000e-01
3.784179687500000000e-02
-1.717529296875000000e-01
-3.295898437500000000e-01
-2.445983886718750000e-02
-1.833496093750000000e-01
-1.062622070312500000e-01
-1.350097656250000000e-01
-2.368164062500000000e-01
4.543304443359375000e-03
-1.787109375000000000e-01
6.317138671875000000e-02
2.919921875000000000e-01
-7.680664062500000000e-01
-2.525329589843750000e-03
-4.414062500000000000e-01
2.534179687500000000e-01
-1.352539062500000000e-01
-7.385253906250000000e-02
-3.208007812500000000e-01
-3.393554687500000000e-02
2.604980468750000000e-01
2.027587890625000000e-01
-2.054443359375000000e-01
-1.894531250000000000e-01
6.593750000000000000e+00
1.526641845703125000e-02
-1.979980468750000000e-01
-8.666992187500000000e-02
-5.439453125000000000e-01
-3.063964843750000000e-01
5.548095703125000000e-02
-1.621093750000000000e-01
9.661865234375000000e-02
-2.912597656250000000e-01
1.172065734863281250e-03
-5.922851562500000000e-01
9.985351562500000000e-02
-5.191040039062500000e-02
-5.214843750000000000e-01
-8.673095703125000000e-02
1.040039062500000000e-01
5.703735351562500000e-02
-1.052856445312500000e-02
2.193450927734375000e-03
2.658691406250000000e-01
-1.529541015625000000e-01
-1.239624023437500000e-01
3.591308593750000000e-01
-4.296875000000000000e-01
-2.325439453125000000e-01
6.365966796875000000e-02
-7.202148437500000000e-02
3.217773437500000000e-01
1.468505859375000000e-01
-2.382812500000000000e-01
3.337402343750000000e-01
6.034851074218750000e-03
2.900390625000000000e-01
-3.996582031250000000e-01
6.707763671875000000e-02
1.820068359375000000e-01
6.033325195312500000e-02
-2.115478515625000000e-01
1.879882812500000000e-02
1.480712890625000000e-01
-3.261718750000000000e-01
-2.445983886718750000e-02
-1.779785156250000000e-01
-5.398559570312500000e-02
1.618652343750000000e-01
-7.208251953125000000e-02
2.580566406250000000e-01
2.551269531250000000e-01
-1.634521484375000000e-01
-3.100585937500000000e-01
9.307861328125000000e-02
2.120361328125000000e-01
-7.647705078125000000e-02
-1.142578125000000000e-01
-1.981201171875000000e-01
-3.096008300781250000e-02
-1.099853515625000000e-01
-4.443359375000000000e-01
-3.454589843750000000e-02
-6.076049804687500000e-02
-3.696289062500000000e-01
6.121826171875000000e-02
2.653808593750000000e-01
1.312255859375000000e-01
-3.728027343750000000e-01
1.466369628906250000e-02
-1.103515625000000000e-01
-2.435302734375000000e-01
1.689453125000000000e-01
1.534423828125000000e-01
1.608276367187500000e-02
-7.977294921875000000e-02
6.799316406250000000e-02
-3.764648437500000000e-01
1.683349609375000000e-01
-2.397460937500000000e-01
5.097656250000000000e-01
4.582519531250000000e-01
3.666992187500000000e-01
-2.900390625000000000e-01
1.186523437500000000e-01
1.779785156250000000e-01
1.279449462890625000e-02
2.270507812500000000e-01
4.157714843750000000e-01
-2.626953125000000000e-01
-1.279296875000000000e-01
-1.156005859375000000e-01
-3.825683593750000000e-01
4.940795898437500000e-02
2.862548828125000000e-02
-4.189453125000000000e-01
2.381591796875000000e-01
1.323242187500000000e-01
-2.349853515625000000e-01
-1.110229492187500000e-01
1.063232421875000000e-01
2.709960937500000000e-01
2.875976562500000000e-01
4.153442382812500000e-02
4.748535156250000000e-01
1.702880859375000000e-01
-1.212310791015625000e-02
-2.093505859375000000e-01
-1.184082031250000000e-01
-1.794433593750000000e-01
-2.100830078125000000e-01
4.226074218750000000e-01
2.770996093750000000e-01
3.273925781250000000e-01
9.643554687500000000e-02
2.445068359375000000e-01
-3.037109375000000000e-01
-2.705078125000000000e-01
-2.457275390625000000e-01
9.741210937500000000e-02
-2.336425781250000000e-01
2.403564453125000000e-01
1.223144531250000000e-01
4.602050781250000000e-01
6.002807617187500000e-02
-7.224082946777343750e-04
-2.783203125000000000e-02
-1.753234863281250000e-02
-6.750488281250000000e-02
3.569335937500000000e-01
-2.944335937500000000e-01
3.038024902343750000e-02
2.731933593750000000e-01
-2.241210937500000000e-01
-5.783081054687500000e-02
-1.088867187500000000e-01
-1.895751953125000000e-01
-5.854492187500000000e-01
-2.481689453125000000e-01
3.259277343750000000e-01
1.528320312500000000e-01
-1.059722900390625000e-02
4.750976562500000000e-01
-2.888488769531250000e-02
1.011352539062500000e-01
7.244110107421875000e-03
2.424621582031250000e-02
4.108886718750000000e-01
1.510009765625000000e-01
2.473144531250000000e-01
5.276489257812500000e-02
-1.640625000000000000e-01
1.591796875000000000e-01
2.797851562500000000e-01
-2.854919433593750000e-02
1.357421875000000000e-01
2.931594848632812500e-03
4.252929687500000000e-01
1.639404296875000000e-01
2.353515625000000000e-01
2.854003906250000000e-01
2.322998046875000000e-01
-1.802978515625000000e-01
2.614746093750000000e-01
-4.119873046875000000e-02
-3.869628906250000000e-01
-2.783203125000000000e-01
1.630859375000000000e-01
-9.269714355468750000e-04
-2.854003906250000000e-01
-8.715820312500000000e-02
3.332138061523437500e-03
-3.674316406250000000e-01
7.476806640625000000e-02
2.529296875000000000e-01
-4.238281250000000000e-01
-1.840820312500000000e-01
7.537841796875000000e-02
3.619384765625000000e-02
1.152343750000000000e-01
-9.427070617675781250e-04
2.863769531250000000e-01
6.593750000000000000e+00
3.481445312500000000e-01
2.854003906250000000e-01
2.436523437500000000e-01
1.873779296875000000e-01
5.771484375000000000e-01
-3.591918945312500000e-02
-1.198120117187500000e-01
1.936035156250000000e-01
6.005859375000000000e-01
2.338867187500000000e-01
3.032226562500000000e-01
1.933593750000000000e-01
1.579284667968750000e-02
3.738403320312500000e-03
-1.983642578125000000e-01
1.788330078125000000e-01
-1.137695312500000000e+00
-5.975341796875000000e-02
1.074829101562500000e-01
-5.102539062500000000e-02
3.964233398437500000e-02
2.352294921875000000e-01
-2.046203613281250000e-02
3.295898437500000000e-01
1.799316406250000000e-01
6.112670898437500000e-02
-2.440185546875000000e-01
-5.685424804687500000e-02
-1.756591796875000000e-01
-1.363525390625000000e-01
-8.630371093750000000e-02
2.489013671875000000e-01
-1.479492187500000000e-01
2.139892578125000000e-01
3.793945312500000000e-01
-2.868652343750000000e-01
-1.688232421875000000e-01
1.387939453125000000e-01
2.337646484375000000e-02
-1.417236328125000000e-01
5.654296875000000000e-01
-3.228759765625000000e-02
5.356445312500000000e-01
3.410644531250000000e-01
-2.397460937500000000e-01
3.354492187500000000e-01
1.323242187500000000e-01
4.594726562500000000e-01
-4.030761718750000000e-01
-8.093261718750000000e-02
2.023925781250000000e-01
6.958007812500000000e-02
-2.175292968750000000e-01
-3.906250000000000000e-02
1.866455078125000000e-01
-4.188537597656250000e-03
-2.340698242187500000e-02
-2.630615234375000000e-02
-1.184692382812500000e-01
6.002807617187500000e-02
2.359619140625000000e-01
-9.197998046875000000e-02
-8.642578125000000000e-02
9.948730468750000000e-02
5.706787109375000000e-02
-6.479492187500000000e-01
6.124877929687500000e-02
-1.195068359375000000e-01
3.195190429687500000e-02
-1.705322265625000000e-01
-6.982421875000000000e-02
-9.750366210937500000e-03
-2.919921875000000000e-01
-3.996582031250000000e-01
2.456054687500000000e-01
-1.111450195312500000e-01
-2.332763671875000000e-01
-5.092773437500000000e-01
-8.197021484375000000e-02
-1.502685546875000000e-01
-9.069824218750000000e-02
3.707885742187500000e-02
-8.062744140625000000e-02
-1.386718750000000000e-01
-1.237792968750000000e-01
-3.264160156250000000e-01
4.235839843750000000e-01
-2.766418457031250000e-02
1.747131347656250000e-02
-6.033325195312500000e-02
1.635742187500000000e-01
-1.499023437500000000e-01
-2.912902832031250000e-02
-9.979248046875000000e-02
1.547851562500000000e-01
-1.743164062500000000e-01
1.524353027343750000e-02
3.376464843750000000e-01
-2.651367187500000000e-01
-9.265136718750000000e-02
-1.690673828125000000e-02
-3.244628906250000000e-01
1.400146484375000000e-01
-2.099609375000000000e-01
-3.864746093750000000e-01
1.451416015625000000e-01
-2.507324218750000000e-01
7.904052734375000000e-02
-1.904296875000000000e-01
-1.123809814453125000e-02
-1.441650390625000000e-01
3.585815429687500000e-02
1.249389648437500000e-01
-1.148681640625000000e-01
3.408203125000000000e-01
1.915283203125000000e-01
7.733154296875000000e-02
-2.287597656250000000e-01
9.759521484375000000e-02
-1.054687500000000000e-01
-5.993652343750000000e-02
4.461669921875000000e-02
-5.905151367187500000e-02
-3.996582031250000000e-01
8.514404296875000000e-02
-3.923339843750000000e-01
4.873657226562500000e-02
5.108642578125000000e-02
2.047119140625000000e-01
5.563354492187500000e-02
-2.905273437500000000e-01
5.093383789062500000e-02
-5.145263671875000000e-02
-1.921386718750000000e-01
-1.729736328125000000e-01
-1.651611328125000000e-01
1.070556640625000000e-01
1.135253906250000000e-01
-2.134704589843750000e-02
4.074707031250000000e-01
7.104492187500000000e-02
9.686279296875000000e-02
-2.328491210937500000e-02
2.948760986328125000e-03
1.794433593750000000e-01
2.822265625000000000e-01
4.695892333984375000e-03
4.501953125000000000e-01
1.573486328125000000e-01
7.421875000000000000e-02
1.237487792968750000e-02
4.860839843750000000e-01
1.398925781250000000e-01
-2.270507812500000000e-01
1.408691406250000000e-01
-4.167480468750000000e-01
-2.476806640625000000e-01
1.708984375000000000e-01
-8.203125000000000000e-02
2.863769531250000000e-01
-2.164306640625000000e-01
-5.810546875000000000e-02
4.174804687500000000e-01
-7.360839843750000000e-02
1.754150390625000000e-01
-9.643554687500000000e-02
4.321289062500000000e-01
2.661132812500000000e-01
-8.505859375000000000e-01
9.686279296875000000e-02
2.081298828125000000e-02
-1.463623046875000000e-01
-1.959228515625000000e-01
-1.630859375000000000e-01
-1.545410156250000000e-01
4.766845703125000000e-02
1.269531250000000000e-01
-2.829589843750000000e-01
-3.930664062500000000e-02
6.048583984375000000e-02
1.113281250000000000e+00
1.644897460937500000e-02
-2.751464843750000000e-01
2.014160156250000000e-01
2.392578125000000000e-01
-4.443359375000000000e-01
4.033203125000000000e-01
2.479248046875000000e-01
-1.551513671875000000e-01
1.844482421875000000e-01
2.548828125000000000e-01
-1.688232421875000000e-01
2.663574218750000000e-01
-4.379882812500000000e-01
2.999877929687500000e-02
-9.844970703125000000e-02
-6.352539062500000000e-01
-2.033691406250000000e-01
2.392578125000000000e-01
