3.105468750000000000e-01
-2.236328125000000000e-01
-4.472656250000000000e-01
5.102539062500000000e-01
-4.291992187500000000e-01
-4.450683593750000000e-01
2.809143066406250000e-02
-1.118164062500000000e+00
-1.632080078125000000e-01
6.878662109375000000e-02
4.119873046875000000e-02
2.225341796875000000e-01
5.044555664062500000e-02
-1.521301269531250000e-02
-4.451274871826171875e-04
-7.818603515625000000e-02
2.722167968750000000e-01
3.701171875000000000e-01
-3.337402343750000000e-01
-9.045410156250000000e-02
2.077636718750000000e-01
-2.326660156250000000e-01
-1.401367187500000000e-01
8.752441406250000000e-02
6.903076171875000000e-02
-3.789062500000000000e-01
-3.506469726562500000e-02
2.171630859375000000e-01
-9.661865234375000000e-02
2.563476562500000000e-01
-7.280273437500000000e-01
9.246826171875000000e-02
-2.187500000000000000e-01
1.754150390625000000e-01
-5.169677734375000000e-02
2.238769531250000000e-01
-1.625061035156250000e-02
2.146911621093750000e-02
-1.749267578125000000e-01
-1.708984375000000000e-02
2.500915527343750000e-02
4.387207031250000000e-01
8.020019531250000000e-02
1.512451171875000000e-01
2.335205078125000000e-01
3.132324218750000000e-01
2.509765625000000000e-01
1.300048828125000000e-01
1.047973632812500000e-01
-1.946449279785156250e-03
-7.025146484375000000e-02
-9.533691406250000000e-02
-2.873229980468750000e-02
1.223144531250000000e-01
3.948974609375000000e-02
-2.424621582031250000e-02
8.209228515625000000e-02
-2.431640625000000000e-01
-5.102539062500000000e-01
3.820800781250000000e-01
2.366943359375000000e-01
-7.727050781250000000e-02
1.607666015625000000e-01
-3.261718750000000000e-01
-1.696777343750000000e-02
-2.412414550781250000e-02
1.977539062500000000e-01
4.016113281250000000e-01
-2.946777343750000000e-01
3.110351562500000000e-01
5.854492187500000000e-01
-2.522277832031250000e-02
-1.525878906250000000e-01
7.708740234375000000e-02
-9.814453125000000000e-02
9.948730468750000000e-02
1.398925781250000000e-01
-7.049560546875000000e-02
2.207031250000000000e-01
-4.687500000000000000e-02
-1.285400390625000000e-01
4.907226562500000000e-01
-1.831054687500000000e-01
1.203002929687500000e-01
-1.431884765625000000e-01
2.294921875000000000e-01
1.937255859375000000e-01
-4.611206054687500000e-02
-2.612304687500000000e-01
2.810058593750000000e-01
-1.790771484375000000e-01
-2.297363281250000000e-01
-1.392578125000000000e+00
6.489257812500000000e-01
7.244873046875000000e-02
-3.015136718750000000e-02
2.758789062500000000e-01
2.163085937500000000e-01
1.647949218750000000e-01
1.020507812500000000e-01
7.147216796875000000e-02
-2.467041015625000000e-01
4.748535156250000000e-01
-2.145996093750000000e-01
-4.804687500000000000e-01
2.034912109375000000e-01
1.800537109375000000e-01
2.583007812500000000e-01
3.273925781250000000e-01
-2.194824218750000000e-01
1.013793945312500000e-01
-6.152343750000000000e-02
1.463623046875000000e-01
-1.177978515625000000e-01
5.744934082031250000e-03
-5.703125000000000000e-01
2.003479003906250000e-02
-6.416015625000000000e-01
1.896972656250000000e-01
1.218872070312500000e-01
3.201961517333984375e-04
-2.357177734375000000e-01
-3.178710937500000000e-01
-1.101684570312500000e-01
4.412841796875000000e-02
-7.891845703125000000e-02
-1.517333984375000000e-01
-1.124267578125000000e-01
1.341552734375000000e-01
1.036376953125000000e-01
7.458496093750000000e-02
2.604980468750000000e-01
6.060791015625000000e-02
5.558593750000000000e+00
1.536560058593750000e-02
1.220703125000000000e-01
6.518554687500000000e-02
-4.716796875000000000e-01
-2.027587890625000000e-01
5.850219726562500000e-02
4.989624023437500000e-02
2.371826171875000000e-01
-2.709960937500000000e-01
4.033203125000000000e-01
-3.508300781250000000e-01
5.508422851562500000e-02
3.128051757812500000e-02
-9.814453125000000000e-02
-1.118164062500000000e-01
-8.264160156250000000e-02
-4.812622070312500000e-02
2.316894531250000000e-01
-3.010253906250000000e-01
1.865234375000000000e-01
-1.503906250000000000e-01
6.097412109375000000e-02
-3.387451171875000000e-02
4.522705078125000000e-02
-8.270263671875000000e-03
-1.126708984375000000e-01
5.291748046875000000e-02
1.565551757812500000e-02
1.459960937500000000e-01
3.625488281250000000e-02
1.501464843750000000e-01
1.945800781250000000e-01
-1.093750000000000000e-01
6.842041015625000000e-02
1.062011718750000000e-01
-8.551025390625000000e-02
-5.703125000000000000e-01
3.000488281250000000e-01
-9.405517578125000000e-02
7.989501953125000000e-02
-3.803710937500000000e-01
4.226074218750000000e-01
-2.456054687500000000e-01
2.207031250000000000e-01
5.283203125000000000e-01
-5.209350585937500000e-02
-2.095031738281250000e-02
4.392089843750000000e-01
2.314453125000000000e-01
-2.175292968750000000e-01
1.652832031250000000e-01
-1.205444335937500000e-01
3.615722656250000000e-01
-1.922607421875000000e-01
2.114257812500000000e-01
1.848144531250000000e-01
3.869628906250000000e-02
-4.929199218750000000e-01
-5.432128906250000000e-02
-1.833496093750000000e-01
-1.456298828125000000e-01
3.604125976562500000e-02
1.530761718750000000e-01
-2.846679687500000000e-01
-2.357177734375000000e-01
-1.012573242187500000e-01
1.021118164062500000e-01
-8.001708984375000000e-02
-2.412109375000000000e-01
-2.612304687500000000e-01
-2.463378906250000000e-01
2.086181640625000000e-01
-9.167480468750000000e-02
-1.566162109375000000e-01
-3.671264648437500000e-02
5.273437500000000000e-02
2.861328125000000000e-01
1.754150390625000000e-01
-4.589843750000000000e-02
-7.036132812500000000e-01
6.573486328125000000e-02
1.728515625000000000e-01
-4.281616210937500000e-02
-1.034545898437500000e-01
3.601074218750000000e-02
-2.927246093750000000e-01
3.005371093750000000e-01
-1.007080078125000000e-02
1.308441162109375000e-02
1.210937500000000000e-01
2.575683593750000000e-01
1.221313476562500000e-01
-2.739257812500000000e-01
1.439208984375000000e-01
1.253662109375000000e-01
1.307373046875000000e-01
-3.669738769531250000e-03
-3.264160156250000000e-01
-7.415771484375000000e-02
2.919921875000000000e-01
2.193603515625000000e-01
2.432861328125000000e-01
-9.423828125000000000e-02
1.179199218750000000e-01
1.633300781250000000e-01
-4.643554687500000000e-01
1.604003906250000000e-01
6.337890625000000000e-01
3.110351562500000000e-01
-1.243286132812500000e-01
-1.949462890625000000e-01
-3.706054687500000000e-01
5.221557617187500000e-02
-7.818603515625000000e-02
-3.520507812500000000e-01
2.055664062500000000e-01
-2.897949218750000000e-01
5.468750000000000000e-01
-2.863769531250000000e-01
2.570800781250000000e-01
2.238464355468750000e-02
-5.081176757812500000e-02
2.310791015625000000e-01
-3.085937500000000000e-01
4.562377929687500000e-02
-1.820373535156250000e-02
7.366943359375000000e-02
7.543945312500000000e-02
-6.530761718750000000e-02
-1.085662841796875000e-02
-2.971191406250000000e-01
-3.718261718750000000e-01
-2.117919921875000000e-01
-4.042968750000000000e-01
-1.552734375000000000e-01
-3.332519531250000000e-01
3.627929687500000000e-01
-9.869384765625000000e-02
-9.204101562500000000e-02
-4.521484375000000000e-01
-3.506469726562500000e-02
-6.878662109375000000e-02
-6.701660156250000000e-02
1.656494140625000000e-01
2.032470703125000000e-01
7.714843750000000000e-02
2.871093750000000000e-01
3.271484375000000000e-01
2.670898437500000000e-01
7.250976562500000000e-02
-1.616210937500000000e-01
-7.232666015625000000e-03
2.761230468750000000e-01
2.695312500000000000e-01
4.128417968750000000e-01
-1.906738281250000000e-01
1.240234375000000000e-01
2.103271484375000000e-01
-1.452636718750000000e-01
-1.929931640625000000e-01
-1.062011718750000000e-01
-7.568359375000000000e-02
-5.615234375000000000e-01
-2.836914062500000000e-01
4.595947265625000000e-02
-2.222900390625000000e-01
1.548767089843750000e-02
3.652343750000000000e-01
-4.758300781250000000e-01
-6.904602050781250000e-03
-1.579284667968750000e-02
2.543945312500000000e-01
-1.004028320312500000e-01
5.181884765625000000e-02
9.466552734375000000e-02
2.054443359375000000e-01
2.561950683593750000e-02
-2.858886718750000000e-01
5.554687500000000000e+00
-1.418590545654296875e-04
1.275634765625000000e-01
-1.177368164062500000e-01
-4.037475585937500000e-02
3.173828125000000000e-02
1.439208984375000000e-01
1.407470703125000000e-01
4.406738281250000000e-01
3.732910156250000000e-01
1.326904296875000000e-01
1.503906250000000000e-01
3.300781250000000000e-01
2.519531250000000000e-01
4.580688476562500000e-02
5.236816406250000000e-02
3.659667968750000000e-01
-1.733398437500000000e+00
2.516174316406250000e-02
-2.150878906250000000e-01
-1.712646484375000000e-01
6.567382812500000000e-02
5.758666992187500000e-02
-6.890869140625000000e-02
-1.229858398437500000e-01
2.922363281250000000e-01
-4.443359375000000000e-01
-1.599121093750000000e-01
-1.790771484375000000e-01
8.843994140625000000e-02
-7.360839843750000000e-02
-5.691528320312500000e-03
2.634277343750000000e-01
-1.490478515625000000e-01
1.091308593750000000e-01
6.328125000000000000e-01
-1.643180847167968750e-03
3.433227539062500000e-02
-2.053222656250000000e-01
2.001953125000000000e-01
1.041259765625000000e-01
-1.545410156250000000e-01
3.674316406250000000e-01
1.942138671875000000e-01
-2.839660644531250000e-02
2.956542968750000000e-01
2.449035644531250000e-02
3.713378906250000000e-01
-2.575683593750000000e-01
1.275634765625000000e-01
-8.491516113281250000e-03
1.535644531250000000e-01
2.440185546875000000e-01
-6.689453125000000000e-02
1.916503906250000000e-02
-7.214355468750000000e-02
2.714843750000000000e-01
-2.644042968750000000e-01
9.387207031250000000e-02
2.412109375000000000e-01
1.424560546875000000e-01
-3.408813476562500000e-02
3.735351562500000000e-01
4.318237304687500000e-03
-1.025390625000000000e-01
1.864013671875000000e-01
-2.187500000000000000e-01
-3.613281250000000000e-02
-1.445312500000000000e-01
-1.644287109375000000e-01
-1.196289062500000000e-01
3.247070312500000000e-01
9.570312500000000000e-02
-3.728027343750000000e-01
-1.583251953125000000e-01
-2.249145507812500000e-02
-1.770019531250000000e-01
-9.509277343750000000e-02
-2.470703125000000000e-01
7.911682128906250000e-03
1.063232421875000000e-01
-6.385803222656250000e-03
-1.389312744140625000e-02
-9.475708007812500000e-03
1.767578125000000000e-01
4.267578125000000000e-01
-5.776977539062500000e-02
3.520507812500000000e-01
-9.956359863281250000e-03
1.036376953125000000e-01
1.127929687500000000e-01
-1.514892578125000000e-01
-3.574218750000000000e-01
-3.513183593750000000e-01
1.474609375000000000e-01
1.486816406250000000e-01
1.151123046875000000e-01
5.648803710937500000e-02
1.632690429687500000e-02
4.396972656250000000e-01
-3.085937500000000000e-01
2.211914062500000000e-01
-3.936767578125000000e-03
1.741943359375000000e-01
-2.839355468750000000e-01
1.306152343750000000e-01
-1.940917968750000000e-01
1.635742187500000000e-01
2.221679687500000000e-01
-8.026123046875000000e-02
-1.408691406250000000e-01
-3.293457031250000000e-01
-7.403564453125000000e-02
4.245605468750000000e-01
-4.982910156250000000e-01
-3.020019531250000000e-01
1.326904296875000000e-01
2.502441406250000000e-01
3.464355468750000000e-01
-1.195678710937500000e-01
-6.958007812500000000e-02
2.412109375000000000e-01
-1.715087890625000000e-01
-3.979492187500000000e-01
-5.737304687500000000e-01
5.014648437500000000e-01
-1.976318359375000000e-01
6.689453125000000000e-01
-2.673339843750000000e-01
-1.826171875000000000e-01
4.559326171875000000e-02
-6.512451171875000000e-02
4.648437500000000000e-01
3.659667968750000000e-01
2.291259765625000000e-01
-2.583007812500000000e-01
4.425048828125000000e-02
2.204589843750000000e-01
2.158203125000000000e-01
3.715820312500000000e-01
2.352294921875000000e-01
1.456298828125000000e-01
2.612304687500000000e-01
3.566894531250000000e-01
1.224975585937500000e-01
1.058197021484375000e-02
-6.263732910156250000e-03
-3.366699218750000000e-01
-4.476928710937500000e-02
4.978027343750000000e-01
1.031494140625000000e-01
4.509277343750000000e-01
4.548339843750000000e-01
-2.507324218750000000e-01
1.607666015625000000e-01
-6.866455078125000000e-02
8.172607421875000000e-02
-4.406738281250000000e-01
-2.031250000000000000e-01
1.176147460937500000e-01
2.335205078125000000e-01
-1.212158203125000000e-01
1.680908203125000000e-01
2.080078125000000000e-01
-3.645019531250000000e-01
3.510742187500000000e-01
6.781005859375000000e-02
4.365234375000000000e-01
-3.878784179687500000e-02
-3.205566406250000000e-01
-1.065063476562500000e-01
-1.883544921875000000e-01
-2.529296875000000000e-01
1.607666015625000000e-01
2.360839843750000000e-01
3.298950195312500000e-02
4.125976562500000000e-01
-3.666992187500000000e-01
-1.185913085937500000e-01
-5.554199218750000000e-02
5.935668945312500000e-02
9.096679687500000000e-01
-7.110595703125000000e-02
1.066284179687500000e-01
2.668457031250000000e-01
2.050781250000000000e-01
-2.614746093750000000e-01
1.041259765625000000e-01
2.653808593750000000e-01
-2.443847656250000000e-01
3.779296875000000000e-01
1.025199890136718750e-03
-2.330322265625000000e-01
-3.422851562500000000e-01
2.641601562500000000e-01
-2.249755859375000000e-01
1.577148437500000000e-01
-1.495361328125000000e-01
-4.853515625000000000e-01
1.183471679687500000e-01
