-2.217102050781250000e-02
1.323699951171875000e-02
-8.239746093750000000e-02
2.819824218750000000e-01
-3.967285156250000000e-01
-3.283691406250000000e-02
-6.035156250000000000e-01
-5.737304687500000000e-01
-3.505859375000000000e-01
2.546386718750000000e-01
-1.165771484375000000e-01
-1.663818359375000000e-01
1.508789062500000000e-01
-2.067871093750000000e-01
9.136962890625000000e-02
-2.214431762695312500e-03
3.269042968750000000e-01
1.369628906250000000e-01
-4.010009765625000000e-02
2.388916015625000000e-01
3.061523437500000000e-01
8.188476562500000000e-01
-4.095458984375000000e-02
3.166503906250000000e-01
-3.286132812500000000e-01
3.623046875000000000e-01
-3.293457031250000000e-01
3.977050781250000000e-01
1.623535156250000000e-01
3.354492187500000000e-01
-2.368164062500000000e-01
-1.506805419921875000e-02
-4.389648437500000000e-01
2.646484375000000000e-01
4.766845703125000000e-02
1.280517578125000000e-01
-1.749267578125000000e-01
2.163085937500000000e-01
-2.004394531250000000e-01
6.060791015625000000e-02
-2.106933593750000000e-01
8.526611328125000000e-02
-3.225708007812500000e-02
8.502197265625000000e-02
3.081054687500000000e-01
5.096435546875000000e-02
-1.999511718750000000e-01
-8.789062500000000000e-02
6.076049804687500000e-02
-1.491699218750000000e-01
-2.130126953125000000e-02
-4.660644531250000000e-01
-2.412109375000000000e-01
-1.857280731201171875e-04
-2.500000000000000000e-01
-2.485351562500000000e-01
6.599426269531250000e-03
3.244628906250000000e-01
1.553955078125000000e-01
2.120361328125000000e-01
2.546386718750000000e-01
-2.377929687500000000e-01
7.788085937500000000e-02
-7.659912109375000000e-02
7.820129394531250000e-03
1.309204101562500000e-02
-5.434570312500000000e-01
2.658691406250000000e-01
-1.401519775390625000e-02
-1.943359375000000000e-01
1.575927734375000000e-01
-2.580566406250000000e-01
8.013916015625000000e-02
3.427734375000000000e-01
3.930664062500000000e-01
-2.132568359375000000e-01
1.441955566406250000e-02
-7.214355468750000000e-02
-1.326904296875000000e-01
-1.026000976562500000e-01
-3.552246093750000000e-01
5.078125000000000000e-01
-4.311523437500000000e-01
5.527343750000000000e-01
-3.115234375000000000e-01
-2.849121093750000000e-01
4.751586914062500000e-02
-1.361083984375000000e-01
1.979980468750000000e-01
1.834716796875000000e-01
-7.012939453125000000e-02
1.414794921875000000e-01
-1.290039062500000000e+00
6.708984375000000000e-01
-8.282470703125000000e-02
-1.539306640625000000e-01
5.034179687500000000e-01
5.307617187500000000e-01
6.463623046875000000e-02
-1.671142578125000000e-01
-1.723632812500000000e-01
-5.844116210937500000e-02
-1.356201171875000000e-01
-3.493652343750000000e-01
-1.490783691406250000e-02
-2.644042968750000000e-01
-7.250976562500000000e-02
1.582031250000000000e-01
2.695312500000000000e-01
3.203125000000000000e-01
-1.508789062500000000e-01
-1.568603515625000000e-01
-3.041992187500000000e-01
-1.123046875000000000e-01
3.686523437500000000e-01
-1.628417968750000000e-01
2.370605468750000000e-01
2.612304687500000000e-01
2.741699218750000000e-01
1.770019531250000000e-01
2.563476562500000000e-01
-8.828125000000000000e-01
-1.770019531250000000e-02
-1.721191406250000000e-01
1.979980468750000000e-01
-2.344970703125000000e-01
-2.330322265625000000e-01
5.572509765625000000e-02
1.341552734375000000e-01
2.070312500000000000e-01
-1.677246093750000000e-01
-2.442626953125000000e-01
7.513427734375000000e-02
5.109375000000000000e+00
-2.170562744140625000e-03
-7.775878906250000000e-02
-3.020019531250000000e-01
-5.561523437500000000e-01
-9.484863281250000000e-02
-1.871337890625000000e-01
1.840820312500000000e-01
5.221557617187500000e-02
-3.425292968750000000e-01
1.928710937500000000e-01
-3.337402343750000000e-01
-5.722045898437500000e-02
-6.054687500000000000e-02
4.660034179687500000e-02
-3.520507812500000000e-01
-5.825195312500000000e-01
3.798828125000000000e-01
1.033782958984375000e-02
-1.647949218750000000e-01
3.557128906250000000e-01
1.105499267578125000e-02
-2.115478515625000000e-01
1.303710937500000000e-01
-1.118774414062500000e-01
2.743530273437500000e-02
-9.289550781250000000e-02
3.576660156250000000e-02
-5.944824218750000000e-02
-3.149414062500000000e-01
1.831054687500000000e-01
2.731933593750000000e-01
8.685302734375000000e-02
3.347167968750000000e-01
-4.316406250000000000e-01
1.470947265625000000e-01
-1.813964843750000000e-01
-8.659362792968750000e-03
3.620605468750000000e-01
1.607666015625000000e-01
3.188476562500000000e-01
-4.104003906250000000e-01
3.618164062500000000e-01
-3.657226562500000000e-01
-1.948242187500000000e-01
2.647399902343750000e-02
-8.862304687500000000e-02
6.198120117187500000e-02
8.300781250000000000e-02
2.316284179687500000e-02
5.587768554687500000e-02
2.091064453125000000e-01
-1.461181640625000000e-01
1.705322265625000000e-01
-3.625488281250000000e-01
-2.099609375000000000e-01
-2.282714843750000000e-01
-1.101074218750000000e-01
8.361816406250000000e-02
1.982421875000000000e-01
4.608154296875000000e-02
-1.251220703125000000e-01
2.563476562500000000e-01
2.724609375000000000e-01
2.565917968750000000e-01
-8.905029296875000000e-02
-9.698486328125000000e-02
2.017822265625000000e-01
-1.125488281250000000e-01
-2.670898437500000000e-01
3.952636718750000000e-01
-9.124755859375000000e-02
1.882324218750000000e-01
2.971191406250000000e-01
-1.470947265625000000e-01
-1.646728515625000000e-01
-4.168701171875000000e-02
3.620605468750000000e-01
3.701171875000000000e-01
3.950195312500000000e-01
2.824707031250000000e-01
-1.711425781250000000e-01
5.097656250000000000e-01
-1.450195312500000000e-01
-2.272949218750000000e-01
-5.565643310546875000e-03
-5.410156250000000000e-01
-1.302490234375000000e-01
-4.165649414062500000e-02
-1.728515625000000000e-01
-2.827148437500000000e-01
-9.631347656250000000e-02
-1.246948242187500000e-01
-5.972290039062500000e-02
-2.121582031250000000e-01
-1.265869140625000000e-01
-2.487792968750000000e-01
3.098144531250000000e-01
4.992675781250000000e-01
2.941894531250000000e-01
1.495361328125000000e-01
4.643554687500000000e-01
1.950683593750000000e-01
5.522460937500000000e-01
-1.777343750000000000e-01
-3.530273437500000000e-01
-3.208007812500000000e-01
3.442382812500000000e-01
-3.683471679687500000e-02
5.041503906250000000e-02
6.185913085937500000e-02
1.376953125000000000e-01
3.326416015625000000e-02
-1.416015625000000000e-01
-2.524414062500000000e-01
-9.112548828125000000e-02
-3.265380859375000000e-02
-3.437500000000000000e-01
1.914062500000000000e-01
6.774902343750000000e-02
5.668945312500000000e-01
-1.702880859375000000e-01
3.811035156250000000e-01
-3.576660156250000000e-02
2.888183593750000000e-01
1.080322265625000000e-01
3.430175781250000000e-01
-3.164062500000000000e-01
9.405517578125000000e-02
-2.076416015625000000e-01
-1.402587890625000000e-01
-1.240234375000000000e-01
1.857910156250000000e-01
4.162597656250000000e-01
-2.666015625000000000e-01
8.178710937500000000e-02
-2.978515625000000000e-01
1.442718505859375000e-02
7.350921630859375000e-03
3.034667968750000000e-01
2.042236328125000000e-01
-9.994506835937500000e-03
2.938842773437500000e-02
1.215209960937500000e-01
1.867675781250000000e-01
-7.373046875000000000e-02
-2.360534667968750000e-02
2.817382812500000000e-01
-7.958984375000000000e-02
2.773437500000000000e-01
1.269531250000000000e-01
-3.308105468750000000e-01
2.415771484375000000e-01
8.953857421875000000e-02
2.255859375000000000e-01
8.697509765625000000e-02
-2.595214843750000000e-01
9.448242187500000000e-02
5.844116210937500000e-03
-2.445068359375000000e-01
5.569458007812500000e-02
-3.750000000000000000e-01
-3.826904296875000000e-02
-2.932128906250000000e-01
2.164306640625000000e-01
-6.378173828125000000e-02
-1.768798828125000000e-01
-6.311035156250000000e-02
-2.235107421875000000e-01
2.016601562500000000e-01
9.307861328125000000e-02
-1.472167968750000000e-01
-1.318359375000000000e-01
-1.992187500000000000e-01
6.201171875000000000e-02
-4.394531250000000000e-01
2.409667968750000000e-01
3.884277343750000000e-01
-3.410644531250000000e-01
5.109375000000000000e+00
4.321289062500000000e-01
2.203369140625000000e-01
-5.331420898437500000e-02
2.143554687500000000e-01
4.394531250000000000e-02
-3.879547119140625000e-03
8.482933044433593750e-04
2.673339843750000000e-01
4.936523437500000000e-01
2.910156250000000000e-01
6.799316406250000000e-02
2.641601562500000000e-01
-1.585693359375000000e-01
-8.032226562500000000e-02
-3.271484375000000000e-01
-1.373291015625000000e-01
-1.551757812500000000e+00
-1.618652343750000000e-01
-1.336669921875000000e-01
-9.582519531250000000e-02
1.189575195312500000e-01
-1.566162109375000000e-01
-2.271728515625000000e-01
1.578369140625000000e-01
1.372070312500000000e-01
1.612548828125000000e-01
-3.015136718750000000e-02
7.647705078125000000e-02
2.148437500000000000e-01
-2.751464843750000000e-01
-3.125000000000000000e-01
2.302246093750000000e-01
-2.663574218750000000e-01
-1.674804687500000000e-01
-3.890991210937500000e-02
-3.322753906250000000e-01
8.978271484375000000e-02
1.089477539062500000e-01
2.993164062500000000e-01
-1.013183593750000000e-01
3.269042968750000000e-01
1.157836914062500000e-01
6.061553955078125000e-03
-1.257324218750000000e-01
4.403686523437500000e-02
4.838867187500000000e-01
-2.044677734375000000e-01
4.096679687500000000e-01
-9.112548828125000000e-02
-2.141113281250000000e-01
6.390380859375000000e-02
-1.898193359375000000e-02
-3.278808593750000000e-01
-2.359619140625000000e-01
-5.950927734375000000e-02
1.820068359375000000e-01
1.639404296875000000e-01
9.576416015625000000e-02
-8.972167968750000000e-03
7.666015625000000000e-02
6.977539062500000000e-01
5.795288085937500000e-02
-2.459716796875000000e-01
-1.235351562500000000e-01
2.919921875000000000e-01
-2.451171875000000000e-01
-1.002197265625000000e-01
2.272949218750000000e-01
-1.118774414062500000e-01
1.036071777343750000e-02
-7.745361328125000000e-02
9.161376953125000000e-02
-1.458740234375000000e-01
1.990966796875000000e-01
3.143310546875000000e-02
-2.022705078125000000e-01
4.507446289062500000e-02
-4.289550781250000000e-01
9.552001953125000000e-03
-3.757324218750000000e-01
6.054687500000000000e-02
4.244995117187500000e-02
-1.833496093750000000e-01
1.173095703125000000e-01
2.546386718750000000e-01
-4.357910156250000000e-01
7.495117187500000000e-01
-5.767822265625000000e-02
1.763916015625000000e-01
3.569335937500000000e-01
-4.099121093750000000e-01
-1.867675781250000000e-01
-5.267333984375000000e-02
3.039550781250000000e-01
-6.264648437500000000e-01
2.460937500000000000e-01
-3.022460937500000000e-01
3.388671875000000000e-01
-1.655273437500000000e-01
-2.178955078125000000e-01
4.685058593750000000e-01
-1.859130859375000000e-01
-2.257080078125000000e-01
-4.962158203125000000e-02
-2.700195312500000000e-01
-2.517089843750000000e-01
-2.583007812500000000e-01
-1.608886718750000000e-01
-3.566894531250000000e-01
1.092529296875000000e-01
-3.964843750000000000e-01
2.005615234375000000e-01
1.911621093750000000e-01
-2.346191406250000000e-01
-1.454162597656250000e-02
8.160400390625000000e-02
1.533203125000000000e-01
-1.959228515625000000e-01
-2.996826171875000000e-02
7.208251953125000000e-02
-1.376953125000000000e-01
1.307373046875000000e-01
1.590728759765625000e-03
-2.009277343750000000e-01
-9.503173828125000000e-02
-9.912109375000000000e-02
-6.402587890625000000e-02
-1.600341796875000000e-01
1.873779296875000000e-01
3.212890625000000000e-01
-8.251953125000000000e-02
4.406738281250000000e-02
3.811035156250000000e-01
-1.079559326171875000e-02
-3.527832031250000000e-01
3.056640625000000000e-01
3.476562500000000000e-01
-2.218017578125000000e-01
1.181030273437500000e-02
1.623535156250000000e-01
-8.483886718750000000e-02
5.571289062500000000e-01
-3.398437500000000000e-01
3.356933593750000000e-01
-7.104492187500000000e-02
2.247314453125000000e-01
3.576660156250000000e-02
7.231445312500000000e-01
1.253662109375000000e-01
5.319213867187500000e-02
1.042480468750000000e-01
3.156738281250000000e-01
1.522216796875000000e-01
8.270263671875000000e-02
-1.039428710937500000e-01
1.351318359375000000e-01
-1.734619140625000000e-01
1.066284179687500000e-01
-5.537271499633789062e-05
2.412109375000000000e-01
-4.475097656250000000e-01
-3.517150878906250000e-03
2.910156250000000000e-01
-1.495361328125000000e-01
1.614990234375000000e-01
-2.231445312500000000e-01
6.254882812500000000e-01
-4.519653320312500000e-02
-6.254882812500000000e-01
-4.096984863281250000e-03
1.892089843750000000e-02
-1.851806640625000000e-01
-9.185791015625000000e-02
-5.831909179687500000e-02
9.954833984375000000e-02
-2.219238281250000000e-01
-1.986083984375000000e-01
1.326904296875000000e-01
-7.671356201171875000e-03
-1.126861572265625000e-02
8.125000000000000000e-01
-1.468505859375000000e-01
-8.331298828125000000e-03
6.250000000000000000e-01
-1.375198364257812500e-03
6.945800781250000000e-02
-3.164062500000000000e-01
2.329101562500000000e-01
6.585693359375000000e-02
1.649169921875000000e-01
2.673339843750000000e-01
-1.583251953125000000e-01
-2.363586425781250000e-02
-2.321777343750000000e-01
-1.411132812500000000e-01
-1.319580078125000000e-01
-2.276611328125000000e-01
8.868408203125000000e-02
8.697509765625000000e-02
