2.139282226562500000e-02
2.719726562500000000e-01
1.306152343750000000e-01
-1.461181640625000000e-01
-2.988281250000000000e-01
-2.668457031250000000e-01
-2.155761718750000000e-01
-7.875976562500000000e-01
-1.835937500000000000e-01
-2.010498046875000000e-01
-1.302490234375000000e-01
7.916259765625000000e-02
-2.770996093750000000e-01
-5.633544921875000000e-02
3.334960937500000000e-01
-2.203369140625000000e-01
1.181030273437500000e-01
7.489013671875000000e-02
-3.619384765625000000e-02
-1.154785156250000000e-01
4.448242187500000000e-01
2.177734375000000000e-01
2.094726562500000000e-01
5.751953125000000000e-01
-3.193359375000000000e-01
-1.453857421875000000e-01
-2.956542968750000000e-01
1.351318359375000000e-01
1.408691406250000000e-01
3.535156250000000000e-01
1.234130859375000000e-01
-8.306884765625000000e-02
-8.831787109375000000e-02
5.750656127929687500e-04
2.600097656250000000e-02
4.838867187500000000e-01
1.188354492187500000e-01
4.418945312500000000e-01
-3.146972656250000000e-01
1.350097656250000000e-01
1.217041015625000000e-01
1.652832031250000000e-01
-1.362304687500000000e-01
5.297851562500000000e-02
7.391357421875000000e-02
1.063232421875000000e-01
4.910278320312500000e-02
-9.576416015625000000e-02
-1.613769531250000000e-01
6.640625000000000000e-02
9.808349609375000000e-02
2.687072753906250000e-02
-5.065917968750000000e-02
-4.891967773437500000e-02
-4.099121093750000000e-01
4.412841796875000000e-02
-9.674072265625000000e-02
-1.216430664062500000e-01
3.215332031250000000e-01
2.064514160156250000e-02
-6.732177734375000000e-02
9.759521484375000000e-02
-1.522216796875000000e-01
-3.459472656250000000e-01
-5.126953125000000000e-01
-1.574707031250000000e-02
-2.597656250000000000e-01
1.887207031250000000e-01
-5.288085937500000000e-01
9.362792968750000000e-02
2.375488281250000000e-01
-3.859863281250000000e-01
-1.127929687500000000e-01
-1.226196289062500000e-01
7.773437500000000000e-01
-3.518066406250000000e-01
-1.826171875000000000e-01
-1.770019531250000000e-02
5.923461914062500000e-02
-9.173583984375000000e-02
1.123657226562500000e-01
2.436523437500000000e-01
1.691894531250000000e-01
2.858886718750000000e-01
1.585693359375000000e-01
1.512451171875000000e-01
1.447753906250000000e-01
-7.739257812500000000e-02
-1.972656250000000000e-01
-1.676025390625000000e-01
6.063842773437500000e-02
-2.005615234375000000e-01
-1.384765625000000000e+00
5.107421875000000000e-01
-1.244506835937500000e-01
2.257080078125000000e-01
2.209472656250000000e-01
-1.429748535156250000e-02
8.587646484375000000e-02
-9.017944335937500000e-03
1.622314453125000000e-01
-1.536865234375000000e-01
1.608886718750000000e-01
-2.452392578125000000e-01
5.337524414062500000e-02
1.368408203125000000e-01
1.254882812500000000e-01
-1.992187500000000000e-01
2.800292968750000000e-01
3.154296875000000000e-01
1.110839843750000000e-01
1.193237304687500000e-01
8.552551269531250000e-03
-2.905273437500000000e-01
7.061767578125000000e-02
-4.626464843750000000e-02
2.856445312500000000e-01
-2.737426757812500000e-02
-4.199218750000000000e-01
5.606079101562500000e-02
-2.244873046875000000e-01
-3.867187500000000000e-01
2.222900390625000000e-01
-1.683349609375000000e-01
2.055664062500000000e-01
3.198242187500000000e-01
3.535156250000000000e-01
-4.436035156250000000e-01
8.532714843750000000e-02
2.664184570312500000e-02
-5.625000000000000000e-01
-2.148437500000000000e-01
3.359375000000000000e-01
4.585937500000000000e+00
-4.389648437500000000e-01
2.390136718750000000e-01
3.007507324218750000e-02
-7.617187500000000000e-01
3.460693359375000000e-02
-7.287597656250000000e-02
-8.190917968750000000e-02
3.898925781250000000e-01
-4.416503906250000000e-01
-6.039428710937500000e-02
-3.220214843750000000e-01
-1.083374023437500000e-01
-7.183837890625000000e-02
1.546630859375000000e-01
-5.288696289062500000e-02
-3.320312500000000000e-01
-1.923828125000000000e-01
-6.748046875000000000e-01
1.400146484375000000e-01
2.734375000000000000e-01
-3.154296875000000000e-01
-1.063232421875000000e-01
-8.978271484375000000e-02
4.558105468750000000e-01
-1.894531250000000000e-01
1.081542968750000000e-01
4.293823242187500000e-02
-1.462402343750000000e-01
-5.775451660156250000e-03
-6.713867187500000000e-02
3.706054687500000000e-01
-3.703613281250000000e-01
8.374023437500000000e-02
-4.355468750000000000e-01
5.221557617187500000e-02
1.644897460937500000e-02
3.803710937500000000e-01
2.331542968750000000e-02
5.416870117187500000e-02
-5.300903320312500000e-02
-3.576660156250000000e-01
4.144287109375000000e-02
-2.325439453125000000e-01
-1.425781250000000000e-01
4.443359375000000000e-01
-6.012916564941406250e-04
1.524658203125000000e-01
2.551269531250000000e-01
1.748046875000000000e-01
-3.327636718750000000e-01
-1.033935546875000000e-01
-2.590332031250000000e-01
2.092285156250000000e-01
1.218261718750000000e-01
-3.964843750000000000e-01
4.211425781250000000e-03
3.067016601562500000e-02
-9.741210937500000000e-02
-5.039062500000000000e-01
2.661132812500000000e-01
-2.707519531250000000e-01
1.549072265625000000e-01
1.104736328125000000e-01
-9.326171875000000000e-02
-2.195739746093750000e-02
-2.130126953125000000e-01
-6.610107421875000000e-02
4.074096679687500000e-02
-1.557617187500000000e-01
3.675460815429687500e-03
-2.188720703125000000e-01
1.117553710937500000e-01
1.539306640625000000e-01
-1.970214843750000000e-01
-2.784729003906250000e-03
6.530761718750000000e-02
3.693847656250000000e-01
-1.197509765625000000e-01
1.878356933593750000e-02
-3.308105468750000000e-01
8.111572265625000000e-02
1.212158203125000000e-01
1.477050781250000000e-02
-3.032226562500000000e-01
2.857971191406250000e-02
-9.582519531250000000e-02
-9.344482421875000000e-02
3.994140625000000000e-01
-4.658203125000000000e-01
7.818603515625000000e-02
-1.314697265625000000e-01
-4.616699218750000000e-01
-3.464355468750000000e-01
-1.804199218750000000e-01
-4.960937500000000000e-01
-3.491210937500000000e-01
-1.296997070312500000e-02
-8.294677734375000000e-02
8.435058593750000000e-02
1.730346679687500000e-02
-5.970001220703125000e-03
3.322753906250000000e-01
3.776855468750000000e-01
-1.166992187500000000e-01
7.855224609375000000e-02
-1.866455078125000000e-01
2.059936523437500000e-02
1.130371093750000000e-01
1.879882812500000000e-01
-1.273193359375000000e-01
-4.365234375000000000e-01
-2.595214843750000000e-01
-2.766113281250000000e-01
2.775573730468750000e-02
3.305664062500000000e-01
-8.251953125000000000e-02
3.029785156250000000e-01
-4.660644531250000000e-01
3.103027343750000000e-01
4.970703125000000000e-01
2.668457031250000000e-01
2.817382812500000000e-01
-9.429931640625000000e-02
-3.439941406250000000e-01
1.540527343750000000e-01
7.377929687500000000e-01
-5.385742187500000000e-01
3.432617187500000000e-01
-9.338378906250000000e-02
-3.095703125000000000e-01
1.019287109375000000e-01
-3.872070312500000000e-01
4.116210937500000000e-01
4.220581054687500000e-02
-3.774414062500000000e-01
2.993164062500000000e-01
-3.405761718750000000e-01
2.893066406250000000e-01
3.686523437500000000e-01
5.073242187500000000e-01
3.161621093750000000e-02
-2.413330078125000000e-01
-7.299804687500000000e-02
2.131347656250000000e-01
-1.901855468750000000e-01
3.403320312500000000e-01
-9.930419921875000000e-02
1.834716796875000000e-01
-2.175292968750000000e-01
-1.517333984375000000e-01
-2.301025390625000000e-01
-2.045898437500000000e-01
1.727294921875000000e-01
7.475585937500000000e-01
2.656250000000000000e-01
2.697753906250000000e-01
-9.930419921875000000e-02
4.202270507812500000e-02
2.722167968750000000e-01
3.570556640625000000e-02
-1.840820312500000000e-01
2.045898437500000000e-01
-6.953125000000000000e-01
-5.712890625000000000e-01
2.020263671875000000e-02
1.853027343750000000e-01
-1.297607421875000000e-01
-8.184814453125000000e-02
3.850097656250000000e-01
-1.087646484375000000e-01
2.880859375000000000e-01
-1.916503906250000000e-01
-2.327880859375000000e-01
3.985595703125000000e-02
-1.049041748046875000e-02
-2.194824218750000000e-01
3.207397460937500000e-02
6.518554687500000000e-02
4.578125000000000000e+00
3.717041015625000000e-02
1.474609375000000000e-01
2.780761718750000000e-01
1.634521484375000000e-01
-2.924804687500000000e-01
1.997070312500000000e-01
1.977539062500000000e-01
1.990966796875000000e-01
3.127441406250000000e-01
3.461914062500000000e-01
-2.276611328125000000e-01
-2.491455078125000000e-01
2.299804687500000000e-01
-5.212402343750000000e-02
-7.519531250000000000e-02
1.419677734375000000e-01
-1.962890625000000000e+00
7.250976562500000000e-02
-1.533203125000000000e-01
2.509765625000000000e-01
9.222412109375000000e-02
9.857177734375000000e-02
-6.689453125000000000e-02
7.464599609375000000e-02
-1.323242187500000000e-01
4.843139648437500000e-02
-2.875976562500000000e-01
-1.044311523437500000e-01
2.729492187500000000e-01
1.982421875000000000e-01
-4.943847656250000000e-02
1.912841796875000000e-01
4.316406250000000000e-01
2.219238281250000000e-01
7.606506347656250000e-03
-1.456298828125000000e-01
-1.857910156250000000e-01
1.858520507812500000e-02
1.237487792968750000e-02
3.696289062500000000e-01
1.578369140625000000e-01
1.943359375000000000e-01
3.799438476562500000e-02
-1.796875000000000000e-01
8.557128906250000000e-02
3.786621093750000000e-01
-8.743286132812500000e-03
1.900634765625000000e-01
-3.100585937500000000e-01
1.376953125000000000e-01
8.032226562500000000e-02
1.110229492187500000e-01
-2.287597656250000000e-01
3.244628906250000000e-01
2.294921875000000000e-01
-1.510620117187500000e-02
-3.886718750000000000e-01
-6.181640625000000000e-01
-2.061462402343750000e-02
-3.283691406250000000e-01
-1.159057617187500000e-01
9.747314453125000000e-02
7.763671875000000000e-02
-1.538085937500000000e-01
2.629394531250000000e-01
1.218261718750000000e-01
3.698730468750000000e-01
3.887939453125000000e-02
5.175781250000000000e-01
9.963989257812500000e-03
1.298828125000000000e-01
1.909179687500000000e-01
-3.710937500000000000e-01
-8.160400390625000000e-02
-1.005249023437500000e-01
1.669921875000000000e-01
-2.454833984375000000e-01
-6.953125000000000000e-01
7.745361328125000000e-02
5.014648437500000000e-01
1.212158203125000000e-01
-1.824951171875000000e-01
-3.496093750000000000e-01
-1.542968750000000000e-01
-2.812500000000000000e-01
1.065673828125000000e-01
6.585693359375000000e-02
1.050415039062500000e-01
5.834960937500000000e-02
-5.502319335937500000e-02
-9.564208984375000000e-02
-7.534179687500000000e-01
2.242431640625000000e-01
3.786621093750000000e-01
3.562011718750000000e-01
4.562988281250000000e-01
1.343994140625000000e-01
2.186279296875000000e-01
-5.218505859375000000e-02
-1.174316406250000000e-01
-3.298339843750000000e-01
2.008056640625000000e-02
-6.153106689453125000e-03
6.376953125000000000e-01
2.668457031250000000e-01
-3.378906250000000000e-01
-9.729003906250000000e-02
1.334228515625000000e-01
-5.679321289062500000e-02
-2.688598632812500000e-02
-5.493164062500000000e-01
3.718261718750000000e-01
-8.691406250000000000e-02
-8.367919921875000000e-02
-1.323242187500000000e-01
3.105468750000000000e-01
1.030883789062500000e-01
-2.126464843750000000e-01
-2.222900390625000000e-01
-1.401367187500000000e-01
3.857421875000000000e-01
1.024780273437500000e-01
-3.940429687500000000e-01
-5.952148437500000000e-01
4.226074218750000000e-01
-3.935546875000000000e-01
-1.860351562500000000e-01
-3.261718750000000000e-01
-2.814941406250000000e-01
2.787780761718750000e-02
-1.439208984375000000e-01
1.643066406250000000e-01
2.790527343750000000e-01
3.152465820312500000e-02
-3.894042968750000000e-01
-2.734375000000000000e-02
4.565429687500000000e-02
5.488281250000000000e-01
2.233886718750000000e-01
-1.066894531250000000e-01
1.374816894531250000e-02
4.486083984375000000e-02
-1.237792968750000000e-01
2.569580078125000000e-02
1.684570312500000000e-01
2.014160156250000000e-01
-5.727539062500000000e-01
3.259277343750000000e-01
-2.810058593750000000e-01
1.447753906250000000e-01
2.391357421875000000e-01
4.504394531250000000e-01
-5.328369140625000000e-02
2.478027343750000000e-01
-1.212768554687500000e-01
-2.912597656250000000e-01
-1.350097656250000000e-01
-4.840087890625000000e-02
2.471923828125000000e-01
-8.306884765625000000e-02
3.384399414062500000e-02
-2.199707031250000000e-01
1.643066406250000000e-01
-2.658691406250000000e-01
1.970214843750000000e-01
-5.317382812500000000e-01
-1.925048828125000000e-01
-1.058959960937500000e-01
-3.613281250000000000e-01
-9.696960449218750000e-03
-9.735107421875000000e-02
-1.216125488281250000e-02
1.970214843750000000e-01
-1.398925781250000000e-01
-6.463623046875000000e-02
3.005371093750000000e-01
-3.676757812500000000e-01
-3.706054687500000000e-01
2.910156250000000000e-01
-1.028442382812500000e-01
4.028320312500000000e-01
-2.238769531250000000e-01
-1.639404296875000000e-01
-1.262207031250000000e-01
-1.384277343750000000e-01
-2.841796875000000000e-01
1.411132812500000000e-01
-2.373046875000000000e-01
-2.810058593750000000e-01
-8.093261718750000000e-02
1.357421875000000000e-01
2.109375000000000000e-01
-2.033691406250000000e-01
1.663818359375000000e-01
2.225341796875000000e-01
-2.326660156250000000e-01
1.385498046875000000e-01
-4.785156250000000000e-02
-1.597900390625000000e-01
