-1.416015625000000000e-01
-1.630859375000000000e-01
-1.061401367187500000e-01
-5.194091796875000000e-02
5.859375000000000000e-02
1.161499023437500000e-01
-2.468261718750000000e-01
-8.828125000000000000e-01
-1.751708984375000000e-01
1.408691406250000000e-01
-1.984863281250000000e-01
-1.057128906250000000e-01
3.237304687500000000e-01
-2.503967285156250000e-02
3.332519531250000000e-01
5.743408203125000000e-02
3.293457031250000000e-01
7.983398437500000000e-02
-1.341552734375000000e-01
-3.066406250000000000e-01
2.910156250000000000e-01
5.825195312500000000e-01
-1.702880859375000000e-01
2.571105957031250000e-02
1.824951171875000000e-01
6.683349609375000000e-02
5.253906250000000000e-01
1.021118164062500000e-01
1.447753906250000000e-01
2.834472656250000000e-01
-1.135864257812500000e-01
-1.196289062500000000e-01
-1.268310546875000000e-01
7.098388671875000000e-02
1.074218750000000000e-01
-9.753417968750000000e-02
1.016998291015625000e-02
4.477539062500000000e-01
-4.202270507812500000e-02
-1.255035400390625000e-03
-2.083740234375000000e-01
-2.064208984375000000e-01
5.722656250000000000e-01
-2.408447265625000000e-01
1.518554687500000000e-01
2.639160156250000000e-01
4.462890625000000000e-01
3.132324218750000000e-01
3.454589843750000000e-01
1.005859375000000000e-01
-5.092773437500000000e-01
3.703613281250000000e-01
-1.112670898437500000e-01
-3.496093750000000000e-01
-5.670166015625000000e-02
2.631835937500000000e-01
1.152954101562500000e-01
-2.751464843750000000e-01
-4.653930664062500000e-02
2.565917968750000000e-01
1.337890625000000000e-01
-2.929687500000000000e-01
-3.310546875000000000e-01
-2.926635742187500000e-02
-3.981933593750000000e-01
-8.587646484375000000e-02
-3.476562500000000000e-01
6.494140625000000000e-02
-2.685546875000000000e-01
6.000518798828125000e-03
2.355957031250000000e-01
-3.625488281250000000e-02
3.421020507812500000e-02
5.413818359375000000e-02
-2.486572265625000000e-01
-7.849121093750000000e-02
5.502319335937500000e-02
8.264160156250000000e-02
1.452636718750000000e-01
-2.768554687500000000e-01
-4.401855468750000000e-01
-9.680175781250000000e-02
1.279296875000000000e-01
3.757324218750000000e-01
-8.062744140625000000e-02
9.069824218750000000e-02
1.233520507812500000e-01
-3.725585937500000000e-01
1.949462890625000000e-01
6.317138671875000000e-02
8.117675781250000000e-03
-8.093261718750000000e-02
-1.552734375000000000e+00
5.537109375000000000e-01
-3.054199218750000000e-01
5.886077880859375000e-03
-7.922363281250000000e-02
1.386718750000000000e-01
-4.385375976562500000e-02
2.189941406250000000e-01
6.512451171875000000e-02
9.265136718750000000e-02
4.916381835937500000e-02
1.246948242187500000e-01
-2.915039062500000000e-01
2.597656250000000000e-01
-1.808166503906250000e-02
-3.454589843750000000e-01
7.684326171875000000e-02
1.632690429687500000e-02
1.549072265625000000e-01
8.123779296875000000e-02
-1.519012451171875000e-02
-1.821289062500000000e-01
2.452392578125000000e-01
-2.056884765625000000e-01
-1.372070312500000000e-01
6.015014648437500000e-02
-4.311523437500000000e-01
6.451416015625000000e-02
2.697753906250000000e-01
-2.651367187500000000e-01
1.817626953125000000e-01
5.926513671875000000e-02
-3.244628906250000000e-01
-1.326904296875000000e-01
4.940795898437500000e-02
-1.090698242187500000e-01
2.639770507812500000e-02
4.077148437500000000e-01
1.834716796875000000e-01
-1.617431640625000000e-01
-1.925048828125000000e-01
5.765625000000000000e+00
1.682128906250000000e-01
-3.278808593750000000e-01
-7.061767578125000000e-02
-5.981445312500000000e-01
2.338867187500000000e-01
-3.615722656250000000e-01
-2.346191406250000000e-01
-1.945495605468750000e-02
-2.271728515625000000e-01
1.275634765625000000e-01
7.794189453125000000e-02
2.810058593750000000e-01
2.756347656250000000e-01
-5.197143554687500000e-02
-9.429931640625000000e-02
-2.863769531250000000e-01
2.453613281250000000e-01
-3.908691406250000000e-01
3.461914062500000000e-01
-2.897949218750000000e-01
4.721069335937500000e-02
8.616447448730468750e-04
-1.990966796875000000e-01
-1.041870117187500000e-01
1.547851562500000000e-01
2.531738281250000000e-01
1.778564453125000000e-01
1.044311523437500000e-01
-1.684570312500000000e-02
-2.138671875000000000e-01
-2.335205078125000000e-01
-3.891601562500000000e-01
2.121582031250000000e-01
3.945922851562500000e-02
3.142089843750000000e-01
3.410644531250000000e-01
4.008789062500000000e-01
3.498535156250000000e-01
3.424072265625000000e-02
2.159423828125000000e-01
-4.394531250000000000e-01
-2.609863281250000000e-01
-2.890625000000000000e-01
-2.200927734375000000e-01
1.379394531250000000e-01
-2.341308593750000000e-01
1.458740234375000000e-01
2.275390625000000000e-01
-2.127075195312500000e-02
-3.759765625000000000e-01
-2.802734375000000000e-01
-7.214355468750000000e-02
-9.086608886718750000e-03
-1.551513671875000000e-01
4.519042968750000000e-01
-6.948242187500000000e-01
-4.415893554687500000e-02
-3.344726562500000000e-01
-2.768554687500000000e-01
1.107788085937500000e-01
-1.009521484375000000e-01
1.723632812500000000e-01
-5.389404296875000000e-02
7.855224609375000000e-02
-4.882812500000000000e-02
3.020019531250000000e-01
1.798095703125000000e-01
-1.706542968750000000e-01
1.591796875000000000e-01
-2.828979492187500000e-02
-1.480712890625000000e-01
-4.323730468750000000e-01
4.487304687500000000e-01
8.355712890625000000e-02
2.905273437500000000e-01
-6.988525390625000000e-03
2.022705078125000000e-01
5.253906250000000000e-01
-2.453613281250000000e-01
-4.403686523437500000e-02
2.110595703125000000e-01
-1.361083984375000000e-01
4.277343750000000000e-01
-2.641601562500000000e-01
1.354980468750000000e-01
-2.885742187500000000e-01
1.849365234375000000e-01
-1.602172851562500000e-02
9.851074218750000000e-02
-3.603515625000000000e-01
-2.037353515625000000e-01
-1.453857421875000000e-01
-4.351806640625000000e-02
4.099121093750000000e-01
-2.364501953125000000e-01
5.490112304687500000e-02
5.102539062500000000e-01
2.597656250000000000e-01
5.068359375000000000e-01
-4.416503906250000000e-01
4.656982421875000000e-02
1.286621093750000000e-01
2.043151855468750000e-02
1.848144531250000000e-01
8.288574218750000000e-02
1.877441406250000000e-01
4.162597656250000000e-01
-5.020141601562500000e-02
1.126098632812500000e-01
2.941894531250000000e-01
-1.888427734375000000e-01
-1.623535156250000000e-01
6.817626953125000000e-02
-2.404785156250000000e-01
-6.097412109375000000e-02
2.976074218750000000e-01
-1.625976562500000000e-01
2.370605468750000000e-01
-2.434082031250000000e-01
3.515625000000000000e-01
-6.256103515625000000e-02
-6.524658203125000000e-02
1.259765625000000000e-01
-1.175537109375000000e-01
-4.199218750000000000e-02
7.094726562500000000e-01
-1.608886718750000000e-01
-1.339111328125000000e-01
1.177215576171875000e-02
-4.644775390625000000e-02
-7.263183593750000000e-02
-6.011962890625000000e-02
2.128906250000000000e-01
1.403808593750000000e-01
-5.429687500000000000e-01
-5.508422851562500000e-02
-1.300048828125000000e-01
-1.026000976562500000e-01
2.761230468750000000e-01
-5.178833007812500000e-02
-8.044433593750000000e-02
2.616882324218750000e-02
1.408691406250000000e-01
4.995727539062500000e-02
-2.875976562500000000e-01
-7.360839843750000000e-02
6.137695312500000000e-01
2.502441406250000000e-01
7.666015625000000000e-02
1.737060546875000000e-01
-1.640625000000000000e-01
-1.190795898437500000e-01
1.535644531250000000e-01
-8.264160156250000000e-02
3.198242187500000000e-01
-1.905517578125000000e-01
-5.389404296875000000e-02
-1.684570312500000000e-01
3.874511718750000000e-01
4.746093750000000000e-01
1.856689453125000000e-01
6.323242187500000000e-02
-3.544921875000000000e-01
-2.200927734375000000e-01
-1.302490234375000000e-01
-3.605957031250000000e-01
9.686279296875000000e-02
6.137084960937500000e-02
1.276855468750000000e-01
5.078125000000000000e-01
-2.829589843750000000e-01
-8.567810058593750000e-03
-3.583984375000000000e-01
-2.868652343750000000e-01
2.392578125000000000e-01
-7.067871093750000000e-02
-1.068725585937500000e-01
-5.973815917968750000e-03
5.761718750000000000e+00
-8.935546875000000000e-02
2.005615234375000000e-01
-2.319335937500000000e-01
2.739257812500000000e-01
3.475952148437500000e-02
3.237304687500000000e-01
6.585693359375000000e-02
-1.100921630859375000e-02
3.728027343750000000e-01
-1.942443847656250000e-02
2.225341796875000000e-01
-4.238281250000000000e-01
4.093170166015625000e-03
1.905517578125000000e-01
-1.948242187500000000e-01
6.414794921875000000e-02
-2.214843750000000000e+00
2.651367187500000000e-01
1.489257812500000000e-01
-3.056335449218750000e-02
1.329345703125000000e-01
1.785888671875000000e-01
-2.321777343750000000e-01
3.852539062500000000e-01
-2.061767578125000000e-01
3.312988281250000000e-01
1.205444335937500000e-01
2.569198608398437500e-03
5.657958984375000000e-02
4.876708984375000000e-02
-1.331787109375000000e-01
1.951904296875000000e-01
-5.039062500000000000e-01
2.308349609375000000e-01
6.280517578125000000e-02
2.045898437500000000e-01
2.128906250000000000e-01
2.403564453125000000e-01
-2.673339843750000000e-01
-2.551269531250000000e-01
-1.270751953125000000e-01
1.843261718750000000e-01
4.061889648437500000e-02
-2.156982421875000000e-01
-8.081054687500000000e-02
-3.415527343750000000e-01
2.055664062500000000e-01
-3.421020507812500000e-02
6.951904296875000000e-02
6.973266601562500000e-03
1.384277343750000000e-01
1.953125000000000000e-01
-4.890136718750000000e-01
-3.979492187500000000e-02
7.696533203125000000e-02
-1.135253906250000000e-01
9.753417968750000000e-02
2.255859375000000000e-01
4.833221435546875000e-03
-8.776855468750000000e-02
1.479492187500000000e-01
6.021118164062500000e-02
-1.106567382812500000e-01
-3.544921875000000000e-01
-7.171630859375000000e-02
-3.176269531250000000e-01
6.243896484375000000e-02
-4.934082031250000000e-01
-1.987304687500000000e-01
4.060058593750000000e-01
-1.704101562500000000e-01
2.248535156250000000e-01
-7.666015625000000000e-02
1.389160156250000000e-01
2.702636718750000000e-01
-1.662597656250000000e-01
-2.482910156250000000e-01
-3.227539062500000000e-01
-6.848144531250000000e-02
-6.518554687500000000e-02
-2.529296875000000000e-01
7.926940917968750000e-03
2.895507812500000000e-01
3.366699218750000000e-01
-2.489013671875000000e-01
8.074951171875000000e-02
3.752441406250000000e-01
-4.269409179687500000e-02
-4.415893554687500000e-02
9.350585937500000000e-02
-2.614746093750000000e-01
-2.937011718750000000e-01
-5.279541015625000000e-02
5.068359375000000000e-01
-1.588134765625000000e-01
8.374023437500000000e-02
-1.008911132812500000e-01
-2.873535156250000000e-01
2.381591796875000000e-01
-4.147338867187500000e-02
5.195312500000000000e-01
5.108642578125000000e-02
1.832275390625000000e-01
-5.029296875000000000e-01
-2.424316406250000000e-01
3.125000000000000000e-01
9.313964843750000000e-02
-2.012939453125000000e-01
-1.258544921875000000e-01
6.801605224609375000e-03
-4.050292968750000000e-01
5.758666992187500000e-02
5.434570312500000000e-01
-6.015625000000000000e-01
-4.128417968750000000e-01
1.087188720703125000e-02
6.304931640625000000e-02
-3.562011718750000000e-01
-5.831909179687500000e-02
-3.681182861328125000e-03
1.109619140625000000e-01
5.112304687500000000e-01
-1.461181640625000000e-01
-4.675292968750000000e-02
-4.699707031250000000e-02
-1.828613281250000000e-01
7.263183593750000000e-02
-4.108886718750000000e-01
1.111450195312500000e-01
1.309814453125000000e-01
-2.968750000000000000e-01
5.474853515625000000e-02
3.372192382812500000e-02
-9.600830078125000000e-02
-4.099121093750000000e-01
4.355468750000000000e-01
-1.606445312500000000e-01
-9.271240234375000000e-02
5.141601562500000000e-01
-2.182617187500000000e-01
-1.223754882812500000e-01
2.595214843750000000e-01
4.533691406250000000e-01
1.474609375000000000e-01
-2.095947265625000000e-01
1.033020019531250000e-02
-5.566406250000000000e-01
-8.392333984375000000e-02
1.947021484375000000e-01
1.402587890625000000e-01
5.856323242187500000e-02
7.049560546875000000e-02
7.989501953125000000e-02
4.775390625000000000e-01
-9.252929687500000000e-02
-1.387939453125000000e-01
9.466552734375000000e-02
-1.870117187500000000e-01
-1.552734375000000000e-01
7.049560546875000000e-02
-2.910156250000000000e-01
1.925048828125000000e-01
3.994140625000000000e-01
-3.273925781250000000e-01
3.444824218750000000e-01
3.872070312500000000e-01
3.437500000000000000e-01
-5.435180664062500000e-02
-4.899902343750000000e-01
2.048339843750000000e-01
4.913330078125000000e-02
2.056884765625000000e-01
-5.749511718750000000e-02
-2.932128906250000000e-01
1.379394531250000000e-01
1.127929687500000000e-01
-2.609863281250000000e-01
-2.238769531250000000e-01
1.386718750000000000e-01
1.586914062500000000e-01
7.709960937500000000e-01
4.094238281250000000e-01
-2.822265625000000000e-01
1.901245117187500000e-02
2.137451171875000000e-01
-1.685791015625000000e-01
-3.688964843750000000e-01
-3.593750000000000000e-01
2.990722656250000000e-02
1.921386718750000000e-01
-1.815795898437500000e-02
-3.387451171875000000e-02
-1.090087890625000000e-01
4.042968750000000000e-01
-2.768554687500000000e-01
-3.796386718750000000e-01
-1.953125000000000000e-01
-4.250488281250000000e-01
2.785644531250000000e-01
