-9.594726562500000000e-02
-4.660644531250000000e-01
1.834716796875000000e-01
-1.794433593750000000e-01
1.251220703125000000e-01
-3.110885620117187500e-03
-1.122436523437500000e-01
-8.208007812500000000e-01
-1.917724609375000000e-01
1.149902343750000000e-01
-2.242431640625000000e-01
3.503417968750000000e-01
-1.148071289062500000e-01
-3.264160156250000000e-01
5.276489257812500000e-02
1.391601562500000000e-01
1.422119140625000000e-02
1.347351074218750000e-02
-2.354736328125000000e-01
-1.461181640625000000e-01
1.525878906250000000e-01
2.227783203125000000e-01
-1.715087890625000000e-01
2.489013671875000000e-01
-2.603149414062500000e-02
-1.030273437500000000e-01
-2.349853515625000000e-01
-1.276855468750000000e-01
3.303222656250000000e-01
-2.452392578125000000e-01
-2.888183593750000000e-01
-2.958984375000000000e-01
-3.005371093750000000e-01
-4.396972656250000000e-01
-6.738281250000000000e-02
-3.466796875000000000e-02
-7.897949218750000000e-02
2.536621093750000000e-01
-3.105468750000000000e-01
-1.907958984375000000e-01
2.244873046875000000e-01
2.617187500000000000e-01
-7.250976562500000000e-02
-1.289062500000000000e-01
-5.603027343750000000e-02
1.796875000000000000e-01
-1.607666015625000000e-01
-2.096557617187500000e-02
2.888183593750000000e-01
-2.609863281250000000e-01
2.995300292968750000e-02
1.282958984375000000e-01
2.482910156250000000e-01
1.989746093750000000e-01
7.635498046875000000e-02
-3.205566406250000000e-01
7.061767578125000000e-02
1.531982421875000000e-01
-5.346679687500000000e-01
6.289062500000000000e-01
3.444824218750000000e-01
-1.613769531250000000e-01
-5.395507812500000000e-02
-4.218750000000000000e-01
-1.498413085937500000e-02
-4.350585937500000000e-01
2.337646484375000000e-01
4.245605468750000000e-01
-4.880371093750000000e-01
-2.158203125000000000e-01
2.325439453125000000e-01
-1.304931640625000000e-01
-4.685058593750000000e-01
5.678710937500000000e-01
-3.107910156250000000e-01
2.182617187500000000e-01
-1.552734375000000000e-01
2.663574218750000000e-01
1.805419921875000000e-01
-1.492919921875000000e-01
2.449035644531250000e-02
1.363525390625000000e-01
-2.019042968750000000e-01
3.540039062500000000e-01
-3.234863281250000000e-01
8.404541015625000000e-02
-1.434326171875000000e-01
-1.406250000000000000e-01
-2.573242187500000000e-01
-7.910156250000000000e-02
1.917724609375000000e-01
-1.669921875000000000e-01
-1.394531250000000000e+00
5.869140625000000000e-01
2.580261230468750000e-02
-4.095458984375000000e-02
-4.692382812500000000e-01
1.171875000000000000e-01
-2.639160156250000000e-01
-2.509765625000000000e-01
3.947753906250000000e-01
7.946777343750000000e-02
5.185546875000000000e-01
1.358642578125000000e-01
-1.623535156250000000e-01
-3.481445312500000000e-01
1.452636718750000000e-01
-4.602050781250000000e-01
1.045227050781250000e-02
-1.134490966796875000e-02
-1.654052734375000000e-01
1.077880859375000000e-01
1.293945312500000000e-01
-2.839355468750000000e-01
3.503417968750000000e-01
-2.211914062500000000e-01
3.366699218750000000e-01
8.288574218750000000e-02
-2.958984375000000000e-01
-1.912841796875000000e-01
-1.971435546875000000e-01
1.875000000000000000e-01
4.663085937500000000e-02
-5.535888671875000000e-02
-8.093261718750000000e-02
-1.689453125000000000e-01
1.545410156250000000e-01
1.940917968750000000e-01
-2.783203125000000000e-01
3.386230468750000000e-01
4.086914062500000000e-01
-1.267089843750000000e-01
7.574462890625000000e-02
4.429687500000000000e+00
-1.218261718750000000e-01
-2.424316406250000000e-01
-1.328125000000000000e-01
-6.528320312500000000e-01
3.588867187500000000e-02
4.080200195312500000e-02
8.935546875000000000e-02
-3.741455078125000000e-02
1.124877929687500000e-01
6.567382812500000000e-01
-1.060791015625000000e-01
-3.015518188476562500e-03
4.409790039062500000e-02
-9.307861328125000000e-02
-2.204589843750000000e-01
2.890014648437500000e-02
-1.004028320312500000e-01
2.092285156250000000e-01
7.543945312500000000e-02
-3.555297851562500000e-02
2.810058593750000000e-01
-2.388916015625000000e-01
-4.223632812500000000e-02
3.947753906250000000e-01
-6.665039062500000000e-02
-1.663818359375000000e-01
-3.662109375000000000e-01
-5.927734375000000000e-01
1.916503906250000000e-01
4.287109375000000000e-01
-4.196777343750000000e-01
-1.549072265625000000e-01
-1.600341796875000000e-01
-1.030883789062500000e-01
-1.379394531250000000e-01
2.856445312500000000e-01
3.054809570312500000e-02
8.526611328125000000e-02
-1.424560546875000000e-01
-1.510009765625000000e-01
4.064941406250000000e-02
2.531051635742187500e-03
-3.498535156250000000e-01
1.798095703125000000e-01
8.300781250000000000e-02
-2.900390625000000000e-01
-2.622604370117187500e-03
-2.524414062500000000e-01
-3.129882812500000000e-01
-2.907714843750000000e-01
-7.098388671875000000e-02
-7.163085937500000000e-01
2.915039062500000000e-01
5.532836914062500000e-02
2.971191406250000000e-01
-2.092285156250000000e-01
2.844238281250000000e-01
-3.920898437500000000e-01
1.702880859375000000e-01
1.418304443359375000e-02
-4.785156250000000000e-02
3.308105468750000000e-01
-2.269287109375000000e-01
3.225097656250000000e-01
3.557128906250000000e-01
-1.412353515625000000e-01
-2.968750000000000000e-01
-2.792968750000000000e-01
-1.105346679687500000e-01
-1.721191406250000000e-01
-1.402587890625000000e-01
6.683349609375000000e-03
6.359863281250000000e-02
1.090698242187500000e-01
1.673698425292968750e-03
-2.432861328125000000e-01
1.837158203125000000e-01
3.571777343750000000e-01
-1.192016601562500000e-01
-3.703613281250000000e-01
2.145996093750000000e-01
5.444335937500000000e-02
2.380371093750000000e-01
9.216308593750000000e-02
9.338378906250000000e-02
2.993164062500000000e-01
1.381835937500000000e-01
-2.049560546875000000e-01
-5.212402343750000000e-02
-2.402343750000000000e-01
-7.281303405761718750e-04
3.713989257812500000e-02
1.308593750000000000e-01
-2.665710449218750000e-02
1.716308593750000000e-01
-1.867675781250000000e-02
2.032470703125000000e-01
-1.198120117187500000e-01
7.531738281250000000e-02
-7.812500000000000000e-02
-4.638671875000000000e-03
-8.142089843750000000e-02
1.207885742187500000e-01
1.667480468750000000e-01
7.550048828125000000e-02
6.469726562500000000e-02
-6.353759765625000000e-02
5.288085937500000000e-01
1.065063476562500000e-01
3.310546875000000000e-01
-2.471923828125000000e-01
-3.718261718750000000e-01
9.710693359375000000e-02
2.805175781250000000e-01
1.552734375000000000e-01
-5.587768554687500000e-02
-6.958007812500000000e-02
7.727050781250000000e-02
-2.712402343750000000e-01
1.885986328125000000e-02
-1.379394531250000000e-01
-2.990722656250000000e-01
4.150390625000000000e-02
-9.841918945312500000e-03
1.613769531250000000e-01
2.457275390625000000e-01
4.062500000000000000e-01
-2.947998046875000000e-02
-1.527099609375000000e-01
6.909179687500000000e-02
2.360839843750000000e-01
-2.098388671875000000e-01
-1.076049804687500000e-01
-6.640625000000000000e-02
-8.966064453125000000e-02
7.250976562500000000e-02
-2.344970703125000000e-01
-2.675781250000000000e-01
1.333007812500000000e-01
1.734619140625000000e-01
-3.759765625000000000e-01
-4.614257812500000000e-01
3.061523437500000000e-01
-2.590332031250000000e-01
-1.497802734375000000e-01
5.560302734375000000e-02
8.630371093750000000e-02
4.099121093750000000e-01
1.077270507812500000e-01
-4.692382812500000000e-01
-1.356201171875000000e-01
-6.799316406250000000e-02
2.783203125000000000e-01
1.579284667968750000e-02
-2.481689453125000000e-01
-1.614990234375000000e-01
-2.196044921875000000e-01
-3.884277343750000000e-01
-4.067382812500000000e-01
6.098632812500000000e-01
2.465820312500000000e-01
3.894042968750000000e-02
2.061843872070312500e-03
-2.573242187500000000e-01
2.683105468750000000e-01
2.009277343750000000e-01
-2.060546875000000000e-01
-7.006835937500000000e-02
-8.392333984375000000e-02
3.781127929687500000e-02
-2.694702148437500000e-02
-1.067504882812500000e-01
4.306640625000000000e-01
1.346435546875000000e-01
3.874511718750000000e-01
-1.283264160156250000e-02
-1.918029785156250000e-02
3.876953125000000000e-01
4.429687500000000000e+00
-1.914978027343750000e-02
1.867675781250000000e-02
2.255859375000000000e-01
2.010498046875000000e-01
-4.013671875000000000e-01
1.427001953125000000e-01
-4.879760742187500000e-02
3.713378906250000000e-01
2.636718750000000000e-01
-9.277343750000000000e-02
-6.988525390625000000e-02
3.916015625000000000e-01
4.033203125000000000e-01
-1.152343750000000000e-01
2.031250000000000000e-01
-4.577636718750000000e-02
-1.931640625000000000e+00
5.200195312500000000e-02
1.437377929687500000e-02
-6.445312500000000000e-02
-1.196899414062500000e-01
1.204833984375000000e-01
5.560302734375000000e-02
-3.308105468750000000e-02
3.493652343750000000e-01
-2.198486328125000000e-01
-5.332031250000000000e-01
7.153320312500000000e-02
-2.366943359375000000e-01
2.666015625000000000e-01
-1.995849609375000000e-02
2.473144531250000000e-01
1.019287109375000000e-01
2.558593750000000000e-01
-6.042480468750000000e-02
-7.110595703125000000e-02
1.643066406250000000e-01
2.000732421875000000e-01
-7.366943359375000000e-02
2.824707031250000000e-01
1.211547851562500000e-01
1.132202148437500000e-01
1.323242187500000000e-01
5.913085937500000000e-01
-2.901077270507812500e-03
3.154296875000000000e-01
4.867553710937500000e-02
1.463623046875000000e-01
1.408691406250000000e-01
-2.531738281250000000e-01
1.564941406250000000e-01
-2.076721191406250000e-02
2.238769531250000000e-01
-1.440429687500000000e-01
9.674072265625000000e-02
-3.759765625000000000e-02
1.806640625000000000e-01
-4.794921875000000000e-01
4.257812500000000000e-01
-5.053710937500000000e-02
2.027893066406250000e-02
-2.836608886718750000e-02
-3.129882812500000000e-01
-4.617309570312500000e-02
-4.699707031250000000e-02
-1.137084960937500000e-01
5.050659179687500000e-02
1.267089843750000000e-01
-1.750488281250000000e-01
-4.211425781250000000e-01
-3.815917968750000000e-01
3.146972656250000000e-01
-1.249389648437500000e-01
-4.140625000000000000e-01
1.530761718750000000e-01
-8.947753906250000000e-02
-3.247070312500000000e-01
-5.590820312500000000e-01
6.787109375000000000e-02
-1.387939453125000000e-01
-1.624755859375000000e-01
-3.059387207031250000e-03
-1.278076171875000000e-01
1.187133789062500000e-02
-3.916015625000000000e-01
-3.179550170898437500e-03
4.318237304687500000e-02
-2.110595703125000000e-01
-5.468750000000000000e-01
-6.923675537109375000e-03
8.038330078125000000e-02
-4.550781250000000000e-01
-1.552734375000000000e-01
1.789093017578125000e-03
-3.737792968750000000e-01
2.083740234375000000e-01
-1.711425781250000000e-01
1.790771484375000000e-01
2.473449707031250000e-02
-1.188964843750000000e-01
-1.334228515625000000e-01
2.310791015625000000e-01
-2.313232421875000000e-01
-1.999511718750000000e-01
1.505126953125000000e-01
-1.955566406250000000e-01
2.144775390625000000e-01
4.795074462890625000e-03
-8.422851562500000000e-02
3.813476562500000000e-01
-5.014648437500000000e-01
3.061523437500000000e-01
-2.617187500000000000e-01
-4.248046875000000000e-01
-5.595703125000000000e-01
2.349853515625000000e-01
3.139648437500000000e-01
3.439941406250000000e-01
-6.240234375000000000e-01
-3.460693359375000000e-02
1.569824218750000000e-01
4.689941406250000000e-01
-2.525329589843750000e-02
-2.885742187500000000e-01
3.015136718750000000e-01
-4.265136718750000000e-01
7.879638671875000000e-02
-1.212768554687500000e-01
-4.174804687500000000e-01
-1.828613281250000000e-01
-2.829589843750000000e-01
2.702636718750000000e-01
2.110595703125000000e-01
-1.788330078125000000e-01
4.211425781250000000e-01
2.286376953125000000e-01
1.975097656250000000e-01
-6.481933593750000000e-02
4.211425781250000000e-03
3.506469726562500000e-02
1.663818359375000000e-01
-3.850097656250000000e-01
4.135742187500000000e-01
-1.374816894531250000e-02
7.763671875000000000e-02
5.644531250000000000e-01
-2.587890625000000000e-01
4.901123046875000000e-02
4.147338867187500000e-02
2.088623046875000000e-01
2.600097656250000000e-01
4.843750000000000000e-01
-1.800537109375000000e-02
-1.106567382812500000e-01
2.956542968750000000e-01
-1.569824218750000000e-01
-3.889160156250000000e-01
1.396484375000000000e-01
-1.055297851562500000e-01
-1.513671875000000000e-01
4.812622070312500000e-02
6.579589843750000000e-02
-1.098022460937500000e-01
-1.497802734375000000e-01
2.778320312500000000e-01
-2.079010009765625000e-03
2.597656250000000000e-01
3.200683593750000000e-01
-5.922851562500000000e-01
-4.394531250000000000e-02
-3.686523437500000000e-01
-1.278076171875000000e-01
3.547363281250000000e-01
5.905151367187500000e-02
-4.284667968750000000e-02
4.372558593750000000e-01
-4.201660156250000000e-01
-6.318359375000000000e-01
7.607421875000000000e-01
2.543945312500000000e-01
5.209960937500000000e-01
-1.021118164062500000e-01
-5.836486816406250000e-03
4.802246093750000000e-01
4.870605468750000000e-01
-5.571289062500000000e-01
-2.102050781250000000e-01
-1.547851562500000000e-01
1.102294921875000000e-01
3.581542968750000000e-01
1.217651367187500000e-01
-3.200683593750000000e-01
-3.974609375000000000e-01
2.029418945312500000e-02
2.241210937500000000e-01
-6.181640625000000000e-01
7.861328125000000000e-02
2.053222656250000000e-01
-4.223632812500000000e-01
