2.656250000000000000e-01
-3.178710937500000000e-01
-3.625488281250000000e-01
2.900390625000000000e-01
-1.826286315917968750e-03
3.068847656250000000e-01
-4.470214843750000000e-01
-1.055664062500000000e+00
-3.564453125000000000e-01
2.318115234375000000e-01
-1.934814453125000000e-01
-2.109375000000000000e-01
-6.088256835937500000e-02
1.302490234375000000e-01
2.093505859375000000e-01
-3.046875000000000000e-01
9.600830078125000000e-02
1.987304687500000000e-01
7.879638671875000000e-02
1.323242187500000000e-01
6.606445312500000000e-01
3.120117187500000000e-01
8.172607421875000000e-02
1.174926757812500000e-01
-3.264160156250000000e-01
2.543640136718750000e-02
-1.564941406250000000e-01
3.127441406250000000e-01
-9.039306640625000000e-02
1.009521484375000000e-01
3.618164062500000000e-01
-1.019287109375000000e-01
-2.407226562500000000e-01
3.774414062500000000e-01
1.060791015625000000e-01
2.565002441406250000e-02
-3.024902343750000000e-01
3.078613281250000000e-01
-1.719970703125000000e-01
1.141357421875000000e-01
-3.860473632812500000e-02
-1.607666015625000000e-01
-3.710937500000000000e-01
-8.544921875000000000e-03
-5.520629882812500000e-02
2.548828125000000000e-01
-1.000366210937500000e-01
-1.551513671875000000e-01
1.190795898437500000e-01
1.823730468750000000e-01
8.038330078125000000e-02
-3.798828125000000000e-01
1.289062500000000000e-01
-4.069824218750000000e-01
-4.096679687500000000e-01
-1.580810546875000000e-01
7.116699218750000000e-02
-1.271972656250000000e-01
-1.556396484375000000e-01
2.697753906250000000e-01
2.368164062500000000e-01
-1.800537109375000000e-01
-2.344970703125000000e-01
-3.848266601562500000e-02
-1.920166015625000000e-01
2.604980468750000000e-01
-3.427734375000000000e-01
1.644287109375000000e-01
-2.217102050781250000e-02
-1.618652343750000000e-01
-2.761230468750000000e-01
-4.008789062500000000e-01
3.850097656250000000e-01
3.564453125000000000e-01
-6.903076171875000000e-02
-2.937011718750000000e-01
-2.249755859375000000e-01
-6.579589843750000000e-02
2.459716796875000000e-02
-1.170654296875000000e-01
-6.842041015625000000e-02
2.371826171875000000e-01
-6.390380859375000000e-02
5.595703125000000000e-01
-1.713867187500000000e-01
-1.200561523437500000e-01
1.322021484375000000e-01
4.763183593750000000e-01
3.303222656250000000e-01
1.362304687500000000e-01
7.727050781250000000e-02
5.043945312500000000e-01
-1.369140625000000000e+00
6.503906250000000000e-01
-2.038574218750000000e-01
3.420410156250000000e-01
1.571044921875000000e-01
-2.707519531250000000e-01
6.689453125000000000e-02
-2.999877929687500000e-02
-1.578369140625000000e-01
3.325195312500000000e-01
1.545410156250000000e-01
-7.061767578125000000e-02
-1.899414062500000000e-01
-1.920166015625000000e-01
2.573242187500000000e-01
6.878662109375000000e-02
5.151367187500000000e-02
8.642578125000000000e-02
-8.453369140625000000e-02
7.629394531250000000e-02
2.676391601562500000e-02
2.481689453125000000e-01
1.052246093750000000e-01
-3.439941406250000000e-01
-2.788085937500000000e-01
-2.224731445312500000e-02
6.103515625000000000e-02
5.377197265625000000e-02
9.747314453125000000e-02
-6.791992187500000000e-01
4.705810546875000000e-02
-1.488037109375000000e-01
2.016601562500000000e-01
-1.843261718750000000e-01
1.647949218750000000e-01
-3.530883789062500000e-02
2.631835937500000000e-01
1.561279296875000000e-01
3.518676757812500000e-02
4.187011718750000000e-01
-8.781433105468750000e-03
4.855468750000000000e+00
-1.314544677734375000e-02
-8.917236328125000000e-02
-1.300048828125000000e-01
-1.400146484375000000e-01
-3.430175781250000000e-01
-3.923339843750000000e-01
-1.589355468750000000e-01
-1.333007812500000000e-01
-3.811035156250000000e-01
-1.131591796875000000e-01
-3.256835937500000000e-01
5.810546875000000000e-01
-1.016235351562500000e-01
9.027099609375000000e-02
2.419433593750000000e-01
-1.328125000000000000e-01
1.141967773437500000e-01
-5.288085937500000000e-01
-1.152343750000000000e-01
-1.705932617187500000e-02
3.912353515625000000e-02
-6.427001953125000000e-02
2.563476562500000000e-01
-3.344726562500000000e-02
-2.756347656250000000e-01
1.650390625000000000e-01
-1.739501953125000000e-01
-2.929687500000000000e-02
4.520416259765625000e-03
1.166992187500000000e-01
2.362060546875000000e-01
3.112792968750000000e-02
1.494140625000000000e-01
-5.136718750000000000e-01
-1.330566406250000000e-01
1.240844726562500000e-01
3.945312500000000000e-01
-3.036499023437500000e-02
1.205444335937500000e-01
-7.678222656250000000e-02
-3.688964843750000000e-01
3.425292968750000000e-01
-2.639160156250000000e-01
1.352539062500000000e-01
-3.930664062500000000e-02
-2.866210937500000000e-01
-7.366943359375000000e-02
-7.135009765625000000e-02
3.837890625000000000e-01
3.952636718750000000e-01
2.252197265625000000e-02
-3.041992187500000000e-01
1.373291015625000000e-01
1.545410156250000000e-01
-1.518554687500000000e-01
1.062622070312500000e-01
-2.027587890625000000e-01
9.991455078125000000e-02
-1.013183593750000000e-01
3.957519531250000000e-01
-2.895507812500000000e-01
1.932373046875000000e-01
4.116210937500000000e-01
4.033203125000000000e-01
1.005554199218750000e-02
-1.855468750000000000e-01
-3.338623046875000000e-02
-1.572265625000000000e-01
-2.568359375000000000e-01
1.083984375000000000e-01
-1.643066406250000000e-01
-3.120117187500000000e-01
-5.088806152343750000e-03
-1.848144531250000000e-01
-1.813964843750000000e-01
-2.191162109375000000e-01
-3.735351562500000000e-02
4.104003906250000000e-01
1.804199218750000000e-01
-3.195190429687500000e-02
-2.949218750000000000e-01
1.154785156250000000e-01
-1.195678710937500000e-01
-2.174377441406250000e-02
9.356689453125000000e-02
-4.360351562500000000e-01
-2.545166015625000000e-02
9.960937500000000000e-02
-1.757812500000000000e-01
-1.590576171875000000e-01
1.046142578125000000e-01
-6.500244140625000000e-02
-1.811523437500000000e-01
4.089355468750000000e-02
3.182983398437500000e-02
-1.234741210937500000e-01
4.914550781250000000e-01
1.475830078125000000e-01
2.409667968750000000e-01
1.651611328125000000e-01
-6.860351562500000000e-02
9.185791015625000000e-02
1.928710937500000000e-01
-5.117187500000000000e-01
-4.990234375000000000e-01
2.812500000000000000e-01
1.212768554687500000e-01
-1.702880859375000000e-02
-3.950195312500000000e-01
-2.668457031250000000e-01
3.168945312500000000e-01
-8.837890625000000000e-02
-5.175781250000000000e-01
-3.256835937500000000e-01
-2.770996093750000000e-02
-8.551025390625000000e-02
-1.876220703125000000e-01
5.278320312500000000e-01
-2.619628906250000000e-01
7.421875000000000000e-01
-4.121093750000000000e-01
1.339111328125000000e-01
1.017451286315917969e-04
-3.757324218750000000e-01
9.631347656250000000e-02
2.956542968750000000e-01
5.450439453125000000e-02
-1.096191406250000000e-01
-7.305908203125000000e-02
-3.057861328125000000e-02
-8.416748046875000000e-02
3.259277343750000000e-02
3.601074218750000000e-01
-3.815917968750000000e-01
-2.905273437500000000e-01
-1.647949218750000000e-01
-3.994140625000000000e-01
-2.656250000000000000e-01
7.952880859375000000e-02
7.885742187500000000e-02
-2.885742187500000000e-01
5.358886718750000000e-02
3.054199218750000000e-01
-4.531250000000000000e-01
2.128906250000000000e-01
1.427001953125000000e-01
1.113891601562500000e-01
3.805541992187500000e-02
1.962890625000000000e-01
4.556274414062500000e-02
-1.896972656250000000e-01
3.295898437500000000e-01
2.327880859375000000e-01
1.595458984375000000e-01
2.119445800781250000e-02
-9.863281250000000000e-02
-1.447753906250000000e-01
-2.661132812500000000e-02
2.014160156250000000e-01
1.140747070312500000e-01
-4.190063476562500000e-02
1.080932617187500000e-01
-2.447509765625000000e-01
4.986572265625000000e-02
5.197143554687500000e-02
-4.465332031250000000e-01
-4.568481445312500000e-02
-9.020996093750000000e-02
1.113281250000000000e-01
1.762695312500000000e-01
1.392822265625000000e-01
1.301269531250000000e-01
-2.629394531250000000e-01
-5.276489257812500000e-02
1.610107421875000000e-01
7.049560546875000000e-02
5.893554687500000000e-01
-1.883544921875000000e-01
4.851562500000000000e+00
4.516601562500000000e-01
1.610107421875000000e-01
7.843017578125000000e-02
3.444824218750000000e-01
2.951622009277343750e-04
1.058959960937500000e-01
-5.020141601562500000e-02
5.004882812500000000e-01
3.339843750000000000e-01
4.548339843750000000e-01
2.287597656250000000e-01
2.770996093750000000e-01
1.588134765625000000e-01
2.935791015625000000e-02
-1.846923828125000000e-01
9.692382812500000000e-02
-1.637695312500000000e+00
1.990966796875000000e-01
8.233642578125000000e-02
1.964111328125000000e-01
4.172363281250000000e-01
-4.431152343750000000e-01
-1.313476562500000000e-01
-1.412353515625000000e-01
1.763916015625000000e-01
-5.960083007812500000e-02
-3.725585937500000000e-01
-1.795654296875000000e-01
1.296386718750000000e-01
1.375732421875000000e-01
-2.447509765625000000e-01
1.827392578125000000e-01
-1.199951171875000000e-01
4.023437500000000000e-01
3.588867187500000000e-01
-5.078125000000000000e-01
1.086235046386718750e-03
-3.652954101562500000e-02
6.085205078125000000e-02
8.386230468750000000e-02
-2.293701171875000000e-01
4.609375000000000000e-01
-6.805419921875000000e-02
2.785644531250000000e-01
2.727050781250000000e-01
6.440429687500000000e-01
1.488037109375000000e-01
3.442382812500000000e-01
5.072021484375000000e-02
-3.820800781250000000e-01
6.359863281250000000e-02
1.784667968750000000e-01
-3.811035156250000000e-01
-3.683471679687500000e-02
-1.583251953125000000e-01
4.252929687500000000e-01
2.524414062500000000e-01
2.529296875000000000e-01
-1.977539062500000000e-01
-2.203369140625000000e-01
-9.405517578125000000e-02
-2.033691406250000000e-01
1.060180664062500000e-01
-1.984863281250000000e-01
1.540527343750000000e-01
1.485443115234375000e-02
-3.330078125000000000e-01
-2.775573730468750000e-02
-1.800537109375000000e-01
2.410888671875000000e-01
1.903076171875000000e-01
5.130004882812500000e-02
-1.119384765625000000e-01
-2.177429199218750000e-02
2.807617187500000000e-01
-1.591796875000000000e-01
-7.897949218750000000e-02
-4.367675781250000000e-01
-2.149658203125000000e-01
-9.631347656250000000e-02
1.384277343750000000e-01
5.648803710937500000e-02
-2.102661132812500000e-02
2.038574218750000000e-01
-1.940917968750000000e-01
-8.514404296875000000e-02
5.917968750000000000e-01
-2.250976562500000000e-01
4.125976562500000000e-01
3.312988281250000000e-01
5.441284179687500000e-02
-4.255371093750000000e-01
-1.213989257812500000e-01
1.172485351562500000e-01
-4.135742187500000000e-01
3.750000000000000000e-01
-4.992675781250000000e-01
2.773437500000000000e-01
1.893310546875000000e-01
-1.517486572265625000e-02
2.854003906250000000e-01
4.023437500000000000e-01
5.972290039062500000e-02
-3.643035888671875000e-03
2.113037109375000000e-01
1.309814453125000000e-01
-2.338867187500000000e-01
3.466796875000000000e-01
1.188964843750000000e-01
-2.761230468750000000e-01
-4.243164062500000000e-01
4.008789062500000000e-01
2.254638671875000000e-01
-8.752441406250000000e-02
-3.840332031250000000e-01
1.868896484375000000e-01
9.552001953125000000e-02
-2.236328125000000000e-01
-9.521484375000000000e-02
1.986083984375000000e-01
-7.257080078125000000e-02
2.600097656250000000e-01
-2.812500000000000000e-01
6.408691406250000000e-02
1.368408203125000000e-01
-5.761718750000000000e-01
2.059326171875000000e-01
1.669921875000000000e-01
1.163330078125000000e-01
3.066406250000000000e-01
2.534484863281250000e-02
2.531738281250000000e-01
5.263671875000000000e-01
5.053710937500000000e-01
-1.535644531250000000e-01
3.952636718750000000e-01
1.146697998046875000e-02
-9.747314453125000000e-02
3.647460937500000000e-01
-3.034667968750000000e-01
2.553939819335937500e-03
5.801391601562500000e-02
9.112548828125000000e-02
1.689453125000000000e-01
-1.519775390625000000e-01
5.273437500000000000e-01
1.724243164062500000e-02
1.501464843750000000e-01
1.401367187500000000e-01
-2.263183593750000000e-01
3.979492187500000000e-01
2.192382812500000000e-01
2.102661132812500000e-02
-2.042236328125000000e-01
-4.873657226562500000e-02
-1.639404296875000000e-01
-5.888671875000000000e-01
1.527099609375000000e-01
8.911132812500000000e-03
2.580566406250000000e-01
-4.548339843750000000e-01
2.626953125000000000e-01
-9.265136718750000000e-02
-2.084960937500000000e-01
2.565917968750000000e-01
-1.890869140625000000e-01
9.771728515625000000e-02
-1.873779296875000000e-01
-3.090820312500000000e-01
-6.134033203125000000e-02
1.623535156250000000e-01
-8.605957031250000000e-02
-4.135742187500000000e-01
-2.778320312500000000e-01
1.499023437500000000e-01
-6.757812500000000000e-01
-2.658691406250000000e-01
1.763916015625000000e-01
1.536865234375000000e-01
1.721191406250000000e-01
5.024414062500000000e-01
-3.335571289062500000e-02
7.696533203125000000e-02
3.400878906250000000e-01
1.691894531250000000e-01
-7.977294921875000000e-02
-3.266601562500000000e-01
2.413330078125000000e-01
2.004394531250000000e-01
3.632812500000000000e-01
1.606445312500000000e-01
-3.620605468750000000e-01
-1.971435546875000000e-01
2.360839843750000000e-01
1.752929687500000000e-01
1.057128906250000000e-01
9.704589843750000000e-02
-2.670898437500000000e-01
-3.566894531250000000e-01
