-6.234741210937500000e-02
5.615234375000000000e-02
-3.408203125000000000e-01
-9.783935546875000000e-02
-6.210327148437500000e-02
-1.055908203125000000e-01
-4.742431640625000000e-02
-1.256835937500000000e+00
-4.367675781250000000e-01
2.731933593750000000e-01
-2.832031250000000000e-01
-2.612304687500000000e-01
4.506835937500000000e-01
2.031250000000000000e-01
1.418457031250000000e-01
-4.266357421875000000e-02
-1.375732421875000000e-01
-4.504394531250000000e-02
2.346191406250000000e-01
-1.531982421875000000e-01
1.925048828125000000e-01
2.423095703125000000e-02
-3.388671875000000000e-01
-7.104492187500000000e-02
-6.958007812500000000e-02
-8.764648437500000000e-02
2.895507812500000000e-01
-3.120117187500000000e-01
2.293701171875000000e-01
3.720703125000000000e-01
-4.965209960937500000e-02
1.356201171875000000e-01
2.934570312500000000e-01
1.209259033203125000e-02
-1.095581054687500000e-01
2.252197265625000000e-01
1.295166015625000000e-01
2.318115234375000000e-01
-5.283203125000000000e-01
2.148437500000000000e-01
1.533203125000000000e-01
1.541748046875000000e-01
3.554687500000000000e-01
-3.959960937500000000e-01
-1.745605468750000000e-01
2.998046875000000000e-01
2.067871093750000000e-01
-8.068847656250000000e-02
3.454589843750000000e-01
2.037048339843750000e-02
3.637695312500000000e-02
-6.706237792968750000e-03
2.343750000000000000e-01
-2.373046875000000000e-01
1.467285156250000000e-01
3.886718750000000000e-01
8.050537109375000000e-02
7.236480712890625000e-03
5.233764648437500000e-02
7.720947265625000000e-02
4.738769531250000000e-01
-4.885253906250000000e-01
-4.830932617187500000e-02
-1.838378906250000000e-01
-2.214355468750000000e-01
-2.029418945312500000e-02
-3.967285156250000000e-02
3.701782226562500000e-02
-9.368896484375000000e-02
-7.324218750000000000e-02
1.044921875000000000e-01
-1.269531250000000000e-01
1.423339843750000000e-01
7.342529296875000000e-02
-3.906250000000000000e-02
-3.107910156250000000e-01
3.622436523437500000e-02
-2.437744140625000000e-01
3.588867187500000000e-02
-4.235839843750000000e-01
-9.210205078125000000e-02
-5.313110351562500000e-02
3.188476562500000000e-01
1.212158203125000000e-01
1.036376953125000000e-01
-2.030029296875000000e-01
-8.338928222656250000e-03
-2.043457031250000000e-01
-7.402343750000000000e-01
2.536621093750000000e-01
-1.673583984375000000e-01
1.696777343750000000e-01
-1.470703125000000000e+00
1.969909667968750000e-02
-8.445739746093750000e-03
2.349853515625000000e-01
-2.345275878906250000e-02
5.361328125000000000e-01
3.112792968750000000e-02
1.746826171875000000e-01
9.631347656250000000e-02
-4.545898437500000000e-01
-9.735107421875000000e-02
-4.556274414062500000e-02
1.151123046875000000e-01
3.447265625000000000e-01
1.345214843750000000e-01
-9.338378906250000000e-03
6.412506103515625000e-03
-3.410644531250000000e-01
-3.559570312500000000e-01
1.544189453125000000e-01
-2.534179687500000000e-01
1.398925781250000000e-01
4.244995117187500000e-02
-8.886718750000000000e-02
5.477905273437500000e-02
-4.315185546875000000e-02
3.728027343750000000e-01
3.315429687500000000e-01
-2.866210937500000000e-01
-2.856445312500000000e-01
-3.288574218750000000e-01
2.917480468750000000e-01
-3.193359375000000000e-01
2.492675781250000000e-01
1.348876953125000000e-01
4.807128906250000000e-01
-1.441650390625000000e-01
-2.250976562500000000e-01
-4.852294921875000000e-02
3.049316406250000000e-01
7.236480712890625000e-03
5.121093750000000000e+00
-2.932128906250000000e-01
-1.049194335937500000e-01
3.152465820312500000e-02
-3.894042968750000000e-01
1.671142578125000000e-01
3.134765625000000000e-01
-3.295898437500000000e-01
5.993652343750000000e-02
1.160278320312500000e-01
-8.489990234375000000e-02
-4.306640625000000000e-01
1.235351562500000000e-01
1.881408691406250000e-02
-1.345214843750000000e-01
3.991699218750000000e-01
-7.812500000000000000e-03
1.915283203125000000e-01
-1.073608398437500000e-01
1.818847656250000000e-01
2.917480468750000000e-01
-1.189422607421875000e-02
1.287841796875000000e-01
1.501464843750000000e-01
5.374145507812500000e-02
-9.509277343750000000e-02
-2.607421875000000000e-01
6.002807617187500000e-02
-1.081542968750000000e-01
1.257324218750000000e-01
-3.020019531250000000e-01
1.411132812500000000e-01
1.658935546875000000e-01
-6.044921875000000000e-01
-1.789550781250000000e-01
5.449218750000000000e-01
-2.299804687500000000e-01
1.457519531250000000e-01
1.121826171875000000e-01
-2.292480468750000000e-01
7.006835937500000000e-02
-6.914062500000000000e-01
1.640625000000000000e-01
1.167602539062500000e-01
9.338378906250000000e-02
3.723144531250000000e-01
-2.890625000000000000e-01
1.409912109375000000e-01
4.367675781250000000e-01
1.241455078125000000e-01
1.206665039062500000e-01
-1.662597656250000000e-01
7.153320312500000000e-02
1.868896484375000000e-01
4.360961914062500000e-02
-9.509277343750000000e-02
2.854003906250000000e-01
-1.579589843750000000e-01
-4.943847656250000000e-02
-2.917480468750000000e-01
1.233520507812500000e-01
-2.370605468750000000e-01
-2.636718750000000000e-01
6.713867187500000000e-02
3.757324218750000000e-01
6.823730468750000000e-02
4.870891571044921875e-04
2.088623046875000000e-01
1.170654296875000000e-01
-3.566894531250000000e-01
-4.204101562500000000e-01
-3.081054687500000000e-01
3.745117187500000000e-01
6.268310546875000000e-02
7.080078125000000000e-02
-6.542968750000000000e-02
-2.622985839843750000e-02
2.927246093750000000e-01
1.801757812500000000e-01
5.770874023437500000e-02
-2.763671875000000000e-01
2.620697021484375000e-03
-4.901885986328125000e-03
3.220214843750000000e-01
-3.738403320312500000e-02
3.491210937500000000e-02
1.634521484375000000e-01
3.208007812500000000e-01
-1.591796875000000000e-01
-6.217956542968750000e-03
2.885437011718750000e-02
-9.771728515625000000e-02
-3.894042968750000000e-01
-9.326171875000000000e-02
1.157379150390625000e-02
2.585449218750000000e-01
-8.294677734375000000e-02
2.236328125000000000e-01
-1.558837890625000000e-01
1.490478515625000000e-01
-8.270263671875000000e-02
1.599121093750000000e-01
-9.361267089843750000e-03
-1.414489746093750000e-02
3.564453125000000000e-01
-1.041259765625000000e-01
-3.190917968750000000e-01
4.047851562500000000e-01
4.392089843750000000e-01
2.065429687500000000e-01
-2.939453125000000000e-01
-4.184570312500000000e-01
1.640625000000000000e-01
-6.252288818359375000e-03
-4.094238281250000000e-01
2.641601562500000000e-01
-9.216308593750000000e-02
9.686279296875000000e-02
2.160644531250000000e-01
-7.891845703125000000e-02
7.342529296875000000e-02
3.363037109375000000e-02
-8.453369140625000000e-02
1.972656250000000000e-01
-1.176452636718750000e-02
-2.520751953125000000e-02
2.309570312500000000e-01
1.475524902343750000e-02
5.717773437500000000e-01
3.464355468750000000e-01
-1.991271972656250000e-02
6.337890625000000000e-01
-1.638183593750000000e-01
1.921386718750000000e-01
-3.677368164062500000e-02
1.729736328125000000e-01
1.834716796875000000e-01
-1.993408203125000000e-01
-1.843261718750000000e-02
3.408203125000000000e-01
3.234863281250000000e-01
-2.519531250000000000e-01
-6.538085937500000000e-01
1.242675781250000000e-01
-2.956542968750000000e-01
-1.667480468750000000e-01
1.985168457031250000e-02
4.287109375000000000e-01
-9.619140625000000000e-02
-4.311523437500000000e-01
-2.731933593750000000e-01
7.278442382812500000e-03
5.981445312500000000e-02
1.490478515625000000e-01
6.280517578125000000e-02
-3.627929687500000000e-01
-1.888427734375000000e-01
2.124023437500000000e-01
-8.709716796875000000e-02
4.113769531250000000e-01
3.862304687500000000e-01
3.488769531250000000e-01
9.490966796875000000e-02
-1.546630859375000000e-01
-1.096801757812500000e-01
9.106445312500000000e-02
-2.849121093750000000e-01
-5.612182617187500000e-02
-6.015777587890625000e-03
-8.831787109375000000e-02
-8.117675781250000000e-02
2.110595703125000000e-01
4.689941406250000000e-01
-3.239746093750000000e-01
4.938964843750000000e-01
1.243896484375000000e-01
-3.425292968750000000e-01
-5.285644531250000000e-02
2.575683593750000000e-01
5.113281250000000000e+00
4.253387451171875000e-03
-1.374511718750000000e-01
1.196899414062500000e-01
-1.841735839843750000e-02
-3.273925781250000000e-01
-9.130859375000000000e-02
-2.744140625000000000e-01
8.807373046875000000e-02
1.423339843750000000e-01
2.282714843750000000e-01
2.810058593750000000e-01
-3.366699218750000000e-01
7.086181640625000000e-02
1.821289062500000000e-01
1.517333984375000000e-01
1.508789062500000000e-01
-2.503906250000000000e+00
2.308349609375000000e-01
5.205078125000000000e-01
-2.585449218750000000e-01
-4.821777343750000000e-02
-6.719970703125000000e-02
8.559226989746093750e-04
-4.284667968750000000e-01
1.274414062500000000e-01
6.076049804687500000e-02
-4.077148437500000000e-01
-6.115722656250000000e-02
1.419677734375000000e-01
-3.066406250000000000e-01
-4.599609375000000000e-01
-1.011962890625000000e-01
-1.346435546875000000e-01
-7.336425781250000000e-02
3.369140625000000000e-01
7.958984375000000000e-02
-5.813598632812500000e-02
1.248168945312500000e-01
2.907714843750000000e-01
1.824951171875000000e-01
2.807617187500000000e-01
-6.597900390625000000e-02
-2.023925781250000000e-01
-2.895507812500000000e-01
2.128906250000000000e-01
5.424804687500000000e-01
4.965820312500000000e-01
2.015380859375000000e-01
1.151275634765625000e-02
-4.348754882812500000e-02
-4.616699218750000000e-01
3.388671875000000000e-01
5.148315429687500000e-02
1.401367187500000000e-01
-4.169921875000000000e-01
-3.154296875000000000e-01
3.989257812500000000e-01
1.444091796875000000e-01
-6.439208984375000000e-02
9.503173828125000000e-02
1.622314453125000000e-01
1.888427734375000000e-01
1.645507812500000000e-01
1.079711914062500000e-01
2.785644531250000000e-01
-7.470703125000000000e-02
-1.243896484375000000e-01
2.502441406250000000e-01
-4.506835937500000000e-01
-1.680908203125000000e-01
1.029663085937500000e-01
1.862792968750000000e-01
-4.214477539062500000e-02
1.304931640625000000e-01
-1.911621093750000000e-01
-3.654479980468750000e-03
-1.422119140625000000e-01
-2.810058593750000000e-01
-1.417236328125000000e-01
-2.990722656250000000e-01
-1.001586914062500000e-01
3.793945312500000000e-01
1.153564453125000000e-01
2.893066406250000000e-01
-1.778564453125000000e-01
-1.624755859375000000e-01
1.268310546875000000e-01
5.667114257812500000e-02
2.384033203125000000e-01
4.277343750000000000e-01
-9.552001953125000000e-02
-6.658935546875000000e-02
-4.240722656250000000e-01
1.907958984375000000e-01
6.921386718750000000e-02
3.327636718750000000e-01
2.580566406250000000e-01
2.363204956054687500e-03
5.575561523437500000e-02
-3.564453125000000000e-02
9.503173828125000000e-02
2.734375000000000000e-01
-8.983612060546875000e-04
3.725585937500000000e-01
2.437744140625000000e-01
-1.690673828125000000e-01
-4.047851562500000000e-01
-5.844726562500000000e-01
-7.452392578125000000e-02
-2.196044921875000000e-01
-5.621337890625000000e-02
5.981445312500000000e-02
6.524658203125000000e-02
-1.086425781250000000e-01
2.739257812500000000e-01
2.883300781250000000e-01
-3.339843750000000000e-01
1.011352539062500000e-01
3.830566406250000000e-01
-1.896972656250000000e-01
2.824707031250000000e-01
1.971435546875000000e-01
-2.204589843750000000e-01
1.611328125000000000e-01
1.993408203125000000e-01
-2.465820312500000000e-01
1.788330078125000000e-01
2.391357421875000000e-01
-5.405273437500000000e-01
-1.640625000000000000e-01
-2.126464843750000000e-01
-3.688964843750000000e-01
2.844238281250000000e-01
-3.098144531250000000e-01
-1.250457763671875000e-02
2.214050292968750000e-02
1.547851562500000000e-01
1.490478515625000000e-01
-5.926513671875000000e-02
3.093261718750000000e-01
1.258850097656250000e-02
2.600097656250000000e-02
-1.630859375000000000e-01
1.166381835937500000e-01
-1.572265625000000000e-01
1.633300781250000000e-01
-2.476806640625000000e-01
-1.958007812500000000e-01
1.545410156250000000e-01
1.673583984375000000e-01
1.016235351562500000e-01
3.891601562500000000e-01
-3.283691406250000000e-02
3.240966796875000000e-02
-5.454101562500000000e-01
-2.975463867187500000e-02
-4.928588867187500000e-02
-2.854003906250000000e-01
-1.496582031250000000e-01
1.200561523437500000e-01
2.193603515625000000e-01
2.302246093750000000e-01
1.724853515625000000e-01
-2.525329589843750000e-03
2.551269531250000000e-01
1.854248046875000000e-01
2.597045898437500000e-02
-3.022460937500000000e-01
-3.249511718750000000e-01
4.159545898437500000e-02
-4.316406250000000000e-01
3.374023437500000000e-01
2.014160156250000000e-01
3.017578125000000000e-01
4.885253906250000000e-01
3.706054687500000000e-01
-2.648925781250000000e-01
-6.875000000000000000e-01
-2.772521972656250000e-02
-3.737792968750000000e-01
7.197265625000000000e-01
-4.953613281250000000e-01
-4.035644531250000000e-01
-2.150878906250000000e-01
-1.090698242187500000e-01
-5.346679687500000000e-01
-8.598327636718750000e-03
-6.201171875000000000e-01
-3.508300781250000000e-01
-4.333496093750000000e-01
1.866455078125000000e-01
1.177978515625000000e-01
-4.101562500000000000e-01
2.401123046875000000e-01
-5.252075195312500000e-02
3.671875000000000000e-01
-1.633300781250000000e-01
-3.347167968750000000e-01
-6.811523437500000000e-02
