9.588623046875000000e-02
-2.600097656250000000e-01
-5.214843750000000000e-01
3.864746093750000000e-01
1.395263671875000000e-01
6.964111328125000000e-02
-6.622314453125000000e-02
-1.023437500000000000e+00
-1.875000000000000000e-01
4.365234375000000000e-01
-1.502685546875000000e-01
-3.389358520507812500e-03
5.621337890625000000e-02
2.033996582031250000e-02
1.152343750000000000e-01
3.933105468750000000e-01
2.165527343750000000e-01
1.080322265625000000e-01
-4.453125000000000000e-01
1.035156250000000000e-01
2.006835937500000000e-01
-1.976318359375000000e-01
4.011230468750000000e-01
1.127319335937500000e-01
1.013793945312500000e-01
-1.083984375000000000e-01
-4.340820312500000000e-01
7.733154296875000000e-02
1.715087890625000000e-01
5.034179687500000000e-01
-2.863769531250000000e-01
-9.222412109375000000e-02
6.188964843750000000e-02
-5.043945312500000000e-01
-2.788085937500000000e-01
-7.152557373046875000e-03
1.693115234375000000e-01
2.504882812500000000e-01
8.386230468750000000e-02
4.318237304687500000e-02
3.481445312500000000e-01
-1.160888671875000000e-01
7.867431640625000000e-02
-3.469238281250000000e-01
5.102539062500000000e-01
2.331542968750000000e-01
2.859497070312500000e-02
1.624755859375000000e-01
1.217651367187500000e-01
4.534912109375000000e-02
2.683105468750000000e-01
-4.260253906250000000e-01
2.156982421875000000e-01
-5.659179687500000000e-01
-2.156982421875000000e-01
9.899902343750000000e-02
2.218017578125000000e-01
1.009521484375000000e-01
-2.279052734375000000e-01
-4.428100585937500000e-02
1.712646484375000000e-01
-4.174804687500000000e-01
4.284667968750000000e-02
-4.206542968750000000e-01
-2.210693359375000000e-01
1.892089843750000000e-02
2.418212890625000000e-01
-8.033752441406250000e-03
2.136230468750000000e-01
-1.685791015625000000e-01
8.837890625000000000e-02
-5.263671875000000000e-01
2.036132812500000000e-01
-3.581542968750000000e-01
3.242187500000000000e-01
-2.709960937500000000e-01
3.762207031250000000e-01
1.392822265625000000e-01
4.006958007812500000e-02
-1.314544677734375000e-02
-3.122558593750000000e-01
-3.989257812500000000e-01
1.926269531250000000e-01
3.854980468750000000e-01
-1.083984375000000000e-01
-1.337890625000000000e-01
-6.076049804687500000e-02
-3.850097656250000000e-01
-1.251220703125000000e-01
2.174377441406250000e-02
2.449951171875000000e-01
-2.629394531250000000e-01
-1.463867187500000000e+00
6.669921875000000000e-01
-3.374023437500000000e-01
6.994628906250000000e-02
4.431152343750000000e-02
6.353759765625000000e-02
1.347656250000000000e-01
3.608398437500000000e-01
3.061523437500000000e-01
-2.769470214843750000e-02
3.122558593750000000e-01
-1.409912109375000000e-01
-4.037475585937500000e-02
4.082031250000000000e-01
1.511230468750000000e-01
-1.428222656250000000e-01
4.913330078125000000e-02
-7.965087890625000000e-02
-8.270263671875000000e-02
1.622314453125000000e-01
1.357421875000000000e-01
1.418457031250000000e-01
7.147216796875000000e-02
-3.433227539062500000e-02
3.032226562500000000e-01
5.605468750000000000e-01
-1.491699218750000000e-01
-5.069732666015625000e-03
-8.966064453125000000e-02
-6.328125000000000000e-01
-3.173828125000000000e-01
2.331542968750000000e-01
4.375000000000000000e-01
1.000976562500000000e-01
-3.955078125000000000e-01
-3.615722656250000000e-01
4.218750000000000000e-01
1.560058593750000000e-01
1.992187500000000000e-01
5.180664062500000000e-01
-7.855224609375000000e-02
5.351562500000000000e+00
-3.120117187500000000e-01
-1.314697265625000000e-01
-2.191162109375000000e-01
-4.719238281250000000e-01
1.392364501953125000e-03
1.169433593750000000e-01
-2.091064453125000000e-01
-1.696777343750000000e-01
-4.959106445312500000e-02
3.970336914062500000e-02
-8.251953125000000000e-02
8.435058593750000000e-02
-3.796386718750000000e-02
-2.624511718750000000e-01
-5.529785156250000000e-02
3.330078125000000000e-01
-1.417236328125000000e-01
-6.854248046875000000e-02
1.346435546875000000e-01
-5.139160156250000000e-02
-1.211547851562500000e-02
-4.463195800781250000e-03
-3.286132812500000000e-01
5.048828125000000000e-01
-2.294921875000000000e-01
2.185058593750000000e-01
-2.592773437500000000e-01
1.162719726562500000e-01
-4.082031250000000000e-01
1.949462890625000000e-01
-2.900390625000000000e-01
2.154541015625000000e-01
-1.828002929687500000e-02
3.139648437500000000e-01
3.220214843750000000e-01
1.477050781250000000e-01
8.123779296875000000e-02
-1.806640625000000000e-01
-6.213378906250000000e-02
-7.733154296875000000e-02
3.228759765625000000e-02
4.240722656250000000e-01
-1.046752929687500000e-01
3.701171875000000000e-01
4.438476562500000000e-01
7.202148437500000000e-02
1.094055175781250000e-02
-2.932128906250000000e-01
-2.755737304687500000e-02
-1.326904296875000000e-01
6.233215332031250000e-03
-2.668457031250000000e-01
-1.684570312500000000e-01
-2.685546875000000000e-01
-1.595458984375000000e-01
1.579589843750000000e-01
1.450195312500000000e-01
-1.605224609375000000e-01
1.507568359375000000e-01
-2.914428710937500000e-02
-1.407470703125000000e-01
1.916885375976562500e-03
1.820068359375000000e-01
2.054443359375000000e-01
8.575439453125000000e-03
-2.368164062500000000e-01
5.090332031250000000e-02
1.979064941406250000e-02
-1.354980468750000000e-01
-5.691528320312500000e-03
2.260742187500000000e-01
9.588623046875000000e-02
1.994628906250000000e-01
-1.413574218750000000e-01
3.200683593750000000e-01
4.019165039062500000e-02
5.795898437500000000e-01
9.222412109375000000e-02
-2.495117187500000000e-01
8.178710937500000000e-02
-1.466064453125000000e-01
3.244628906250000000e-01
-2.846679687500000000e-01
-3.439941406250000000e-01
-1.958007812500000000e-01
-3.291015625000000000e-01
-1.459960937500000000e-01
-3.574218750000000000e-01
-2.210693359375000000e-01
-1.389312744140625000e-02
3.422851562500000000e-01
2.177734375000000000e-01
-1.845703125000000000e-01
-5.691528320312500000e-02
-2.489013671875000000e-01
1.278076171875000000e-01
4.519653320312500000e-02
1.947021484375000000e-01
2.401123046875000000e-01
-4.213867187500000000e-01
3.339843750000000000e-01
1.441650390625000000e-01
-1.193847656250000000e-01
2.719116210937500000e-02
-2.509765625000000000e-01
-6.118774414062500000e-02
-5.751953125000000000e-01
-1.011962890625000000e-01
-2.676391601562500000e-02
2.812500000000000000e-01
-1.063537597656250000e-02
1.390380859375000000e-01
1.865234375000000000e-01
-1.107788085937500000e-01
-7.421875000000000000e-02
-1.068725585937500000e-01
1.287841796875000000e-01
1.356201171875000000e-01
1.811523437500000000e-01
2.181396484375000000e-01
-1.383056640625000000e-01
3.366699218750000000e-01
1.737060546875000000e-01
-2.032470703125000000e-01
-5.853271484375000000e-02
7.849121093750000000e-02
1.978759765625000000e-01
3.354492187500000000e-01
-4.282226562500000000e-01
1.039428710937500000e-01
-4.665527343750000000e-01
1.552734375000000000e-01
1.368408203125000000e-01
1.503906250000000000e-01
1.937255859375000000e-01
-6.458282470703125000e-03
-1.590576171875000000e-01
-2.268066406250000000e-01
1.259765625000000000e-01
8.581542968750000000e-02
-7.250976562500000000e-01
-4.414062500000000000e-01
9.539794921875000000e-02
5.126953125000000000e-02
-5.584716796875000000e-02
7.183837890625000000e-02
1.910400390625000000e-01
2.543945312500000000e-01
-8.325195312500000000e-02
-3.518676757812500000e-02
-2.274169921875000000e-01
4.270019531250000000e-01
-3.649902343750000000e-02
7.519531250000000000e-02
5.561828613281250000e-03
-3.811645507812500000e-02
4.641113281250000000e-01
2.561035156250000000e-01
1.275634765625000000e-01
-2.014160156250000000e-01
2.888183593750000000e-01
-1.962890625000000000e-01
-1.705322265625000000e-01
-4.648437500000000000e-01
5.310058593750000000e-02
-2.255859375000000000e-01
2.941894531250000000e-01
-2.927246093750000000e-01
2.148437500000000000e-01
-3.720703125000000000e-01
3.198242187500000000e-01
2.878417968750000000e-01
-2.536010742187500000e-02
1.623535156250000000e-01
-2.102050781250000000e-01
8.978271484375000000e-02
-8.612060546875000000e-02
2.271728515625000000e-01
5.347656250000000000e+00
2.690429687500000000e-01
9.497070312500000000e-02
-1.357421875000000000e-01
-2.548828125000000000e-01
-1.616210937500000000e-01
4.833984375000000000e-01
2.585449218750000000e-01
3.234863281250000000e-01
3.618164062500000000e-01
2.445983886718750000e-02
3.278808593750000000e-01
-2.454833984375000000e-01
-2.055664062500000000e-01
-1.760253906250000000e-01
-4.110717773437500000e-02
9.716796875000000000e-02
-2.097656250000000000e+00
6.484375000000000000e-01
-5.072021484375000000e-02
1.602783203125000000e-01
-1.208496093750000000e-01
2.243652343750000000e-01
4.462890625000000000e-01
-1.778564453125000000e-01
-6.964111328125000000e-02
-1.835937500000000000e-01
-2.143554687500000000e-01
2.717285156250000000e-01
-1.025390625000000000e-01
-1.457519531250000000e-01
-2.517089843750000000e-01
-1.193847656250000000e-01
-2.749023437500000000e-01
-1.225585937500000000e-01
2.434082031250000000e-01
1.031494140625000000e-02
2.159423828125000000e-01
-2.387695312500000000e-01
-4.556274414062500000e-02
4.096679687500000000e-01
3.395996093750000000e-01
1.140136718750000000e-01
-1.782226562500000000e-01
-2.088623046875000000e-01
1.492919921875000000e-01
-1.038360595703125000e-02
1.413574218750000000e-01
3.286132812500000000e-01
2.419433593750000000e-01
-1.531982421875000000e-01
-3.710937500000000000e-02
-7.635498046875000000e-02
-1.324462890625000000e-01
2.666015625000000000e-01
1.296997070312500000e-02
-9.753417968750000000e-02
5.483398437500000000e-01
-2.956542968750000000e-01
-3.222656250000000000e-01
-2.246093750000000000e-01
-5.038452148437500000e-02
-1.469726562500000000e-01
-3.562011718750000000e-01
1.112060546875000000e-01
-5.966186523437500000e-03
1.000976562500000000e-01
3.935546875000000000e-01
1.917724609375000000e-01
-6.250000000000000000e-02
-5.035400390625000000e-02
-5.752563476562500000e-02
-1.276855468750000000e-01
-9.729003906250000000e-02
-3.103027343750000000e-01
-1.417236328125000000e-01
-6.562500000000000000e-01
1.281738281250000000e-01
-4.343261718750000000e-01
-1.464843750000000000e-01
-1.975097656250000000e-01
1.860351562500000000e-01
-2.749023437500000000e-01
3.961181640625000000e-02
-3.182983398437500000e-02
-1.777343750000000000e-01
-4.572753906250000000e-01
6.213378906250000000e-02
9.680175781250000000e-02
-3.063964843750000000e-01
1.167602539062500000e-01
-1.046142578125000000e-01
-4.287109375000000000e-01
-2.025146484375000000e-01
1.070556640625000000e-01
-5.474090576171875000e-03
-1.455078125000000000e-01
-7.513427734375000000e-02
-1.911621093750000000e-01
2.012939453125000000e-01
-2.644348144531250000e-02
3.376464843750000000e-01
2.414550781250000000e-01
-5.010986328125000000e-02
-5.740356445312500000e-02
1.979980468750000000e-01
2.871093750000000000e-01
-2.226562500000000000e-01
-2.897949218750000000e-01
-3.105468750000000000e-01
1.809082031250000000e-01
-2.719726562500000000e-01
-1.732177734375000000e-01
8.807373046875000000e-02
-1.047363281250000000e-01
-1.190795898437500000e-01
1.875000000000000000e-01
2.092285156250000000e-01
-1.252441406250000000e-01
-3.249511718750000000e-01
4.992675781250000000e-02
2.824707031250000000e-01
1.375579833984375000e-02
1.157836914062500000e-01
-2.573242187500000000e-01
-5.053710937500000000e-02
-2.215576171875000000e-01
-5.981445312500000000e-01
-2.082519531250000000e-01
-1.835937500000000000e-01
-2.259521484375000000e-01
-2.597656250000000000e-01
1.757812500000000000e-01
-3.967285156250000000e-01
-4.067382812500000000e-01
-3.149414062500000000e-01
-2.956542968750000000e-01
5.253906250000000000e-01
-5.102539062500000000e-01
-2.241516113281250000e-02
-8.007812500000000000e-02
5.062866210937500000e-02
6.579589843750000000e-02
-7.965087890625000000e-02
3.078613281250000000e-01
8.294677734375000000e-02
6.872558593750000000e-02
-1.541748046875000000e-01
1.298828125000000000e-01
7.049560546875000000e-03
-2.224121093750000000e-01
4.669189453125000000e-03
5.478515625000000000e-01
1.849365234375000000e-01
-7.318115234375000000e-02
-2.119140625000000000e-01
-2.927246093750000000e-01
-1.704101562500000000e-01
-1.345214843750000000e-01
-3.205566406250000000e-01
-2.304687500000000000e-01
4.156494140625000000e-02
1.496582031250000000e-01
-5.206298828125000000e-02
-4.716796875000000000e-01
-6.762695312500000000e-02
1.851806640625000000e-01
1.387939453125000000e-01
2.342529296875000000e-01
-3.454589843750000000e-01
1.363525390625000000e-01
1.949462890625000000e-01
1.184692382812500000e-01
-1.185302734375000000e-01
-2.909851074218750000e-02
2.387695312500000000e-01
3.007812500000000000e-01
-1.737060546875000000e-01
-2.983398437500000000e-01
-2.045898437500000000e-01
-2.108154296875000000e-01
6.938476562500000000e-01
-1.008911132812500000e-01
2.502441406250000000e-01
6.518554687500000000e-02
-1.481933593750000000e-01
-2.792968750000000000e-01
1.989746093750000000e-01
8.837890625000000000e-02
-2.290039062500000000e-01
3.808593750000000000e-02
9.536743164062500000e-03
3.581542968750000000e-01
-2.602539062500000000e-01
-2.580566406250000000e-01
-8.007812500000000000e-02
-5.746459960937500000e-02
7.896423339843750000e-04
-2.065429687500000000e-01
1.089477539062500000e-02
