6.396484375000000000e-02
-1.279296875000000000e-01
-1.815185546875000000e-01
1.845703125000000000e-01
-2.006835937500000000e-01
1.562500000000000000e-01
-1.302490234375000000e-01
-1.069335937500000000e+00
-4.047851562500000000e-01
3.598632812500000000e-01
-2.639160156250000000e-01
-4.458007812500000000e-01
5.126953125000000000e-02
1.827392578125000000e-01
3.012695312500000000e-01
2.238464355468750000e-02
4.108886718750000000e-01
8.483886718750000000e-02
-1.618652343750000000e-01
3.457641601562500000e-02
5.122070312500000000e-01
1.046752929687500000e-01
6.717681884765625000e-03
1.469726562500000000e-01
-4.223632812500000000e-01
-1.135253906250000000e-01
-3.806152343750000000e-01
4.096679687500000000e-01
-2.540588378906250000e-02
4.025878906250000000e-01
-9.466552734375000000e-02
-1.252441406250000000e-01
-6.027221679687500000e-02
3.864746093750000000e-01
-6.216430664062500000e-02
7.910156250000000000e-02
-1.358642578125000000e-01
3.281250000000000000e-01
-9.326171875000000000e-02
1.161499023437500000e-01
-2.408447265625000000e-01
2.587890625000000000e-01
1.378173828125000000e-01
5.017089843750000000e-02
6.750488281250000000e-02
2.373046875000000000e-01
-8.099365234375000000e-02
2.297973632812500000e-02
2.663574218750000000e-01
1.837158203125000000e-01
1.861572265625000000e-01
1.067352294921875000e-02
3.970336914062500000e-02
2.442626953125000000e-01
-2.037353515625000000e-01
2.972412109375000000e-02
6.976318359375000000e-02
4.913330078125000000e-02
-2.971191406250000000e-01
1.674804687500000000e-01
2.509765625000000000e-01
-2.629394531250000000e-01
8.172607421875000000e-02
-7.019042968750000000e-02
-9.332275390625000000e-02
6.829833984375000000e-02
-1.297607421875000000e-01
-1.380157470703125000e-02
2.802734375000000000e-01
6.280517578125000000e-02
2.174377441406250000e-02
-1.163330078125000000e-01
9.088134765625000000e-02
4.279785156250000000e-01
1.888427734375000000e-01
-4.611816406250000000e-01
-3.161621093750000000e-02
4.201660156250000000e-01
-5.849609375000000000e-01
-2.353515625000000000e-01
-4.980468750000000000e-02
3.485107421875000000e-02
-9.906005859375000000e-02
4.619140625000000000e-01
-1.686096191406250000e-02
-2.846679687500000000e-01
-2.482910156250000000e-01
-2.207946777343750000e-02
1.654052734375000000e-01
1.402587890625000000e-01
-1.112670898437500000e-01
2.510070800781250000e-02
-1.500000000000000000e+00
6.684570312500000000e-01
2.578125000000000000e-01
-1.453857421875000000e-01
3.574218750000000000e-01
7.995605468750000000e-02
3.991699218750000000e-02
-3.424072265625000000e-02
-7.824707031250000000e-02
3.038406372070312500e-03
1.359863281250000000e-01
7.958984375000000000e-02
-2.211914062500000000e-01
1.399230957031250000e-02
-1.138305664062500000e-02
1.612548828125000000e-01
-2.220458984375000000e-01
2.595214843750000000e-01
-1.490478515625000000e-01
-1.953125000000000000e-02
-2.052001953125000000e-01
2.844238281250000000e-01
-2.178955078125000000e-01
-2.177734375000000000e-01
4.879760742187500000e-02
-9.811401367187500000e-03
2.484130859375000000e-01
-7.281494140625000000e-02
-4.644775390625000000e-02
-7.250976562500000000e-01
-1.788330078125000000e-01
1.462402343750000000e-01
2.678222656250000000e-01
-1.140747070312500000e-01
-2.937011718750000000e-01
-1.005859375000000000e-01
2.165527343750000000e-01
2.211914062500000000e-01
-6.823539733886718750e-04
-1.770019531250000000e-01
-1.210937500000000000e-01
6.257812500000000000e+00
-1.944580078125000000e-01
9.222412109375000000e-02
-2.622070312500000000e-01
-1.568603515625000000e-01
-5.142211914062500000e-02
-3.859863281250000000e-01
-2.442626953125000000e-01
1.682128906250000000e-01
-2.143554687500000000e-01
2.697753906250000000e-01
-8.056640625000000000e-02
-2.531433105468750000e-02
6.324768066406250000e-03
-1.802978515625000000e-01
-4.321289062500000000e-01
-1.080932617187500000e-01
1.799316406250000000e-01
-3.073730468750000000e-01
-1.306152343750000000e-01
1.940917968750000000e-01
-1.799316406250000000e-01
-4.841308593750000000e-01
3.093261718750000000e-01
-3.610229492187500000e-02
-2.763671875000000000e-01
2.086181640625000000e-01
-1.162109375000000000e-01
3.665161132812500000e-02
-2.573242187500000000e-01
-1.622314453125000000e-01
1.030273437500000000e-01
1.374511718750000000e-01
9.979248046875000000e-02
-2.944335937500000000e-01
4.653320312500000000e-01
-5.932617187500000000e-02
-1.203002929687500000e-01
-8.892822265625000000e-02
1.950683593750000000e-01
3.436279296875000000e-02
-2.316894531250000000e-01
4.846191406250000000e-01
-3.251953125000000000e-01
2.709960937500000000e-01
1.547851562500000000e-01
2.033691406250000000e-01
-8.978271484375000000e-02
-6.671142578125000000e-02
8.929443359375000000e-02
-1.596679687500000000e-01
-4.550170898437500000e-02
6.750488281250000000e-02
3.518676757812500000e-02
5.734252929687500000e-02
-4.658203125000000000e-01
-1.315917968750000000e-01
-4.606933593750000000e-01
-3.883361816406250000e-03
5.014038085937500000e-02
-2.340698242187500000e-02
-4.340820312500000000e-01
9.265136718750000000e-02
-1.983642578125000000e-01
6.376953125000000000e-01
3.065109252929687500e-03
-1.961669921875000000e-01
-2.539062500000000000e-01
-2.707519531250000000e-01
-1.270751953125000000e-01
3.689575195312500000e-02
1.673583984375000000e-01
6.280517578125000000e-02
-1.284179687500000000e-01
-1.959228515625000000e-01
-1.923828125000000000e-01
-1.488037109375000000e-01
3.251953125000000000e-01
1.352539062500000000e-01
1.861572265625000000e-01
3.359375000000000000e-01
4.449462890625000000e-02
9.140014648437500000e-03
5.758666992187500000e-02
-1.586914062500000000e-01
2.271728515625000000e-01
-3.867187500000000000e-01
-2.333984375000000000e-01
2.221679687500000000e-02
1.417236328125000000e-01
-5.966796875000000000e-01
-1.394042968750000000e-01
-2.968750000000000000e-01
2.893066406250000000e-01
2.740478515625000000e-02
-1.911621093750000000e-01
8.020019531250000000e-02
2.526855468750000000e-01
-7.849121093750000000e-02
5.767822265625000000e-02
1.657714843750000000e-01
3.078613281250000000e-01
2.663574218750000000e-01
3.312988281250000000e-01
7.519531250000000000e-02
-5.063476562500000000e-01
-6.923675537109375000e-03
3.559570312500000000e-01
-2.680664062500000000e-01
2.418212890625000000e-01
6.018066406250000000e-02
2.729492187500000000e-01
-1.507568359375000000e-01
-9.082031250000000000e-02
-2.670898437500000000e-01
1.882934570312500000e-02
-3.025817871093750000e-02
-8.178710937500000000e-02
4.484863281250000000e-01
-1.892089843750000000e-01
6.728515625000000000e-01
-2.854003906250000000e-01
9.936523437500000000e-02
5.822753906250000000e-02
1.005249023437500000e-01
1.841735839843750000e-02
3.945312500000000000e-01
1.290283203125000000e-01
3.445434570312500000e-02
9.240722656250000000e-02
-4.275512695312500000e-02
-1.130371093750000000e-01
3.073730468750000000e-01
2.017822265625000000e-01
-4.790039062500000000e-01
-8.691406250000000000e-02
1.607666015625000000e-01
-2.854003906250000000e-01
9.313964843750000000e-02
6.072998046875000000e-02
-8.801269531250000000e-02
1.243896484375000000e-01
-7.530212402343750000e-03
-6.781005859375000000e-02
1.293945312500000000e-01
-2.632141113281250000e-02
1.969909667968750000e-02
2.830505371093750000e-03
8.715820312500000000e-02
-1.222534179687500000e-01
-2.749633789062500000e-02
7.849121093750000000e-02
2.915039062500000000e-01
2.226562500000000000e-01
6.909179687500000000e-02
-2.294921875000000000e-02
-2.427978515625000000e-01
1.369628906250000000e-01
2.163085937500000000e-01
-3.261718750000000000e-01
3.918457031250000000e-01
-3.041992187500000000e-01
3.060913085937500000e-02
-2.607421875000000000e-01
-2.170410156250000000e-01
-9.735107421875000000e-02
-8.929443359375000000e-02
2.731933593750000000e-01
-2.252197265625000000e-01
1.217041015625000000e-01
1.274414062500000000e-01
-1.374511718750000000e-01
-2.619628906250000000e-01
-2.966308593750000000e-01
1.004028320312500000e-01
-1.035766601562500000e-01
-1.118164062500000000e-01
9.967041015625000000e-02
2.543945312500000000e-01
6.246093750000000000e+00
3.132324218750000000e-01
7.843017578125000000e-02
2.619934082031250000e-02
2.349853515625000000e-01
-7.867431640625000000e-02
3.227539062500000000e-01
5.378723144531250000e-03
5.083007812500000000e-01
4.580078125000000000e-01
3.120117187500000000e-01
2.135009765625000000e-01
2.307891845703125000e-03
2.143554687500000000e-01
5.130767822265625000e-03
-1.575927734375000000e-01
4.016113281250000000e-01
-1.889648437500000000e+00
1.544189453125000000e-01
-1.002807617187500000e-01
1.072998046875000000e-01
1.514892578125000000e-01
1.540374755859375000e-02
1.054687500000000000e-01
-1.384277343750000000e-01
1.907958984375000000e-01
9.008789062500000000e-02
-2.493896484375000000e-01
2.580566406250000000e-01
2.155761718750000000e-01
2.556152343750000000e-01
-8.074951171875000000e-02
3.542480468750000000e-01
-2.108154296875000000e-01
3.227539062500000000e-01
3.808593750000000000e-01
-3.137207031250000000e-01
2.307128906250000000e-01
6.494140625000000000e-02
4.340820312500000000e-01
-1.502685546875000000e-01
-1.635742187500000000e-01
2.200927734375000000e-01
2.812500000000000000e-01
-1.704101562500000000e-01
3.025817871093750000e-02
4.809570312500000000e-01
1.500244140625000000e-01
3.479003906250000000e-01
-5.386352539062500000e-02
-1.701660156250000000e-01
5.596923828125000000e-02
1.447753906250000000e-01
-3.183593750000000000e-01
4.405975341796875000e-03
-2.850341796875000000e-02
-8.316040039062500000e-03
2.172851562500000000e-01
3.906250000000000000e-02
8.770751953125000000e-02
2.016601562500000000e-01
2.868652343750000000e-01
-4.179687500000000000e-01
1.677246093750000000e-01
-2.493896484375000000e-01
2.254638671875000000e-01
-3.332519531250000000e-01
-7.183837890625000000e-02
-1.336669921875000000e-01
-1.149902343750000000e-01
1.689453125000000000e-01
-9.118652343750000000e-02
7.257080078125000000e-02
-2.327880859375000000e-01
8.972167968750000000e-02
-1.573181152343750000e-02
-9.869384765625000000e-02
-5.667114257812500000e-02
-3.615722656250000000e-01
-1.791992187500000000e-01
-2.362060546875000000e-02
2.054443359375000000e-01
-1.280517578125000000e-01
-2.578125000000000000e-01
-1.313476562500000000e-01
-5.218505859375000000e-02
-3.393554687500000000e-01
5.249023437500000000e-01
-2.983398437500000000e-01
-1.437988281250000000e-01
1.894531250000000000e-01
4.946899414062500000e-02
-2.907714843750000000e-01
-1.369628906250000000e-01
3.132324218750000000e-01
3.408813476562500000e-02
1.815185546875000000e-01
-3.322753906250000000e-01
3.090820312500000000e-01
8.197021484375000000e-02
8.917236328125000000e-02
2.285156250000000000e-01
-4.141235351562500000e-02
6.311035156250000000e-02
-5.337524414062500000e-02
-3.911132812500000000e-01
-1.552734375000000000e-01
-3.452148437500000000e-01
-1.026611328125000000e-01
-3.542480468750000000e-01
-1.054687500000000000e-01
-2.435302734375000000e-01
4.110717773437500000e-02
-5.371093750000000000e-03
-2.062988281250000000e-01
5.712890625000000000e-02
3.027343750000000000e-01
1.628417968750000000e-01
1.121215820312500000e-01
-1.608886718750000000e-01
8.099365234375000000e-02
-1.118164062500000000e-01
3.845214843750000000e-01
5.435180664062500000e-02
8.460998535156250000e-03
-1.816406250000000000e-01
-6.088867187500000000e-01
1.612548828125000000e-01
-2.305908203125000000e-01
2.795410156250000000e-01
1.123046875000000000e-02
-1.660156250000000000e-01
5.034179687500000000e-01
7.470703125000000000e-02
3.034667968750000000e-01
-6.591796875000000000e-02
1.943359375000000000e-01
-7.934570312500000000e-02
-2.357177734375000000e-01
1.473388671875000000e-01
1.575927734375000000e-01
5.050659179687500000e-02
2.978515625000000000e-01
2.822265625000000000e-01
2.814941406250000000e-01
3.972167968750000000e-01
6.372070312500000000e-02
-2.541503906250000000e-01
4.289550781250000000e-01
-8.544921875000000000e-03
2.717285156250000000e-01
2.436523437500000000e-01
4.423828125000000000e-01
1.661376953125000000e-01
1.204223632812500000e-01
4.696655273437500000e-02
-1.223754882812500000e-01
1.708984375000000000e-02
-3.579711914062500000e-02
-2.139892578125000000e-01
3.159179687500000000e-01
-4.567871093750000000e-01
4.138946533203125000e-03
1.347656250000000000e-01
5.160522460937500000e-02
2.822265625000000000e-01
9.509277343750000000e-02
3.469238281250000000e-01
-1.528320312500000000e-01
-3.679199218750000000e-01
9.912109375000000000e-02
4.309082031250000000e-02
2.275085449218750000e-02
-4.492187500000000000e-01
-2.362060546875000000e-01
-1.036376953125000000e-01
-1.262664794921875000e-02
-1.439208984375000000e-01
-2.474365234375000000e-01
-2.401351928710937500e-03
-1.877441406250000000e-01
7.973632812500000000e-01
-1.726074218750000000e-01
-2.372741699218750000e-02
3.886718750000000000e-01
3.120117187500000000e-01
-2.297363281250000000e-01
9.234619140625000000e-02
-1.960449218750000000e-01
-2.081298828125000000e-01
2.337646484375000000e-01
3.044433593750000000e-01
-3.330078125000000000e-01
4.098510742187500000e-02
-1.806640625000000000e-01
3.688964843750000000e-01
6.506347656250000000e-02
-1.607666015625000000e-01
-1.817626953125000000e-01
4.446411132812500000e-02
