-1.577148437500000000e-01
-2.700805664062500000e-02
-2.873535156250000000e-01
3.742675781250000000e-01
-1.574707031250000000e-01
1.718139648437500000e-02
-8.245849609375000000e-02
-1.101562500000000000e+00
-3.132324218750000000e-01
2.237548828125000000e-01
-1.307373046875000000e-01
2.034912109375000000e-01
-1.358642578125000000e-01
-2.993164062500000000e-01
1.162109375000000000e-01
5.007934570312500000e-02
1.663818359375000000e-01
7.482910156250000000e-02
4.763793945312500000e-02
-3.090820312500000000e-01
4.473876953125000000e-02
-9.368896484375000000e-02
1.838378906250000000e-01
3.652343750000000000e-01
4.509277343750000000e-01
-4.709472656250000000e-01
1.525878906250000000e-01
3.086853027343750000e-02
-1.058349609375000000e-01
4.667968750000000000e-01
-2.148437500000000000e-01
-3.222656250000000000e-02
-1.484680175781250000e-02
1.174316406250000000e-01
-1.464843750000000000e-01
-1.290283203125000000e-01
-1.462402343750000000e-01
3.557128906250000000e-01
-2.485351562500000000e-01
2.257080078125000000e-01
-1.281738281250000000e-01
6.772460937500000000e-01
2.237548828125000000e-01
9.338378906250000000e-03
1.884765625000000000e-01
2.490234375000000000e-01
5.151367187500000000e-02
-3.518676757812500000e-02
-3.857421875000000000e-02
-3.028869628906250000e-02
-2.939453125000000000e-01
6.134033203125000000e-02
1.575927734375000000e-01
4.316406250000000000e-01
2.130126953125000000e-01
-4.714965820312500000e-02
5.197143554687500000e-02
-1.331787109375000000e-01
-8.355712890625000000e-02
2.736816406250000000e-01
2.507324218750000000e-01
2.651367187500000000e-01
-1.356201171875000000e-01
-1.369628906250000000e-01
-2.402343750000000000e-01
-2.091064453125000000e-01
-2.089843750000000000e-01
5.556640625000000000e-01
-3.686523437500000000e-01
3.100585937500000000e-01
2.829589843750000000e-01
-1.020050048828125000e-02
2.553710937500000000e-01
3.461914062500000000e-01
4.107666015625000000e-02
-8.781433105468750000e-03
-2.147216796875000000e-01
-2.319335937500000000e-01
1.831054687500000000e-01
-1.167602539062500000e-01
-1.715087890625000000e-02
1.129760742187500000e-01
-1.932373046875000000e-01
7.672119140625000000e-02
1.978759765625000000e-01
1.528320312500000000e-01
3.390502929687500000e-02
-6.137084960937500000e-02
2.292480468750000000e-01
1.873779296875000000e-01
1.409912109375000000e-01
-4.709472656250000000e-01
-1.432617187500000000e+00
6.542968750000000000e-01
-1.003417968750000000e-01
1.533203125000000000e-01
-3.576660156250000000e-02
3.300781250000000000e-01
2.819824218750000000e-01
1.717529296875000000e-01
2.017822265625000000e-01
1.899414062500000000e-01
9.014892578125000000e-02
-5.606079101562500000e-02
-1.351318359375000000e-01
2.617187500000000000e-01
1.026000976562500000e-01
9.017944335937500000e-03
1.208496093750000000e-02
1.230468750000000000e-01
-4.617309570312500000e-02
8.251953125000000000e-02
-4.339599609375000000e-02
-1.368408203125000000e-01
5.006790161132812500e-05
-5.996093750000000000e-01
1.163330078125000000e-01
1.078491210937500000e-01
2.602539062500000000e-01
-4.800415039062500000e-02
-1.896667480468750000e-02
-5.590820312500000000e-01
6.378173828125000000e-02
8.392333984375000000e-02
1.400756835937500000e-02
-9.289550781250000000e-02
1.634521484375000000e-01
-9.570312500000000000e-02
2.885742187500000000e-01
1.910400390625000000e-01
1.402587890625000000e-01
1.292724609375000000e-01
3.139648437500000000e-01
5.960937500000000000e+00
-5.498046875000000000e-01
-8.758544921875000000e-02
-1.368408203125000000e-01
-5.512695312500000000e-01
2.261962890625000000e-01
-4.498291015625000000e-02
-4.079589843750000000e-01
2.746582031250000000e-01
-1.065673828125000000e-01
-6.134033203125000000e-02
-1.427001953125000000e-01
2.202987670898437500e-03
-3.337402343750000000e-01
-2.355957031250000000e-01
1.583251953125000000e-01
3.451538085937500000e-02
-2.465820312500000000e-01
-2.958679199218750000e-02
2.299499511718750000e-02
3.166503906250000000e-01
-1.748046875000000000e-01
1.602783203125000000e-01
1.699218750000000000e-01
1.741943359375000000e-01
-4.726562500000000000e-01
1.574707031250000000e-01
1.345214843750000000e-01
2.514648437500000000e-01
3.911132812500000000e-01
-8.911132812500000000e-02
1.102905273437500000e-01
2.312011718750000000e-01
6.738281250000000000e-02
-1.904296875000000000e-01
2.502441406250000000e-01
-4.663085937500000000e-02
1.579589843750000000e-01
-9.844970703125000000e-02
-8.598327636718750000e-03
8.374023437500000000e-02
-3.012695312500000000e-01
3.335571289062500000e-02
-8.496093750000000000e-02
1.323242187500000000e-01
5.454101562500000000e-01
2.083740234375000000e-01
1.128540039062500000e-01
1.932373046875000000e-01
1.918945312500000000e-01
-2.819824218750000000e-01
-1.649169921875000000e-01
2.313232421875000000e-01
3.669433593750000000e-01
2.342224121093750000e-02
-1.236572265625000000e-01
1.348876953125000000e-01
3.325195312500000000e-01
-5.068359375000000000e-01
-4.191894531250000000e-01
9.301757812500000000e-02
-3.132324218750000000e-01
-2.709960937500000000e-02
1.889648437500000000e-01
4.992675781250000000e-02
-2.122802734375000000e-01
-2.734375000000000000e-01
6.835937500000000000e-02
-1.257324218750000000e-01
-1.870117187500000000e-01
-2.347412109375000000e-01
-2.014160156250000000e-01
1.297607421875000000e-01
-1.730957031250000000e-01
-6.146240234375000000e-02
1.447753906250000000e-01
-3.994750976562500000e-02
1.861572265625000000e-01
-1.182556152343750000e-02
-4.193115234375000000e-02
-3.784179687500000000e-01
5.642700195312500000e-02
7.183837890625000000e-02
-3.591308593750000000e-01
1.177978515625000000e-01
3.555297851562500000e-02
-2.661132812500000000e-02
-4.876708984375000000e-02
1.040649414062500000e-01
1.524658203125000000e-01
-1.427001953125000000e-01
4.047851562500000000e-01
-3.234863281250000000e-01
2.065429687500000000e-01
3.286132812500000000e-01
-2.685546875000000000e-01
6.707763671875000000e-02
6.286621093750000000e-02
-1.723632812500000000e-01
1.354980468750000000e-01
1.673583984375000000e-01
3.024902343750000000e-01
-2.117919921875000000e-01
-7.977294921875000000e-02
-2.189636230468750000e-02
3.854980468750000000e-01
-4.960937500000000000e-01
-1.064453125000000000e-01
4.814453125000000000e-01
3.344726562500000000e-01
1.166381835937500000e-01
-1.364746093750000000e-01
-2.183837890625000000e-01
-5.908203125000000000e-02
1.762390136718750000e-02
-1.779785156250000000e-01
-5.882263183593750000e-03
4.513549804687500000e-02
1.369628906250000000e-01
4.486083984375000000e-02
1.258544921875000000e-01
7.501220703125000000e-02
-4.440307617187500000e-02
1.166381835937500000e-01
1.275634765625000000e-01
-4.403686523437500000e-02
2.890014648437500000e-02
-1.922607421875000000e-01
1.729736328125000000e-01
1.212768554687500000e-01
-1.643066406250000000e-01
-9.973144531250000000e-02
2.052001953125000000e-01
-4.106445312500000000e-01
-1.630859375000000000e-01
-3.876953125000000000e-01
5.356445312500000000e-01
3.229980468750000000e-01
-1.647949218750000000e-01
-1.863098144531250000e-02
3.076171875000000000e-01
2.587890625000000000e-01
-1.007690429687500000e-01
-3.029785156250000000e-01
2.199707031250000000e-01
2.403564453125000000e-01
4.328613281250000000e-01
7.910156250000000000e-02
-8.996582031250000000e-02
1.428222656250000000e-01
-1.723632812500000000e-01
-2.239990234375000000e-01
-1.223144531250000000e-01
2.457275390625000000e-01
3.100585937500000000e-02
-1.616210937500000000e-01
5.195312500000000000e-01
1.427001953125000000e-01
3.520507812500000000e-01
-7.843017578125000000e-02
2.484130859375000000e-02
8.245849609375000000e-02
-1.641845703125000000e-01
-1.445312500000000000e-01
1.907958984375000000e-01
-3.417968750000000000e-02
-4.543457031250000000e-01
-4.641113281250000000e-01
1.914062500000000000e-01
-4.409179687500000000e-01
2.359008789062500000e-02
1.870117187500000000e-01
1.979064941406250000e-02
-2.900390625000000000e-01
-1.844482421875000000e-01
1.088256835937500000e-01
1.234130859375000000e-01
-3.359985351562500000e-02
1.092529296875000000e-01
5.957031250000000000e+00
1.938476562500000000e-01
-1.666259765625000000e-02
1.323242187500000000e-01
2.467041015625000000e-01
-3.695678710937500000e-02
3.203125000000000000e-01
1.762695312500000000e-01
3.383789062500000000e-01
3.034667968750000000e-01
2.705078125000000000e-01
3.105468750000000000e-01
5.126953125000000000e-02
4.956054687500000000e-01
2.131347656250000000e-01
2.858886718750000000e-01
4.316406250000000000e-01
-1.987304687500000000e+00
-2.487792968750000000e-01
1.428222656250000000e-01
3.537597656250000000e-01
1.418457031250000000e-01
4.853515625000000000e-01
2.365112304687500000e-02
-8.142089843750000000e-02
1.947021484375000000e-01
-1.050415039062500000e-01
1.494598388671875000e-02
2.702331542968750000e-02
-2.531738281250000000e-01
5.438232421875000000e-02
3.979492187500000000e-02
4.746093750000000000e-01
-2.171630859375000000e-01
3.894042968750000000e-01
3.010253906250000000e-01
-2.775878906250000000e-01
2.727050781250000000e-01
1.378173828125000000e-01
4.018554687500000000e-01
1.077270507812500000e-01
3.186035156250000000e-02
3.835449218750000000e-01
2.044677734375000000e-01
2.011718750000000000e-01
3.398437500000000000e-01
2.027587890625000000e-01
3.989257812500000000e-01
-2.188720703125000000e-01
-1.818847656250000000e-01
8.979797363281250000e-03
4.321289062500000000e-01
3.720703125000000000e-01
-2.167968750000000000e-01
2.119140625000000000e-01
-1.210784912109375000e-02
-1.077270507812500000e-01
-7.879638671875000000e-02
-1.617431640625000000e-02
9.117126464843750000e-03
-4.897460937500000000e-01
3.850097656250000000e-01
1.977539062500000000e-01
-4.360961914062500000e-02
-2.357177734375000000e-01
-2.719116210937500000e-02
-9.539794921875000000e-02
1.265869140625000000e-01
-2.221679687500000000e-01
-1.232910156250000000e-01
1.182861328125000000e-01
1.104736328125000000e-01
-8.807373046875000000e-02
-4.213867187500000000e-01
-8.404541015625000000e-02
7.910156250000000000e-02
-1.314697265625000000e-01
-3.574218750000000000e-01
-3.671875000000000000e-01
-1.251220703125000000e-01
-3.332519531250000000e-01
8.984375000000000000e-02
1.765136718750000000e-01
-1.723632812500000000e-01
3.839111328125000000e-02
-3.168945312500000000e-01
-1.984863281250000000e-01
2.940368652343750000e-02
-2.421569824218750000e-02
-1.937255859375000000e-01
9.564208984375000000e-02
-4.583740234375000000e-02
7.482910156250000000e-02
-4.216308593750000000e-01
7.196044921875000000e-02
3.161621093750000000e-01
3.081054687500000000e-01
-1.272583007812500000e-02
1.132812500000000000e-01
3.659667968750000000e-01
-2.370605468750000000e-01
1.254882812500000000e-01
4.514160156250000000e-01
5.825195312500000000e-01
-2.604980468750000000e-01
4.211425781250000000e-01
2.746582031250000000e-01
2.283096313476562500e-03
3.093261718750000000e-01
-8.476257324218750000e-03
-4.077148437500000000e-01
-2.493896484375000000e-01
1.396484375000000000e-01
3.757324218750000000e-01
-3.032226562500000000e-01
2.043151855468750000e-02
3.476562500000000000e-01
6.072998046875000000e-02
-1.665039062500000000e-01
-1.450195312500000000e-01
-2.875976562500000000e-01
-3.439331054687500000e-02
-1.181030273437500000e-01
-1.473388671875000000e-01
-2.644042968750000000e-01
2.197265625000000000e-01
-1.839599609375000000e-01
7.318115234375000000e-02
1.481933593750000000e-01
8.880615234375000000e-02
4.742431640625000000e-02
-3.044433593750000000e-01
-1.573486328125000000e-01
1.601562500000000000e-01
1.041870117187500000e-01
-1.109619140625000000e-01
9.686279296875000000e-02
2.231445312500000000e-01
3.129882812500000000e-01
1.960449218750000000e-01
1.921386718750000000e-01
-7.318115234375000000e-02
6.292724609375000000e-02
3.107910156250000000e-01
1.416015625000000000e-01
-1.072998046875000000e-01
4.343261718750000000e-01
1.617431640625000000e-01
3.378906250000000000e-01
1.254882812500000000e-01
-5.577087402343750000e-03
9.680175781250000000e-02
3.786621093750000000e-01
-4.412841796875000000e-02
5.117797851562500000e-02
-2.587890625000000000e-01
-3.759765625000000000e-01
-3.977050781250000000e-01
2.944335937500000000e-01
-3.103637695312500000e-02
-2.717590332031250000e-02
-2.915039062500000000e-01
-2.211914062500000000e-01
-1.864013671875000000e-01
2.457275390625000000e-01
-2.803039550781250000e-02
3.594970703125000000e-02
4.089355468750000000e-02
-1.466064453125000000e-01
-3.750000000000000000e-01
-1.580810546875000000e-02
-5.728149414062500000e-02
5.916595458984375000e-03
-1.439208984375000000e-01
-4.260253906250000000e-01
-1.751708984375000000e-02
2.257080078125000000e-01
-4.343261718750000000e-01
-4.191894531250000000e-01
-3.083496093750000000e-01
-3.508300781250000000e-01
8.623046875000000000e-01
-1.356201171875000000e-01
2.170410156250000000e-01
8.323669433593750000e-03
-7.183837890625000000e-02
-3.266601562500000000e-01
2.949218750000000000e-01
-5.505371093750000000e-02
-3.999023437500000000e-01
4.724121093750000000e-02
4.074707031250000000e-01
-2.076416015625000000e-01
2.778625488281250000e-02
4.089355468750000000e-02
1.087036132812500000e-01
-2.358398437500000000e-01
-3.283691406250000000e-01
-3.962402343750000000e-01
1.832580566406250000e-02
