-3.964233398437500000e-02
-1.351318359375000000e-01
-2.080078125000000000e-01
-3.921508789062500000e-02
-1.368408203125000000e-01
1.045532226562500000e-01
-1.027221679687500000e-01
-1.038085937500000000e+00
-6.842041015625000000e-02
1.685791015625000000e-01
1.473388671875000000e-01
6.964111328125000000e-02
1.301269531250000000e-01
-3.461914062500000000e-01
1.424560546875000000e-01
-2.204895019531250000e-03
1.737060546875000000e-01
1.250000000000000000e-01
-2.044677734375000000e-01
-3.891601562500000000e-01
3.681640625000000000e-01
1.021118164062500000e-01
1.837158203125000000e-01
-1.837158203125000000e-01
-4.736328125000000000e-01
-4.077148437500000000e-02
-1.450195312500000000e-01
-5.661010742187500000e-02
5.850219726562500000e-02
2.910156250000000000e-01
-2.995605468750000000e-01
-2.597656250000000000e-01
-6.040039062500000000e-01
3.879394531250000000e-01
-1.770019531250000000e-02
1.422119140625000000e-01
1.331329345703125000e-02
4.963378906250000000e-01
1.027679443359375000e-02
-3.518066406250000000e-01
-2.553710937500000000e-01
-1.044311523437500000e-01
2.558593750000000000e-01
-4.777832031250000000e-01
-2.722167968750000000e-01
3.381347656250000000e-01
3.000488281250000000e-01
1.989746093750000000e-01
2.464599609375000000e-01
2.313232421875000000e-01
-7.305908203125000000e-02
1.904296875000000000e-01
5.219726562500000000e-01
3.276367187500000000e-01
2.592773437500000000e-01
1.956787109375000000e-01
9.570312500000000000e-02
5.029296875000000000e-02
-2.807617187500000000e-01
1.728515625000000000e-01
2.778320312500000000e-01
-2.895507812500000000e-01
-9.498596191406250000e-03
-4.455566406250000000e-02
2.000427246093750000e-02
1.741943359375000000e-01
-3.240966796875000000e-02
6.622314453125000000e-02
-1.569824218750000000e-01
-1.102905273437500000e-01
4.415893554687500000e-02
-3.701171875000000000e-01
-5.975341796875000000e-02
-7.592773437500000000e-02
-2.989196777343750000e-02
-8.709716796875000000e-02
3.515625000000000000e-01
3.088378906250000000e-01
-4.711914062500000000e-02
3.802490234375000000e-02
-1.949462890625000000e-01
-2.038574218750000000e-01
4.060058593750000000e-01
-9.942626953125000000e-02
-3.364257812500000000e-01
-1.240234375000000000e-01
1.203002929687500000e-01
-2.690429687500000000e-01
-1.716308593750000000e-01
1.381835937500000000e-01
1.632080078125000000e-01
-1.454162597656250000e-02
-1.477539062500000000e+00
3.178710937500000000e-01
-1.890869140625000000e-01
4.855957031250000000e-01
2.286376953125000000e-01
-2.122802734375000000e-01
-1.541748046875000000e-01
-1.984863281250000000e-01
1.198120117187500000e-01
6.127929687500000000e-01
-5.398559570312500000e-02
-2.480468750000000000e-01
5.532836914062500000e-02
3.674316406250000000e-01
-2.545166015625000000e-02
-4.372558593750000000e-01
-1.239013671875000000e-01
-4.802246093750000000e-01
1.450195312500000000e-01
-4.577636718750000000e-02
-2.040100097656250000e-02
-1.051025390625000000e-01
1.434326171875000000e-02
-6.372070312500000000e-02
3.420410156250000000e-01
2.993164062500000000e-01
-1.368408203125000000e-01
1.241455078125000000e-01
5.761718750000000000e-02
-1.144409179687500000e-01
-7.165527343750000000e-02
-1.087646484375000000e-01
3.737792968750000000e-01
-8.071899414062500000e-03
4.255371093750000000e-01
-2.724609375000000000e-01
2.900390625000000000e-01
5.429687500000000000e-01
-4.522705078125000000e-02
-2.460479736328125000e-03
-3.332519531250000000e-01
6.156250000000000000e+00
-1.674804687500000000e-01
3.476562500000000000e-01
-1.408386230468750000e-02
-1.463623046875000000e-01
-3.564453125000000000e-01
1.456298828125000000e-01
2.039794921875000000e-01
3.874511718750000000e-01
1.066894531250000000e-01
4.379882812500000000e-01
-2.409667968750000000e-01
3.225097656250000000e-01
3.505859375000000000e-01
-3.684082031250000000e-01
-6.450653076171875000e-03
-1.968994140625000000e-01
3.665161132812500000e-02
-4.770507812500000000e-01
7.366943359375000000e-02
-7.696533203125000000e-02
-1.647949218750000000e-01
3.833770751953125000e-03
-1.677246093750000000e-01
-1.297607421875000000e-01
-4.958496093750000000e-01
2.568359375000000000e-01
9.020996093750000000e-02
-4.357910156250000000e-01
-9.277343750000000000e-02
1.666259765625000000e-01
1.166381835937500000e-01
1.474609375000000000e-01
1.918945312500000000e-01
-4.147949218750000000e-01
3.420410156250000000e-01
1.245117187500000000e-01
1.365966796875000000e-01
-4.130859375000000000e-01
-2.106933593750000000e-01
2.614746093750000000e-01
-3.061523437500000000e-01
3.167724609375000000e-02
1.058197021484375000e-02
2.863769531250000000e-01
8.581542968750000000e-02
-4.522705078125000000e-02
-3.005371093750000000e-01
3.125000000000000000e-01
3.775024414062500000e-02
-2.342529296875000000e-01
-1.511230468750000000e-01
-4.589843750000000000e-01
1.241302490234375000e-02
-1.156616210937500000e-01
1.341552734375000000e-01
-2.072143554687500000e-02
-1.499023437500000000e-01
3.657226562500000000e-01
-1.252441406250000000e-01
-2.097167968750000000e-01
-1.217651367187500000e-02
6.524658203125000000e-02
-4.812622070312500000e-02
8.538818359375000000e-02
-2.423095703125000000e-01
-5.454101562500000000e-01
5.805664062500000000e-01
2.464599609375000000e-01
-2.360839843750000000e-01
-1.530761718750000000e-01
-1.589965820312500000e-02
3.737792968750000000e-01
-4.082031250000000000e-01
-1.448974609375000000e-01
-1.588134765625000000e-01
-2.893066406250000000e-01
4.870605468750000000e-01
4.194335937500000000e-01
2.161865234375000000e-01
4.638671875000000000e-02
-6.198120117187500000e-02
6.860351562500000000e-02
3.188476562500000000e-01
3.077697753906250000e-02
-6.414794921875000000e-02
2.836914062500000000e-01
-7.568359375000000000e-02
-2.590332031250000000e-01
-2.141113281250000000e-01
-1.200561523437500000e-01
-2.235107421875000000e-01
1.290283203125000000e-01
9.667968750000000000e-02
-4.211425781250000000e-02
2.634277343750000000e-01
-3.293457031250000000e-01
-6.179809570312500000e-03
1.019897460937500000e-01
-4.074707031250000000e-01
-4.360961914062500000e-02
-1.098632812500000000e-01
7.849121093750000000e-02
-3.166503906250000000e-01
1.121215820312500000e-01
7.666015625000000000e-02
4.221191406250000000e-01
-2.971191406250000000e-01
-3.823242187500000000e-01
-1.268310546875000000e-01
1.029052734375000000e-01
-5.668945312500000000e-01
3.881835937500000000e-01
-3.603515625000000000e-01
4.470214843750000000e-01
-3.457641601562500000e-02
1.229095458984375000e-02
-1.166992187500000000e-01
-1.162109375000000000e-01
-2.958984375000000000e-01
-2.353515625000000000e-01
-1.801757812500000000e-01
3.503417968750000000e-01
-4.003906250000000000e-02
1.527404785156250000e-02
-2.008056640625000000e-02
-6.567382812500000000e-02
7.556152343750000000e-02
2.232666015625000000e-01
-2.371826171875000000e-01
1.144409179687500000e-01
-1.928710937500000000e-01
-2.265930175781250000e-02
4.938964843750000000e-01
1.552734375000000000e-01
-1.112670898437500000e-01
5.996704101562500000e-02
8.966064453125000000e-02
-2.863769531250000000e-01
-1.434326171875000000e-01
2.132568359375000000e-01
1.078491210937500000e-01
2.352294921875000000e-01
2.288818359375000000e-01
1.359558105468750000e-02
7.012939453125000000e-02
2.119140625000000000e-01
5.029296875000000000e-01
4.589080810546875000e-03
1.157836914062500000e-01
4.086303710937500000e-02
-4.089355468750000000e-01
-1.123657226562500000e-01
2.529296875000000000e-01
-1.473236083984375000e-02
4.045410156250000000e-01
8.203125000000000000e-02
1.282958984375000000e-01
6.744384765625000000e-03
1.268310546875000000e-01
1.604003906250000000e-01
-2.695312500000000000e-01
-3.814697265625000000e-02
-1.568603515625000000e-01
-5.898437500000000000e-01
1.117553710937500000e-01
1.096801757812500000e-01
-1.330566406250000000e-01
3.976440429687500000e-02
-3.183593750000000000e-01
1.906738281250000000e-01
-1.645507812500000000e-01
-4.183959960937500000e-02
-4.802246093750000000e-01
-2.149658203125000000e-01
-2.423095703125000000e-01
2.348327636718750000e-02
7.397460937500000000e-02
4.729003906250000000e-01
6.156250000000000000e+00
-2.215576171875000000e-01
2.045898437500000000e-01
2.078857421875000000e-01
1.977539062500000000e-01
-3.610229492187500000e-02
1.721191406250000000e-02
-9.014892578125000000e-02
3.359375000000000000e-01
5.083007812500000000e-01
-4.046630859375000000e-02
1.997375488281250000e-02
-4.301757812500000000e-01
-4.567871093750000000e-01
-2.020263671875000000e-01
4.082031250000000000e-01
6.707763671875000000e-02
-2.095703125000000000e+00
3.100585937500000000e-01
9.143066406250000000e-02
6.848144531250000000e-02
3.247070312500000000e-02
9.252929687500000000e-02
8.978271484375000000e-02
5.047607421875000000e-02
1.676025390625000000e-01
-1.107177734375000000e-01
-1.215209960937500000e-01
1.895751953125000000e-01
3.778076171875000000e-02
-4.403686523437500000e-02
-2.407226562500000000e-01
3.654785156250000000e-01
4.595947265625000000e-02
9.100341796875000000e-02
-1.828613281250000000e-01
2.780761718750000000e-01
-2.106933593750000000e-01
-2.033996582031250000e-02
-1.558837890625000000e-01
-3.286132812500000000e-01
-3.259277343750000000e-01
3.585815429687500000e-02
-1.677246093750000000e-01
-4.205322265625000000e-02
3.781738281250000000e-01
3.276367187500000000e-01
1.248168945312500000e-01
1.583099365234375000e-03
-9.106445312500000000e-02
1.827392578125000000e-01
7.855224609375000000e-02
-9.002685546875000000e-02
-3.044433593750000000e-01
4.567871093750000000e-01
3.259277343750000000e-01
1.470947265625000000e-01
2.866210937500000000e-01
9.912109375000000000e-02
1.669311523437500000e-02
-2.386474609375000000e-01
3.891601562500000000e-01
-8.441162109375000000e-02
5.334472656250000000e-02
-3.190917968750000000e-01
6.823730468750000000e-02
-7.281494140625000000e-02
2.036132812500000000e-01
-2.812500000000000000e-01
-9.179687500000000000e-02
2.126464843750000000e-01
-1.673583984375000000e-01
-3.071289062500000000e-01
-3.994750976562500000e-02
-1.121826171875000000e-01
4.284667968750000000e-02
-2.139892578125000000e-01
1.112365722656250000e-02
-3.076171875000000000e-01
1.488037109375000000e-01
-1.153564453125000000e-01
-2.415771484375000000e-01
-1.577148437500000000e-01
3.334960937500000000e-01
1.411132812500000000e-01
-2.375793457031250000e-02
-9.692382812500000000e-02
3.491210937500000000e-01
1.417236328125000000e-01
-1.396484375000000000e-01
2.450561523437500000e-02
1.888427734375000000e-01
-3.723144531250000000e-02
-5.065917968750000000e-02
-2.084350585937500000e-02
-3.875732421875000000e-02
3.581542968750000000e-01
-2.944335937500000000e-01
2.435302734375000000e-01
-3.349304199218750000e-03
-3.151855468750000000e-01
2.492675781250000000e-01
1.274414062500000000e-01
6.311035156250000000e-02
-2.543640136718750000e-02
-3.118896484375000000e-02
9.454345703125000000e-02
3.325195312500000000e-01
-3.847656250000000000e-01
-7.781982421875000000e-02
-7.727050781250000000e-02
-6.044921875000000000e-01
-3.884277343750000000e-01
-5.697631835937500000e-02
6.640625000000000000e-02
-1.001586914062500000e-01
-4.158020019531250000e-03
6.317138671875000000e-02
5.255126953125000000e-02
-6.384277343750000000e-02
-2.478027343750000000e-01
-1.779785156250000000e-01
9.729003906250000000e-02
-3.457031250000000000e-01
-5.141601562500000000e-01
-1.544189453125000000e-02
1.187744140625000000e-01
-1.254882812500000000e-01
-4.282226562500000000e-01
-3.378906250000000000e-01
-3.498535156250000000e-01
-3.713378906250000000e-01
6.829833984375000000e-02
-2.856445312500000000e-01
-6.832122802734375000e-03
-1.030883789062500000e-01
7.751464843750000000e-02
1.821289062500000000e-01
-2.032470703125000000e-01
9.118652343750000000e-02
-5.532836914062500000e-02
1.035156250000000000e-01
6.176757812500000000e-02
1.534423828125000000e-01
4.750976562500000000e-01
5.816650390625000000e-02
-3.459472656250000000e-01
2.175903320312500000e-02
3.164062500000000000e-01
2.198486328125000000e-01
9.332275390625000000e-02
3.680419921875000000e-02
4.309082031250000000e-01
2.374267578125000000e-01
7.348632812500000000e-02
-1.511383056640625000e-02
6.182861328125000000e-02
-2.160644531250000000e-01
-2.366943359375000000e-01
-1.287841796875000000e-01
2.047729492187500000e-02
1.343994140625000000e-01
-3.196716308593750000e-03
2.324218750000000000e-01
-1.843261718750000000e-01
2.128906250000000000e-01
3.921508789062500000e-03
-1.447753906250000000e-01
-1.353759765625000000e-01
-5.991210937500000000e-01
3.765869140625000000e-02
-4.210472106933593750e-04
1.514892578125000000e-01
-7.971191406250000000e-02
-2.313232421875000000e-02
-4.919433593750000000e-01
3.457031250000000000e-01
-8.306884765625000000e-02
-1.582031250000000000e-01
-6.768798828125000000e-02
-2.351074218750000000e-01
8.144531250000000000e-01
2.193603515625000000e-01
-1.502685546875000000e-01
2.592773437500000000e-01
1.805419921875000000e-01
-6.010742187500000000e-01
1.044311523437500000e-01
1.632690429687500000e-02
-1.242065429687500000e-01
6.706237792968750000e-03
-2.539062500000000000e-01
2.496337890625000000e-01
-2.802734375000000000e-01
2.632141113281250000e-02
3.134155273437500000e-02
2.954101562500000000e-01
3.793334960937500000e-02
-3.249511718750000000e-01
-1.503906250000000000e-01
