3.031921386718750000e-02
-3.723144531250000000e-02
5.477905273437500000e-02
-2.407226562500000000e-01
9.002685546875000000e-02
7.031250000000000000e-02
-2.418518066406250000e-02
-1.305664062500000000e+00
-2.834472656250000000e-01
5.908203125000000000e-01
2.211914062500000000e-01
-2.054443359375000000e-01
-1.119384765625000000e-01
3.146972656250000000e-01
2.036132812500000000e-01
2.854003906250000000e-01
1.564941406250000000e-01
-1.071777343750000000e-01
-1.712646484375000000e-01
-2.229003906250000000e-01
1.671142578125000000e-01
-1.279296875000000000e-01
1.959228515625000000e-01
4.309082031250000000e-01
-2.543945312500000000e-01
2.512207031250000000e-01
-2.275390625000000000e-01
4.531860351562500000e-02
3.947753906250000000e-01
6.707763671875000000e-02
-2.229003906250000000e-01
-2.116699218750000000e-01
1.065673828125000000e-01
-1.608848571777343750e-03
6.481170654296875000e-03
1.071777343750000000e-01
-1.773681640625000000e-01
1.628417968750000000e-01
-2.863769531250000000e-01
-8.705139160156250000e-03
1.437988281250000000e-01
-2.320556640625000000e-01
-1.750488281250000000e-01
-5.595703125000000000e-01
1.135864257812500000e-01
2.033691406250000000e-01
-1.436767578125000000e-01
2.761230468750000000e-01
4.898071289062500000e-03
-3.518676757812500000e-02
4.339599609375000000e-02
-3.110351562500000000e-01
2.900390625000000000e-01
-2.053222656250000000e-01
-3.044433593750000000e-01
5.569458007812500000e-03
1.088867187500000000e-01
-3.383789062500000000e-01
-3.181152343750000000e-01
8.605957031250000000e-02
4.997558593750000000e-01
1.988525390625000000e-01
1.954345703125000000e-01
-4.916992187500000000e-01
-4.448242187500000000e-01
-3.774414062500000000e-01
-1.701660156250000000e-01
6.512451171875000000e-02
-6.474609375000000000e-01
1.849365234375000000e-01
-1.008300781250000000e-01
-2.338867187500000000e-01
8.673095703125000000e-02
6.611328125000000000e-01
-2.871093750000000000e-01
6.781005859375000000e-02
-6.732177734375000000e-02
1.972656250000000000e-01
7.911682128906250000e-03
-9.094238281250000000e-02
-2.575683593750000000e-01
-6.323242187500000000e-01
-1.155395507812500000e-01
3.884887695312500000e-02
-7.450103759765625000e-03
1.489257812500000000e-01
-1.446533203125000000e-01
-1.337890625000000000e-01
1.085205078125000000e-01
1.074218750000000000e-01
1.529541015625000000e-01
-6.719970703125000000e-02
-1.660156250000000000e+00
8.532714843750000000e-02
3.125000000000000000e-01
1.130371093750000000e-01
1.643066406250000000e-01
4.045410156250000000e-01
5.252075195312500000e-02
-6.021118164062500000e-02
2.705383300781250000e-02
1.807861328125000000e-01
3.063964843750000000e-01
1.374053955078125000e-02
-3.161621093750000000e-01
-1.228027343750000000e-01
4.766845703125000000e-02
-9.802246093750000000e-02
-2.683105468750000000e-01
-4.992675781250000000e-02
3.823852539062500000e-02
-6.146240234375000000e-02
1.289062500000000000e-01
2.042236328125000000e-01
3.144531250000000000e-01
-1.906738281250000000e-01
-9.362792968750000000e-02
-1.792907714843750000e-02
2.038574218750000000e-01
1.934814453125000000e-01
-5.977630615234375000e-03
-1.474609375000000000e-01
-5.957031250000000000e-02
3.131103515625000000e-02
2.692871093750000000e-01
2.785644531250000000e-01
3.601074218750000000e-01
-1.135864257812500000e-01
-2.022705078125000000e-01
3.442382812500000000e-01
7.207031250000000000e-01
6.523437500000000000e-01
9.498596191406250000e-03
5.449218750000000000e+00
4.666137695312500000e-02
-2.768554687500000000e-01
-8.544921875000000000e-02
-1.894531250000000000e-01
9.069824218750000000e-02
2.474365234375000000e-01
2.316894531250000000e-01
-2.645874023437500000e-02
4.861450195312500000e-02
2.276611328125000000e-01
-4.416503906250000000e-01
2.757263183593750000e-02
1.661376953125000000e-01
1.859130859375000000e-01
-3.989257812500000000e-01
-7.885742187500000000e-02
-5.841064453125000000e-02
1.898193359375000000e-01
-2.788085937500000000e-01
-4.309082031250000000e-01
1.617431640625000000e-01
-3.105468750000000000e-01
-7.513427734375000000e-02
2.973937988281250000e-02
-2.316894531250000000e-01
1.364746093750000000e-01
-5.194091796875000000e-02
-3.222656250000000000e-01
1.424560546875000000e-01
4.416503906250000000e-01
-2.000732421875000000e-01
-2.951660156250000000e-01
-8.007812500000000000e-02
1.774902343750000000e-01
-2.083740234375000000e-01
3.540039062500000000e-01
1.245727539062500000e-01
5.789184570312500000e-02
1.432800292968750000e-02
-6.402587890625000000e-02
2.589416503906250000e-02
5.838012695312500000e-02
-1.871337890625000000e-01
2.043457031250000000e-01
-3.311157226562500000e-03
1.638183593750000000e-01
-6.286621093750000000e-02
1.069946289062500000e-01
1.539306640625000000e-01
-1.016235351562500000e-01
-2.445068359375000000e-01
-1.510009765625000000e-01
4.145507812500000000e-01
-1.238403320312500000e-01
1.001586914062500000e-01
-5.917968750000000000e-01
-2.729492187500000000e-01
-2.546386718750000000e-01
-3.125000000000000000e-01
2.568359375000000000e-01
-2.479553222656250000e-02
3.447265625000000000e-01
-2.219238281250000000e-01
4.636230468750000000e-01
2.437744140625000000e-01
7.092285156250000000e-02
-8.905029296875000000e-02
2.037353515625000000e-01
-2.905273437500000000e-01
-1.947021484375000000e-01
-1.210327148437500000e-01
-1.851806640625000000e-01
-2.369384765625000000e-01
-4.113769531250000000e-01
1.645507812500000000e-01
-1.503906250000000000e-01
3.051757812500000000e-01
-4.910278320312500000e-02
-5.493164062500000000e-02
-1.800537109375000000e-01
-3.793945312500000000e-01
-3.854370117187500000e-02
2.210693359375000000e-01
-3.413085937500000000e-01
-9.796142578125000000e-02
8.825683593750000000e-02
-1.042480468750000000e-01
-2.707519531250000000e-01
-1.571044921875000000e-01
2.963867187500000000e-01
5.294799804687500000e-03
1.139526367187500000e-01
3.964843750000000000e-01
-2.238769531250000000e-01
7.696533203125000000e-02
-2.225341796875000000e-01
1.534423828125000000e-01
-1.024169921875000000e-01
-1.367187500000000000e-01
-5.062103271484375000e-03
-1.617431640625000000e-02
-1.362304687500000000e-01
7.489013671875000000e-02
1.491699218750000000e-01
-1.649169921875000000e-01
-2.333984375000000000e-01
3.981933593750000000e-01
-5.981445312500000000e-03
3.283691406250000000e-02
6.176757812500000000e-02
7.740020751953125000e-03
-2.534179687500000000e-01
3.127441406250000000e-01
-1.719970703125000000e-01
-1.263427734375000000e-01
9.680175781250000000e-02
-3.945312500000000000e-01
1.911621093750000000e-01
6.335449218750000000e-02
3.532714843750000000e-01
-4.766845703125000000e-02
-1.177368164062500000e-01
-1.859130859375000000e-01
-6.025390625000000000e-01
2.246093750000000000e-01
2.919921875000000000e-01
3.674316406250000000e-01
4.409790039062500000e-02
-2.000732421875000000e-01
-4.455566406250000000e-02
-3.042602539062500000e-02
2.210693359375000000e-01
-7.720947265625000000e-02
-3.999023437500000000e-01
-9.509277343750000000e-02
3.547363281250000000e-01
-1.796875000000000000e-01
-1.030273437500000000e-01
3.476562500000000000e-01
-1.877441406250000000e-01
1.101074218750000000e-01
-9.759521484375000000e-02
2.797851562500000000e-01
-3.269042968750000000e-01
6.931304931640625000e-03
-2.670898437500000000e-01
4.038085937500000000e-01
4.160156250000000000e-01
1.480712890625000000e-01
-2.197265625000000000e-01
-1.022949218750000000e-01
2.878417968750000000e-01
3.486328125000000000e-01
-4.010009765625000000e-02
-4.987792968750000000e-01
-2.844238281250000000e-01
2.109375000000000000e-01
-2.648925781250000000e-01
3.317871093750000000e-01
-7.629394531250000000e-02
-9.143066406250000000e-02
-3.485107421875000000e-02
-6.185913085937500000e-02
8.953857421875000000e-02
2.316894531250000000e-01
5.410156250000000000e-01
1.000366210937500000e-01
-3.916015625000000000e-01
-1.586914062500000000e-01
4.916381835937500000e-02
-3.325195312500000000e-01
-2.745056152343750000e-02
-1.175537109375000000e-01
2.619628906250000000e-01
4.077148437500000000e-01
1.391601562500000000e-01
-9.002685546875000000e-03
-9.649658203125000000e-02
5.441406250000000000e+00
2.309570312500000000e-01
-6.213378906250000000e-02
2.052001953125000000e-01
-5.099487304687500000e-02
-8.880615234375000000e-03
-1.728820800781250000e-02
-4.937744140625000000e-02
2.770996093750000000e-01
4.311523437500000000e-01
-8.682250976562500000e-03
2.203369140625000000e-01
5.937500000000000000e-01
3.903808593750000000e-01
-2.768554687500000000e-01
2.734375000000000000e-01
-2.661132812500000000e-01
-2.248046875000000000e+00
3.717041015625000000e-02
2.946777343750000000e-01
-2.340087890625000000e-01
1.932373046875000000e-01
-1.691894531250000000e-01
1.369628906250000000e-01
2.978515625000000000e-01
-9.094238281250000000e-02
4.495239257812500000e-02
-1.567382812500000000e-01
1.628112792968750000e-02
9.320068359375000000e-02
5.688476562500000000e-01
-1.944580078125000000e-01
2.301025390625000000e-01
-1.057739257812500000e-01
-1.390380859375000000e-01
-6.053924560546875000e-03
-2.263183593750000000e-01
3.415527343750000000e-01
3.203125000000000000e-01
-1.838684082031250000e-02
2.570800781250000000e-01
2.482604980468750000e-02
1.177368164062500000e-01
2.526855468750000000e-01
9.582519531250000000e-02
1.051635742187500000e-01
-2.023315429687500000e-02
2.631835937500000000e-01
1.107788085937500000e-01
1.803588867187500000e-02
-1.745605468750000000e-01
3.283691406250000000e-01
-1.591491699218750000e-02
-1.508789062500000000e-01
-8.551025390625000000e-02
-1.309967041015625000e-02
-3.329467773437500000e-02
1.004028320312500000e-01
-3.851318359375000000e-02
-1.097412109375000000e-01
-2.149658203125000000e-01
2.370605468750000000e-01
-1.710205078125000000e-01
-3.681640625000000000e-01
-3.610229492187500000e-02
1.972656250000000000e-01
1.400146484375000000e-01
2.758789062500000000e-01
-2.464599609375000000e-01
7.501220703125000000e-02
3.288574218750000000e-01
-1.435546875000000000e-01
5.390625000000000000e-01
4.574584960937500000e-02
1.386718750000000000e-01
-8.404541015625000000e-02
2.152099609375000000e-01
1.041870117187500000e-01
-2.000732421875000000e-01
-7.137298583984375000e-03
-3.417968750000000000e-01
1.052246093750000000e-01
-6.158447265625000000e-02
3.159179687500000000e-01
2.670898437500000000e-01
-2.017822265625000000e-01
-1.450195312500000000e-01
4.584960937500000000e-01
4.110717773437500000e-02
-1.971435546875000000e-01
-1.467285156250000000e-01
-2.087402343750000000e-01
-3.144531250000000000e-01
2.498779296875000000e-01
4.472656250000000000e-01
-1.088867187500000000e-01
4.157714843750000000e-01
2.222900390625000000e-01
5.820312500000000000e-01
-2.578125000000000000e-01
-3.483886718750000000e-01
1.222534179687500000e-01
1.333007812500000000e-01
3.466796875000000000e-02
-5.102539062500000000e-01
-1.167602539062500000e-01
1.215820312500000000e-01
1.572265625000000000e-01
2.629394531250000000e-01
2.197265625000000000e-02
1.940917968750000000e-02
-4.448242187500000000e-01
-1.472473144531250000e-02
-1.127319335937500000e-01
-3.740234375000000000e-01
-3.620605468750000000e-01
2.474365234375000000e-01
-1.890869140625000000e-01
-8.764648437500000000e-02
-2.409667968750000000e-01
6.909179687500000000e-02
1.660156250000000000e-01
-7.971191406250000000e-02
2.680664062500000000e-01
1.848144531250000000e-01
8.361816406250000000e-03
-5.854492187500000000e-01
-2.746582031250000000e-01
1.242065429687500000e-02
-3.195800781250000000e-01
7.275390625000000000e-02
1.916503906250000000e-01
-5.882263183593750000e-03
3.298339843750000000e-01
-3.293457031250000000e-01
2.683105468750000000e-01
2.556152343750000000e-01
-8.905029296875000000e-02
-1.835937500000000000e-01
5.029296875000000000e-02
-2.219238281250000000e-01
2.426757812500000000e-01
3.388671875000000000e-01
5.849609375000000000e-01
-7.495117187500000000e-02
2.335205078125000000e-01
4.729003906250000000e-01
-2.824707031250000000e-01
-1.074829101562500000e-01
-9.954833984375000000e-02
-1.145019531250000000e-01
2.500000000000000000e-01
-1.885986328125000000e-01
1.051330566406250000e-02
2.575683593750000000e-01
-1.633300781250000000e-01
8.325195312500000000e-02
-2.038574218750000000e-01
-4.876708984375000000e-02
-2.634277343750000000e-01
1.129760742187500000e-01
-2.111816406250000000e-01
-1.578369140625000000e-01
2.734375000000000000e-01
1.954345703125000000e-01
2.320556640625000000e-01
1.392822265625000000e-01
-1.651611328125000000e-01
1.962890625000000000e-01
-6.879882812500000000e-01
-1.173706054687500000e-01
-3.122558593750000000e-01
1.137542724609375000e-02
2.353515625000000000e-01
-1.776123046875000000e-01
-1.392822265625000000e-01
-1.311035156250000000e-01
3.120117187500000000e-01
-4.861450195312500000e-02
3.991699218750000000e-01
3.852539062500000000e-01
2.736816406250000000e-01
-3.872070312500000000e-01
2.275390625000000000e-01
2.773437500000000000e-01
3.915405273437500000e-02
-1.210327148437500000e-01
2.189941406250000000e-01
-5.053710937500000000e-01
1.627197265625000000e-01
1.478271484375000000e-01
4.707031250000000000e-01
-2.553710937500000000e-01
-2.636909484863281250e-04
1.376953125000000000e-01
2.937011718750000000e-01
-5.014648437500000000e-01
-9.112548828125000000e-02
-2.248535156250000000e-01
-1.286621093750000000e-01
