-2.412109375000000000e-01
-1.988525390625000000e-01
-2.780151367187500000e-02
4.965209960937500000e-02
-7.873535156250000000e-02
1.518554687500000000e-01
3.610229492187500000e-02
-1.153320312500000000e+00
-2.858886718750000000e-01
1.750488281250000000e-01
-1.004028320312500000e-01
-7.220458984375000000e-02
2.504882812500000000e-01
-4.019165039062500000e-02
2.070312500000000000e-01
-1.665039062500000000e-01
3.686523437500000000e-01
-2.622070312500000000e-01
-1.790771484375000000e-01
-2.949218750000000000e-01
3.395996093750000000e-01
1.174316406250000000e-01
-7.379150390625000000e-02
1.710205078125000000e-01
-1.220703125000000000e-01
-3.933715820312500000e-02
-1.618652343750000000e-01
7.289886474609375000e-03
3.173828125000000000e-01
5.312500000000000000e-01
1.077880859375000000e-01
-2.415771484375000000e-01
-7.464599609375000000e-02
2.695312500000000000e-01
1.071777343750000000e-01
-1.586914062500000000e-01
-1.256103515625000000e-01
5.770874023437500000e-02
-6.628417968750000000e-02
-1.017456054687500000e-01
-8.172607421875000000e-02
-3.154296875000000000e-01
3.952026367187500000e-02
-2.832031250000000000e-01
6.762695312500000000e-02
3.928222656250000000e-01
5.166015625000000000e-01
1.643066406250000000e-01
3.654785156250000000e-01
8.471679687500000000e-02
-3.420410156250000000e-01
-1.594238281250000000e-01
3.635253906250000000e-01
-3.723144531250000000e-01
-1.233520507812500000e-01
1.864013671875000000e-01
-1.871337890625000000e-01
-2.109375000000000000e-01
-3.842773437500000000e-01
-6.878662109375000000e-02
3.391113281250000000e-01
5.560302734375000000e-02
-5.038452148437500000e-02
-1.152343750000000000e-01
-8.648681640625000000e-02
-2.858886718750000000e-01
-1.552734375000000000e-01
-9.460449218750000000e-02
-2.729492187500000000e-01
1.235961914062500000e-01
2.364501953125000000e-01
-8.361816406250000000e-02
3.479003906250000000e-01
3.068847656250000000e-01
-2.167968750000000000e-01
5.038452148437500000e-02
-4.656982421875000000e-02
-2.592773437500000000e-01
2.236328125000000000e-01
-2.219238281250000000e-01
-1.378173828125000000e-01
-2.868652343750000000e-01
7.244873046875000000e-02
2.824707031250000000e-01
5.346679687500000000e-02
1.273193359375000000e-01
-1.445312500000000000e-01
-4.592285156250000000e-01
4.040527343750000000e-01
1.566162109375000000e-01
-3.249511718750000000e-01
1.239624023437500000e-01
-1.624023437500000000e+00
6.220703125000000000e-01
-3.681640625000000000e-01
-9.094238281250000000e-02
1.370849609375000000e-01
2.795410156250000000e-01
5.194091796875000000e-02
1.130981445312500000e-01
5.856323242187500000e-02
1.851806640625000000e-01
-5.535888671875000000e-02
-2.717285156250000000e-01
-1.376953125000000000e-01
2.346191406250000000e-01
-6.130981445312500000e-02
-1.984863281250000000e-01
-1.248779296875000000e-01
-7.983398437500000000e-02
-1.840820312500000000e-01
-6.768798828125000000e-02
-3.002929687500000000e-01
6.137084960937500000e-02
2.038574218750000000e-01
-9.906005859375000000e-02
1.534423828125000000e-01
9.558105468750000000e-02
-2.027587890625000000e-01
3.805541992187500000e-02
-1.934814453125000000e-01
-3.488769531250000000e-01
-1.396942138671875000e-02
2.133789062500000000e-01
-4.684448242187500000e-03
-8.227539062500000000e-02
4.323730468750000000e-01
4.394531250000000000e-01
2.804565429687500000e-02
5.263671875000000000e-01
2.934570312500000000e-01
1.082153320312500000e-01
1.226043701171875000e-02
6.464843750000000000e+00
-1.678466796875000000e-01
-4.931640625000000000e-01
-7.348632812500000000e-02
-2.429199218750000000e-01
2.851562500000000000e-01
-2.558593750000000000e-01
2.243652343750000000e-01
1.193237304687500000e-01
-2.558593750000000000e-01
7.556152343750000000e-02
8.117675781250000000e-03
6.744384765625000000e-02
1.041259765625000000e-01
-3.325195312500000000e-01
9.655761718750000000e-02
-2.166748046875000000e-01
-4.373168945312500000e-02
-2.399902343750000000e-01
8.569335937500000000e-02
-2.524414062500000000e-01
-3.396606445312500000e-02
-1.547851562500000000e-01
-5.889892578125000000e-02
-1.314697265625000000e-01
-1.214599609375000000e-01
4.660644531250000000e-01
-1.298828125000000000e-01
-2.773437500000000000e-01
2.229003906250000000e-01
-2.703857421875000000e-02
-1.993408203125000000e-01
-3.566894531250000000e-01
1.577148437500000000e-01
2.529296875000000000e-01
3.583984375000000000e-01
2.668457031250000000e-01
2.792968750000000000e-01
1.038818359375000000e-01
6.268310546875000000e-02
-2.706050872802734375e-04
-1.853027343750000000e-01
-9.417724609375000000e-02
-1.010131835937500000e-01
2.156982421875000000e-01
1.381835937500000000e-01
-5.327148437500000000e-01
3.234863281250000000e-01
1.978759765625000000e-01
1.408386230468750000e-02
-6.298828125000000000e-02
-1.318359375000000000e-01
-2.414550781250000000e-01
2.189941406250000000e-01
-6.082153320312500000e-02
2.524414062500000000e-01
-2.812500000000000000e-01
5.722045898437500000e-02
-4.914550781250000000e-01
4.724121093750000000e-02
-1.807861328125000000e-01
-2.971191406250000000e-01
2.634277343750000000e-01
-2.980957031250000000e-01
1.953125000000000000e-01
-2.663574218750000000e-01
-3.659057617187500000e-02
8.209228515625000000e-02
-1.222534179687500000e-01
-1.817626953125000000e-01
-2.191162109375000000e-01
-2.644042968750000000e-01
-3.686523437500000000e-01
5.892944335937500000e-02
2.007484436035156250e-04
-2.270507812500000000e-01
5.300903320312500000e-02
3.557128906250000000e-01
4.829101562500000000e-01
3.278808593750000000e-01
-2.993164062500000000e-01
1.672363281250000000e-01
-9.796142578125000000e-02
3.303222656250000000e-01
-3.469238281250000000e-01
-1.505126953125000000e-01
-1.376953125000000000e-01
1.918029785156250000e-02
-1.732177734375000000e-01
-2.094726562500000000e-01
-1.120605468750000000e-01
-9.948730468750000000e-03
-6.945800781250000000e-02
2.000732421875000000e-01
2.186279296875000000e-01
6.494140625000000000e-02
-3.078613281250000000e-01
2.502441406250000000e-01
-8.483886718750000000e-02
1.100921630859375000e-02
-9.582519531250000000e-02
1.762695312500000000e-01
2.271728515625000000e-01
-3.350830078125000000e-02
2.597656250000000000e-01
-1.846923828125000000e-01
1.366424560546875000e-02
-4.403686523437500000e-02
-3.906250000000000000e-02
7.281494140625000000e-02
1.726074218750000000e-01
5.944824218750000000e-02
-3.405761718750000000e-01
9.057617187500000000e-02
3.155517578125000000e-02
2.313232421875000000e-01
2.211914062500000000e-01
-1.881103515625000000e-01
2.810058593750000000e-01
1.352539062500000000e-01
6.015625000000000000e-01
-2.116394042968750000e-02
-1.885986328125000000e-01
-6.202697753906250000e-03
-1.281738281250000000e-01
-6.726074218750000000e-02
1.016845703125000000e-01
2.015380859375000000e-01
2.204895019531250000e-02
-1.038818359375000000e-01
-2.027587890625000000e-01
9.130859375000000000e-02
-2.503967285156250000e-02
2.727050781250000000e-01
-3.913574218750000000e-01
-5.191040039062500000e-02
1.663818359375000000e-01
-6.408691406250000000e-02
-2.489013671875000000e-01
-8.105468750000000000e-02
2.357177734375000000e-01
1.409912109375000000e-01
-2.489013671875000000e-01
2.412109375000000000e-01
-1.767578125000000000e-01
-1.738281250000000000e-01
-8.996582031250000000e-02
5.214843750000000000e-01
1.026611328125000000e-01
2.360534667968750000e-02
2.365722656250000000e-01
1.163330078125000000e-01
-1.750183105468750000e-02
2.205810546875000000e-01
1.838378906250000000e-01
-3.390502929687500000e-02
-3.203125000000000000e-01
1.536865234375000000e-01
-5.627441406250000000e-02
5.590820312500000000e-01
1.018676757812500000e-01
-2.780761718750000000e-01
5.908203125000000000e-02
-2.286376953125000000e-01
-3.181152343750000000e-01
7.525634765625000000e-02
-1.286621093750000000e-01
1.257324218750000000e-01
8.685302734375000000e-02
-1.535644531250000000e-01
8.117675781250000000e-02
-1.833496093750000000e-01
-1.588134765625000000e-01
-1.337890625000000000e-01
-3.540039062500000000e-01
3.750000000000000000e-01
3.915405273437500000e-02
-1.263427734375000000e-01
-4.830932617187500000e-02
6.457031250000000000e+00
-5.685424804687500000e-02
-5.075073242187500000e-02
1.095581054687500000e-01
3.779296875000000000e-01
-1.060791015625000000e-01
9.979248046875000000e-02
-6.524658203125000000e-02
9.484863281250000000e-02
4.958496093750000000e-01
-2.433776855468750000e-03
2.680664062500000000e-01
-1.383056640625000000e-01
2.019042968750000000e-01
3.396606445312500000e-02
6.304931640625000000e-02
-5.542755126953125000e-03
-2.265625000000000000e+00
3.024902343750000000e-01
1.160888671875000000e-01
1.337890625000000000e-01
2.031250000000000000e-01
9.185791015625000000e-02
-2.429199218750000000e-01
2.790527343750000000e-01
-1.264648437500000000e-01
5.233764648437500000e-02
-2.775878906250000000e-01
2.257080078125000000e-01
-1.555175781250000000e-01
-2.893066406250000000e-01
-3.637695312500000000e-01
3.168945312500000000e-01
-1.056671142578125000e-02
1.210327148437500000e-01
-1.361083984375000000e-01
2.036132812500000000e-01
1.907958984375000000e-01
5.146484375000000000e-01
-1.064453125000000000e-01
2.534484863281250000e-02
-9.631347656250000000e-02
6.793212890625000000e-02
-3.698730468750000000e-02
1.735839843750000000e-01
1.089477539062500000e-02
2.153015136718750000e-02
2.912597656250000000e-01
-1.766357421875000000e-01
-2.265625000000000000e-01
1.752929687500000000e-01
3.059082031250000000e-01
3.911132812500000000e-01
-2.030029296875000000e-01
-1.804199218750000000e-01
8.990478515625000000e-02
-2.722167968750000000e-01
7.324218750000000000e-02
1.306152343750000000e-01
2.198486328125000000e-01
-2.678222656250000000e-01
1.295166015625000000e-01
-7.804870605468750000e-03
1.110076904296875000e-02
-2.353515625000000000e-01
-1.512451171875000000e-01
-4.069824218750000000e-01
8.410644531250000000e-02
2.958679199218750000e-02
-1.511230468750000000e-01
2.561035156250000000e-01
-7.856445312500000000e-01
1.268310546875000000e-01
-2.792968750000000000e-01
-4.571533203125000000e-02
3.778457641601562500e-03
-4.797363281250000000e-02
5.261230468750000000e-02
-1.904296875000000000e-01
-2.381591796875000000e-01
-3.889160156250000000e-01
-2.946777343750000000e-01
-1.218872070312500000e-01
5.893554687500000000e-01
3.210449218750000000e-01
-1.169433593750000000e-01
-9.002685546875000000e-02
4.233398437500000000e-01
-7.226562500000000000e-02
8.044433593750000000e-02
1.811027526855468750e-03
-4.184570312500000000e-01
-1.400146484375000000e-01
-2.290039062500000000e-01
4.604492187500000000e-01
-1.019897460937500000e-01
2.807617187500000000e-01
-9.973144531250000000e-02
-7.489013671875000000e-02
-5.981445312500000000e-02
-2.238769531250000000e-01
2.851562500000000000e-01
1.214599609375000000e-01
3.479003906250000000e-01
-3.757324218750000000e-01
4.110717773437500000e-02
2.122497558593750000e-02
2.739257812500000000e-01
1.208496093750000000e-01
-1.187744140625000000e-01
-1.772460937500000000e-01
-2.895507812500000000e-01
-1.118164062500000000e-01
-9.637451171875000000e-02
-3.908691406250000000e-01
-5.551757812500000000e-01
1.827392578125000000e-01
1.149902343750000000e-01
-3.921508789062500000e-03
-1.768798828125000000e-01
-1.840820312500000000e-01
6.708984375000000000e-01
1.151123046875000000e-01
-1.229858398437500000e-01
9.045410156250000000e-02
9.057617187500000000e-02
-2.917480468750000000e-01
-2.116699218750000000e-01
-1.331787109375000000e-01
-1.519775390625000000e-01
-1.577148437500000000e-01
-5.722045898437500000e-03
-4.458618164062500000e-02
1.907958984375000000e-01
-1.702880859375000000e-01
-1.575927734375000000e-01
6.002807617187500000e-02
1.144409179687500000e-02
-1.542968750000000000e-01
2.895507812500000000e-01
-3.295898437500000000e-02
1.254882812500000000e-01
1.761474609375000000e-01
5.126953125000000000e-01
2.575683593750000000e-01
-2.705078125000000000e-01
-1.393890380859375000e-02
-6.259765625000000000e-01
6.931304931640625000e-03
2.026367187500000000e-01
2.926635742187500000e-02
3.723144531250000000e-01
2.061767578125000000e-01
2.619934082031250000e-02
3.847656250000000000e-01
-1.464843750000000000e-01
3.845214843750000000e-01
1.556396484375000000e-01
3.247070312500000000e-02
-4.487304687500000000e-01
1.187896728515625000e-02
-2.561035156250000000e-01
-9.223937988281250000e-03
1.838378906250000000e-01
-1.468505859375000000e-01
2.481689453125000000e-01
5.996093750000000000e-01
-1.221923828125000000e-01
-1.100540161132812500e-03
-3.789062500000000000e-01
2.303466796875000000e-01
-3.261718750000000000e-01
-1.551055908203125000e-02
-2.257080078125000000e-01
-3.547363281250000000e-01
-1.055717468261718750e-03
-8.105468750000000000e-02
-3.790283203125000000e-02
-3.222656250000000000e-01
4.873046875000000000e-01
8.102416992187500000e-03
9.340820312500000000e-01
-7.293701171875000000e-02
1.022949218750000000e-01
3.645019531250000000e-01
2.885742187500000000e-01
-2.729797363281250000e-02
8.720397949218750000e-03
-3.225097656250000000e-01
9.436035156250000000e-02
5.545043945312500000e-02
-1.591796875000000000e-01
-3.997802734375000000e-02
9.356689453125000000e-02
9.661865234375000000e-02
6.945800781250000000e-02
-3.825683593750000000e-01
-1.416015625000000000e-01
-1.365966796875000000e-01
1.510009765625000000e-01
