9.399414062500000000e-02
1.352691650390625000e-02
-1.134033203125000000e-01
1.494140625000000000e-01
-3.032226562500000000e-01
-2.062988281250000000e-01
-3.781738281250000000e-01
-8.374023437500000000e-01
-9.521484375000000000e-02
1.823730468750000000e-01
-8.781433105468750000e-03
-3.921508789062500000e-03
3.007812500000000000e-01
-1.513671875000000000e-01
2.410888671875000000e-01
-9.101867675781250000e-03
1.639404296875000000e-01
-4.791259765625000000e-03
-2.924804687500000000e-01
-1.488037109375000000e-01
4.541015625000000000e-01
-1.441955566406250000e-02
2.001953125000000000e-01
-1.385498046875000000e-01
-3.657226562500000000e-01
1.262207031250000000e-01
-2.425537109375000000e-01
-8.306884765625000000e-02
3.422851562500000000e-01
4.860839843750000000e-01
-2.073974609375000000e-01
9.033203125000000000e-02
-4.594726562500000000e-01
-3.601074218750000000e-02
-1.674804687500000000e-01
-3.635253906250000000e-01
-1.420974731445312500e-03
3.000488281250000000e-01
4.830932617187500000e-02
-4.472656250000000000e-01
-6.506347656250000000e-02
-1.389312744140625000e-02
1.979064941406250000e-02
-2.937011718750000000e-01
1.765136718750000000e-01
4.067382812500000000e-01
5.498046875000000000e-01
6.542968750000000000e-02
4.082031250000000000e-01
2.243652343750000000e-01
-8.917236328125000000e-02
1.190185546875000000e-03
2.758789062500000000e-01
7.122802734375000000e-02
-1.217041015625000000e-01
-4.605102539062500000e-02
3.063964843750000000e-02
3.759765625000000000e-01
-3.840332031250000000e-01
2.509765625000000000e-01
2.176513671875000000e-01
-2.457275390625000000e-01
2.912597656250000000e-01
-4.537963867187500000e-02
2.735900878906250000e-02
-1.621093750000000000e-01
-1.851806640625000000e-01
9.100341796875000000e-02
3.622436523437500000e-02
1.861572265625000000e-02
-1.199340820312500000e-01
-1.912841796875000000e-01
1.103210449218750000e-02
1.204223632812500000e-01
-3.486328125000000000e-01
-1.417236328125000000e-01
9.478759765625000000e-02
-6.183624267578125000e-03
2.390136718750000000e-01
2.078857421875000000e-01
-5.410156250000000000e-01
-2.393798828125000000e-01
2.673339843750000000e-01
1.995849609375000000e-01
-2.337646484375000000e-01
1.249389648437500000e-01
1.672363281250000000e-01
-4.877929687500000000e-01
-9.814453125000000000e-02
3.703613281250000000e-01
3.232421875000000000e-01
-3.347167968750000000e-01
-1.481445312500000000e+00
3.405761718750000000e-01
-3.212890625000000000e-01
2.856445312500000000e-01
1.439208984375000000e-01
8.923339843750000000e-02
2.973632812500000000e-01
-3.686523437500000000e-02
-1.771240234375000000e-01
5.083007812500000000e-01
-8.071899414062500000e-03
2.848815917968750000e-02
-4.030761718750000000e-01
1.406250000000000000e-01
-1.326904296875000000e-01
-3.752441406250000000e-01
-1.341552734375000000e-01
-1.745605468750000000e-01
2.000427246093750000e-02
5.744934082031250000e-03
-1.982421875000000000e-01
3.789062500000000000e-01
1.016235351562500000e-01
-8.032226562500000000e-02
4.060058593750000000e-01
4.497070312500000000e-01
-4.433593750000000000e-01
1.763916015625000000e-01
1.715087890625000000e-01
-2.749023437500000000e-01
-3.845214843750000000e-03
-1.084594726562500000e-01
2.393798828125000000e-01
-6.669921875000000000e-01
3.571777343750000000e-01
-2.276611328125000000e-01
2.553710937500000000e-01
3.232421875000000000e-01
1.529541015625000000e-01
-1.667480468750000000e-01
-2.084960937500000000e-01
5.855468750000000000e+00
-1.464843750000000000e-01
4.037475585937500000e-02
-1.176452636718750000e-02
-5.981445312500000000e-01
1.809082031250000000e-01
1.026611328125000000e-01
8.947753906250000000e-02
2.054443359375000000e-01
2.198486328125000000e-01
5.581054687500000000e-01
-1.038208007812500000e-01
-1.024780273437500000e-01
7.269287109375000000e-02
-5.252838134765625000e-03
-2.513122558593750000e-02
-1.855468750000000000e-01
-1.658935546875000000e-01
-3.859863281250000000e-01
7.408142089843750000e-03
5.349731445312500000e-02
-1.318359375000000000e-01
-1.273193359375000000e-01
-1.224365234375000000e-01
-9.375000000000000000e-02
4.266357421875000000e-02
4.548339843750000000e-01
-4.702758789062500000e-02
2.500000000000000000e-01
-5.141601562500000000e-01
-7.934570312500000000e-02
-8.892822265625000000e-02
1.052856445312500000e-02
2.924804687500000000e-01
-1.491699218750000000e-01
1.650390625000000000e-01
-6.219482421875000000e-02
-2.042236328125000000e-01
-3.776855468750000000e-01
-2.297363281250000000e-01
1.152343750000000000e-01
2.575683593750000000e-02
2.999877929687500000e-02
9.106445312500000000e-02
6.732177734375000000e-02
4.050292968750000000e-01
-2.626953125000000000e-01
-2.373046875000000000e-01
7.745361328125000000e-02
-4.450683593750000000e-01
-2.832031250000000000e-01
5.667114257812500000e-02
-4.216308593750000000e-01
3.022460937500000000e-01
-2.263183593750000000e-01
4.111328125000000000e-01
-2.680664062500000000e-01
-1.134033203125000000e-01
2.609863281250000000e-01
2.455139160156250000e-02
-1.047363281250000000e-01
3.399658203125000000e-02
-2.329101562500000000e-01
-1.821289062500000000e-01
3.588867187500000000e-02
-1.088256835937500000e-01
-1.998291015625000000e-01
5.779266357421875000e-04
-1.649169921875000000e-01
1.101684570312500000e-01
-7.214355468750000000e-02
1.832275390625000000e-01
1.762695312500000000e-01
3.634643554687500000e-02
-3.486328125000000000e-01
-3.701171875000000000e-01
3.836059570312500000e-02
3.688964843750000000e-01
2.369384765625000000e-01
-9.008789062500000000e-02
-4.977416992187500000e-02
-3.581542968750000000e-01
3.137207031250000000e-01
2.958984375000000000e-01
-5.346679687500000000e-01
2.172851562500000000e-01
-3.591308593750000000e-01
9.143066406250000000e-02
-4.177246093750000000e-01
-1.224975585937500000e-01
-3.361816406250000000e-01
1.015625000000000000e-01
9.936523437500000000e-02
2.648925781250000000e-01
-2.824707031250000000e-01
2.171630859375000000e-01
-1.087036132812500000e-01
-1.302490234375000000e-01
5.010986328125000000e-02
-2.368164062500000000e-02
-1.457519531250000000e-01
5.576171875000000000e-01
-8.282470703125000000e-02
-1.373291015625000000e-01
-3.537597656250000000e-01
-1.135864257812500000e-01
9.240722656250000000e-02
-3.798828125000000000e-01
-8.232116699218750000e-03
-3.544921875000000000e-01
-1.396484375000000000e-01
2.333068847656250000e-02
3.513183593750000000e-01
-3.582763671875000000e-02
3.237304687500000000e-01
8.856201171875000000e-02
9.204101562500000000e-02
-4.689941406250000000e-01
-2.199707031250000000e-01
-2.593994140625000000e-02
2.220458984375000000e-01
2.827148437500000000e-01
1.723632812500000000e-01
1.679992675781250000e-02
8.081054687500000000e-02
-1.492919921875000000e-01
-1.846923828125000000e-01
2.492675781250000000e-01
4.475097656250000000e-01
-3.713378906250000000e-01
1.135253906250000000e-02
1.606445312500000000e-01
-8.551025390625000000e-02
3.054199218750000000e-01
1.629638671875000000e-01
2.186279296875000000e-01
-2.770996093750000000e-01
-4.003906250000000000e-01
-3.156738281250000000e-01
3.049316406250000000e-01
-2.064208984375000000e-01
-3.808593750000000000e-02
8.129882812500000000e-02
1.474380493164062500e-03
-2.008056640625000000e-01
1.685791015625000000e-01
1.906738281250000000e-01
6.215820312500000000e-01
-2.524414062500000000e-01
2.836914062500000000e-01
4.764556884765625000e-03
-3.900146484375000000e-02
8.044433593750000000e-02
8.178710937500000000e-02
-1.700439453125000000e-01
2.200927734375000000e-01
-1.074829101562500000e-01
7.958984375000000000e-02
3.421020507812500000e-02
1.488037109375000000e-01
3.154296875000000000e-01
-1.466064453125000000e-01
-5.195312500000000000e-01
5.664062500000000000e-02
-4.924316406250000000e-01
1.268310546875000000e-01
-4.974365234375000000e-02
5.355834960937500000e-02
-5.612182617187500000e-02
-2.336425781250000000e-01
-1.204833984375000000e-01
1.553955078125000000e-01
-8.514404296875000000e-02
-1.231689453125000000e-01
-2.373046875000000000e-01
-1.156005859375000000e-01
1.719970703125000000e-01
5.456542968750000000e-02
3.054199218750000000e-01
5.859375000000000000e+00
2.612304687500000000e-01
6.396484375000000000e-02
-5.728149414062500000e-02
-2.561950683593750000e-02
-3.341674804687500000e-02
5.976562500000000000e-01
8.502197265625000000e-02
1.728515625000000000e-01
3.142089843750000000e-01
1.359863281250000000e-01
-4.190063476562500000e-02
1.750183105468750000e-02
-2.167968750000000000e-01
1.716308593750000000e-01
3.625488281250000000e-01
-9.356689453125000000e-02
-2.132812500000000000e+00
2.460937500000000000e-01
2.287597656250000000e-01
7.910156250000000000e-02
-2.242431640625000000e-01
-1.246948242187500000e-01
1.776123046875000000e-02
3.603515625000000000e-01
-1.444091796875000000e-01
-1.122436523437500000e-01
-2.363281250000000000e-01
1.011962890625000000e-01
7.653808593750000000e-02
1.584472656250000000e-01
-1.788330078125000000e-01
7.440185546875000000e-02
-3.274536132812500000e-02
1.858520507812500000e-02
-9.185791015625000000e-02
-4.772949218750000000e-02
-1.761474609375000000e-01
1.583862304687500000e-02
-3.693847656250000000e-01
-1.589355468750000000e-01
2.573242187500000000e-01
-2.211914062500000000e-01
-9.619140625000000000e-02
-2.095947265625000000e-01
3.054199218750000000e-01
1.216430664062500000e-01
3.022460937500000000e-01
-1.416015625000000000e-01
2.593994140625000000e-02
-1.267089843750000000e-01
-3.248214721679687500e-03
-1.675415039062500000e-02
2.523803710937500000e-02
3.522949218750000000e-01
1.618652343750000000e-01
-1.236572265625000000e-01
3.056335449218750000e-02
4.440917968750000000e-01
3.723144531250000000e-02
1.307373046875000000e-01
1.239624023437500000e-01
-3.701171875000000000e-01
-3.205566406250000000e-01
-1.018676757812500000e-01
-1.972198486328125000e-03
-2.758789062500000000e-01
-5.428314208984375000e-03
-2.180175781250000000e-01
6.231689453125000000e-02
6.173706054687500000e-02
-2.553710937500000000e-01
-9.613037109375000000e-02
-1.752929687500000000e-01
-3.808593750000000000e-02
8.880615234375000000e-02
-5.322265625000000000e-01
1.112670898437500000e-01
-2.856445312500000000e-01
1.036376953125000000e-01
9.902954101562500000e-03
-2.347412109375000000e-01
1.046752929687500000e-01
3.801269531250000000e-01
-1.533203125000000000e-01
-5.795288085937500000e-02
-5.649414062500000000e-01
2.296447753906250000e-02
7.452392578125000000e-02
-2.711486816406250000e-02
1.619873046875000000e-01
2.534179687500000000e-01
-3.726196289062500000e-02
-1.854248046875000000e-01
-4.567871093750000000e-01
-9.814453125000000000e-02
-4.895019531250000000e-02
1.737060546875000000e-01
6.921386718750000000e-02
-4.499511718750000000e-01
-1.986083984375000000e-01
3.271484375000000000e-01
-1.595458984375000000e-01
-4.526367187500000000e-01
-7.006835937500000000e-02
-3.312988281250000000e-01
3.110351562500000000e-01
-7.067871093750000000e-02
-1.916503906250000000e-02
-1.447753906250000000e-01
-2.308654785156250000e-02
-2.027587890625000000e-01
-4.077148437500000000e-01
-2.116699218750000000e-01
-7.928466796875000000e-02
2.237548828125000000e-01
-5.300903320312500000e-02
4.760742187500000000e-01
-7.177734375000000000e-02
-1.887207031250000000e-01
-1.870117187500000000e-01
-2.551269531250000000e-01
1.832275390625000000e-01
-3.982543945312500000e-02
-3.393554687500000000e-02
3.161621093750000000e-02
-9.466552734375000000e-02
-1.961669921875000000e-01
-3.854980468750000000e-01
-2.543945312500000000e-01
-1.328125000000000000e-01
-4.838867187500000000e-01
1.202392578125000000e-01
-2.156982421875000000e-01
-3.029785156250000000e-01
-4.643554687500000000e-01
-1.448974609375000000e-01
2.575683593750000000e-01
-3.276367187500000000e-01
3.559570312500000000e-01
-1.060180664062500000e-01
5.728149414062500000e-02
-4.323730468750000000e-01
4.279785156250000000e-01
4.943847656250000000e-01
7.550048828125000000e-02
1.422119140625000000e-01
-1.427001953125000000e-01
1.683044433593750000e-02
4.667968750000000000e-01
1.539306640625000000e-01
1.074981689453125000e-02
4.042968750000000000e-01
2.237548828125000000e-01
-8.978271484375000000e-02
1.017456054687500000e-01
-2.760314941406250000e-02
-8.416748046875000000e-02
2.285766601562500000e-02
-3.210449218750000000e-01
3.203125000000000000e-01
3.134765625000000000e-01
8.703613281250000000e-02
1.125488281250000000e-01
-1.855468750000000000e-01
2.451171875000000000e-01
1.640625000000000000e-01
5.156250000000000000e-01
-8.300781250000000000e-02
-8.784179687500000000e-01
3.948974609375000000e-02
5.668640136718750000e-03
-2.246093750000000000e-01
3.512573242187500000e-02
4.792480468750000000e-01
-4.455566406250000000e-03
2.034912109375000000e-01
-3.261718750000000000e-01
-2.167968750000000000e-01
-1.514892578125000000e-01
1.092529296875000000e-01
7.041015625000000000e-01
1.309814453125000000e-01
1.911621093750000000e-01
4.790039062500000000e-01
9.802246093750000000e-02
-5.029296875000000000e-01
-1.987304687500000000e-01
2.917480468750000000e-02
-1.397705078125000000e-01
5.200195312500000000e-01
-1.055297851562500000e-01
2.304687500000000000e-01
-7.879638671875000000e-02
-1.473388671875000000e-01
1.629638671875000000e-01
-1.483154296875000000e-01
-1.211547851562500000e-01
-1.337890625000000000e-01
1.091918945312500000e-01
