-1.693115234375000000e-01
1.278076171875000000e-01
1.028442382812500000e-01
8.148193359375000000e-02
5.331420898437500000e-02
2.944335937500000000e-01
8.624267578125000000e-02
-1.025390625000000000e+00
1.315917968750000000e-01
3.874511718750000000e-01
-2.084960937500000000e-01
1.923828125000000000e-01
3.271484375000000000e-01
-2.856445312500000000e-01
3.059387207031250000e-02
-6.347656250000000000e-02
2.012939453125000000e-01
2.636718750000000000e-01
2.673339843750000000e-01
-5.868530273437500000e-02
2.724609375000000000e-01
6.530761718750000000e-02
1.206665039062500000e-01
2.491455078125000000e-01
4.318847656250000000e-01
-4.138946533203125000e-03
-9.417724609375000000e-02
-2.326660156250000000e-01
-6.951904296875000000e-02
3.369140625000000000e-01
-1.177368164062500000e-01
-2.548828125000000000e-01
-3.215332031250000000e-01
1.152343750000000000e-01
5.697631835937500000e-02
-7.977294921875000000e-02
-9.658813476562500000e-03
-1.326904296875000000e-01
-3.994140625000000000e-01
1.869201660156250000e-02
2.502441406250000000e-01
2.309570312500000000e-01
-2.398681640625000000e-02
-1.815185546875000000e-01
1.378173828125000000e-01
3.688964843750000000e-01
4.274902343750000000e-01
-4.513549804687500000e-02
2.399902343750000000e-01
-1.114501953125000000e-01
3.646850585937500000e-02
-1.582336425781250000e-02
3.935546875000000000e-01
-2.648925781250000000e-01
1.274414062500000000e-01
-3.994750976562500000e-02
-2.666015625000000000e-01
-1.313476562500000000e-01
-4.169921875000000000e-01
1.118774414062500000e-01
4.531860351562500000e-02
-4.718017578125000000e-02
-1.461181640625000000e-01
-1.623535156250000000e-01
-3.381347656250000000e-01
-1.171875000000000000e-01
3.632812500000000000e-01
1.016845703125000000e-01
-3.647460937500000000e-01
3.291015625000000000e-01
2.932128906250000000e-01
1.468505859375000000e-01
2.907714843750000000e-01
-1.006469726562500000e-01
-2.919921875000000000e-01
1.483154296875000000e-01
-3.000488281250000000e-01
-1.989746093750000000e-01
-2.783203125000000000e-01
-2.940368652343750000e-02
2.086181640625000000e-01
-4.343261718750000000e-01
7.189941406250000000e-02
1.748046875000000000e-01
-5.325317382812500000e-02
-3.388671875000000000e-01
2.731933593750000000e-01
-3.020019531250000000e-01
-3.322753906250000000e-01
5.156250000000000000e-01
-5.703735351562500000e-02
-4.592895507812500000e-02
-1.482421875000000000e+00
-1.365966796875000000e-01
-1.434326171875000000e-01
-5.764770507812500000e-02
1.480712890625000000e-01
1.209106445312500000e-01
1.060180664062500000e-01
5.520629882812500000e-02
3.686523437500000000e-01
2.629394531250000000e-01
1.846313476562500000e-02
-2.390136718750000000e-01
-6.972656250000000000e-01
-4.675292968750000000e-01
1.077270507812500000e-01
-1.949462890625000000e-01
-7.696533203125000000e-02
2.697753906250000000e-01
-2.091064453125000000e-01
9.918212890625000000e-02
2.043457031250000000e-01
-1.964111328125000000e-01
-2.592773437500000000e-01
-8.959960937500000000e-02
5.239257812500000000e-01
3.569335937500000000e-01
-1.317138671875000000e-01
4.956054687500000000e-01
-1.858520507812500000e-02
-1.347656250000000000e-01
3.886718750000000000e-01
2.993164062500000000e-01
1.833496093750000000e-01
7.122802734375000000e-02
1.072998046875000000e-01
3.989257812500000000e-01
-1.405029296875000000e-01
2.446289062500000000e-01
4.827880859375000000e-02
4.946899414062500000e-02
6.555175781250000000e-02
5.257812500000000000e+00
-1.903076171875000000e-01
1.724853515625000000e-01
-1.877441406250000000e-01
-6.362304687500000000e-01
3.045654296875000000e-02
-1.790771484375000000e-01
2.279052734375000000e-01
-1.889648437500000000e-01
1.126098632812500000e-01
2.863769531250000000e-01
-5.766601562500000000e-01
-4.055175781250000000e-01
-4.229736328125000000e-02
1.516113281250000000e-01
-2.498779296875000000e-01
-1.712646484375000000e-01
-1.741943359375000000e-01
1.205444335937500000e-01
2.365112304687500000e-02
1.749267578125000000e-01
7.116699218750000000e-02
-1.448974609375000000e-01
-1.948242187500000000e-01
8.880615234375000000e-02
-2.976074218750000000e-01
-1.146850585937500000e-01
-4.904785156250000000e-01
1.929931640625000000e-01
3.325195312500000000e-01
9.875488281250000000e-02
4.589843750000000000e-02
4.458618164062500000e-02
-1.926269531250000000e-01
-4.387207031250000000e-01
3.874511718750000000e-01
-2.709960937500000000e-01
-9.521484375000000000e-02
-2.338867187500000000e-01
-3.684082031250000000e-01
2.659606933593750000e-02
4.699707031250000000e-02
1.423339843750000000e-01
-1.223144531250000000e-01
1.017456054687500000e-01
4.362792968750000000e-01
-6.652832031250000000e-02
-2.448730468750000000e-01
2.558898925781250000e-02
-1.745605468750000000e-01
-2.543945312500000000e-01
-4.107666015625000000e-02
-4.086914062500000000e-01
5.960083007812500000e-02
1.875000000000000000e-01
2.104492187500000000e-01
-1.849365234375000000e-01
-1.428222656250000000e-01
-2.692871093750000000e-01
-2.431640625000000000e-01
2.473144531250000000e-01
-3.808593750000000000e-02
1.151123046875000000e-01
-6.616210937500000000e-02
3.305664062500000000e-01
1.482963562011718750e-03
-2.259521484375000000e-01
-3.704833984375000000e-02
-1.400146484375000000e-01
2.009277343750000000e-01
-2.800292968750000000e-01
-1.033325195312500000e-01
4.603862762451171875e-04
1.810302734375000000e-01
2.491455078125000000e-01
-5.459594726562500000e-02
-7.342529296875000000e-02
3.151855468750000000e-01
5.166015625000000000e-01
1.796875000000000000e-01
1.388549804687500000e-02
3.378906250000000000e-01
-2.700195312500000000e-01
3.295898437500000000e-01
3.925781250000000000e-01
-1.561279296875000000e-01
3.945312500000000000e-01
-3.616333007812500000e-02
-2.602539062500000000e-01
-5.416870117187500000e-02
-6.000976562500000000e-01
4.018554687500000000e-01
1.706542968750000000e-01
2.238769531250000000e-01
-3.388671875000000000e-01
8.001708984375000000e-02
9.545898437500000000e-02
-4.327392578125000000e-02
-1.226806640625000000e-01
-1.844482421875000000e-01
9.558105468750000000e-02
4.123535156250000000e-01
3.200683593750000000e-01
-1.878662109375000000e-01
2.120361328125000000e-01
1.325683593750000000e-01
-2.484130859375000000e-01
-1.938476562500000000e-01
-4.409179687500000000e-01
-7.421875000000000000e-02
-4.836425781250000000e-01
1.187133789062500000e-01
6.054687500000000000e-02
-1.291503906250000000e-01
-3.037109375000000000e-01
-7.489013671875000000e-02
-3.129882812500000000e-01
3.875732421875000000e-02
2.690429687500000000e-01
1.545410156250000000e-01
-1.662597656250000000e-01
-1.916503906250000000e-02
-1.594238281250000000e-01
7.128906250000000000e-02
2.246093750000000000e-01
-1.837158203125000000e-01
-4.959106445312500000e-02
-2.917480468750000000e-01
1.958847045898437500e-03
-3.898925781250000000e-01
8.886718750000000000e-02
2.421875000000000000e-01
5.444335937500000000e-02
1.108398437500000000e-01
6.463623046875000000e-02
1.053466796875000000e-01
-7.501220703125000000e-02
2.277832031250000000e-01
-5.688476562500000000e-01
-1.767578125000000000e-01
2.386474609375000000e-01
-4.739379882812500000e-02
-8.312988281250000000e-02
1.350097656250000000e-01
-2.025146484375000000e-01
2.192382812500000000e-01
3.566894531250000000e-01
5.527343750000000000e-01
-2.433776855468750000e-02
-6.204223632812500000e-02
-1.995849609375000000e-02
-6.015625000000000000e-01
6.365966796875000000e-02
1.213989257812500000e-01
5.792236328125000000e-02
9.393310546875000000e-02
-4.336547851562500000e-02
3.132324218750000000e-01
-1.110229492187500000e-01
3.544921875000000000e-01
-2.437744140625000000e-01
3.925323486328125000e-03
2.128906250000000000e-01
-4.829406738281250000e-03
-1.564941406250000000e-01
-7.336425781250000000e-02
4.572753906250000000e-01
-4.169921875000000000e-01
1.878662109375000000e-01
-2.636718750000000000e-02
5.102539062500000000e-02
4.655761718750000000e-01
2.761230468750000000e-01
-3.046875000000000000e-01
1.748046875000000000e-01
2.819824218750000000e-02
2.420654296875000000e-01
2.371215820312500000e-02
8.642578125000000000e-02
5.257812500000000000e+00
-1.960449218750000000e-01
-2.587890625000000000e-02
2.033691406250000000e-01
1.024169921875000000e-01
-2.084960937500000000e-01
6.518554687500000000e-01
-1.481628417968750000e-02
5.878906250000000000e-01
2.724609375000000000e-01
2.291259765625000000e-01
-1.257324218750000000e-01
9.625244140625000000e-02
-4.959106445312500000e-02
-6.137084960937500000e-02
4.577636718750000000e-02
4.528808593750000000e-02
-2.259765625000000000e+00
1.754150390625000000e-01
1.134490966796875000e-02
1.589355468750000000e-01
5.468750000000000000e-02
-1.904296875000000000e-01
-4.096679687500000000e-01
2.490234375000000000e-01
-1.377868652343750000e-02
-5.764770507812500000e-02
-2.054443359375000000e-01
-9.466552734375000000e-02
-1.900634765625000000e-01
1.147460937500000000e-01
-1.537322998046875000e-02
-2.553939819335937500e-03
-3.704833984375000000e-02
-2.902832031250000000e-01
-1.382446289062500000e-02
9.735107421875000000e-02
-3.955078125000000000e-02
2.061767578125000000e-01
-2.385253906250000000e-01
-1.023559570312500000e-01
3.317871093750000000e-01
1.176147460937500000e-01
5.566406250000000000e-02
-2.687988281250000000e-01
2.164306640625000000e-01
1.195068359375000000e-01
2.465820312500000000e-02
-2.391357421875000000e-01
2.376708984375000000e-01
-5.346679687500000000e-01
4.177856445312500000e-02
7.330322265625000000e-02
-9.832763671875000000e-02
-1.216125488281250000e-02
-3.738403320312500000e-02
3.193359375000000000e-01
-1.459960937500000000e-01
-1.063842773437500000e-01
-6.707763671875000000e-02
1.821899414062500000e-02
2.369689941406250000e-02
3.533935546875000000e-02
-6.059570312500000000e-01
-1.177978515625000000e-01
-1.527099609375000000e-01
-6.538085937500000000e-01
-1.953125000000000000e-01
-3.261718750000000000e-01
-1.728515625000000000e-01
-6.237792968750000000e-02
-8.557128906250000000e-02
2.077636718750000000e-01
-5.698242187500000000e-01
-1.038360595703125000e-02
-2.341308593750000000e-01
1.093864440917968750e-03
-1.512451171875000000e-01
-2.993164062500000000e-01
2.313232421875000000e-01
2.093505859375000000e-01
-4.980468750000000000e-02
2.056884765625000000e-01
-1.636962890625000000e-01
-5.557250976562500000e-02
-2.868652343750000000e-01
-2.736816406250000000e-01
1.704101562500000000e-01
-2.073974609375000000e-01
1.429443359375000000e-01
-5.291748046875000000e-02
-1.624755859375000000e-01
-5.556640625000000000e-01
-7.617187500000000000e-02
-6.057739257812500000e-02
-7.946777343750000000e-02
-6.015014648437500000e-02
-1.662597656250000000e-01
1.051025390625000000e-01
2.778320312500000000e-01
-6.469726562500000000e-02
-1.875305175781250000e-02
2.043457031250000000e-01
7.807617187500000000e-01
-1.310729980468750000e-02
1.383056640625000000e-01
2.023925781250000000e-01
-1.796875000000000000e-01
1.201171875000000000e-01
-8.758544921875000000e-03
-1.909179687500000000e-01
-3.149414062500000000e-01
1.864013671875000000e-01
1.671142578125000000e-01
-3.862304687500000000e-01
-2.088623046875000000e-01
1.159667968750000000e-01
-2.673339843750000000e-01
2.612304687500000000e-01
-2.167968750000000000e-01
-2.149658203125000000e-01
-6.243896484375000000e-02
-1.544189453125000000e-01
9.338378906250000000e-02
-3.068847656250000000e-01
7.141113281250000000e-02
-5.141601562500000000e-01
9.533691406250000000e-02
-6.665039062500000000e-02
-2.631835937500000000e-01
-9.960937500000000000e-02
-1.468505859375000000e-01
2.305908203125000000e-01
1.156616210937500000e-01
-4.570312500000000000e-01
8.740234375000000000e-02
4.644775390625000000e-02
4.089355468750000000e-01
5.755615234375000000e-02
1.968994140625000000e-01
-1.412963867187500000e-02
-1.020507812500000000e-01
-4.223632812500000000e-02
2.846679687500000000e-01
6.694793701171875000e-03
2.152099609375000000e-01
4.777832031250000000e-01
-4.868164062500000000e-01
-3.034667968750000000e-01
2.333984375000000000e-01
6.396484375000000000e-02
3.596191406250000000e-01
6.385803222656250000e-03
4.899902343750000000e-01
-3.198242187500000000e-02
-2.609863281250000000e-01
-2.299499511718750000e-02
-1.195068359375000000e-01
-3.115844726562500000e-02
-3.515625000000000000e-01
-1.643066406250000000e-01
-1.141357421875000000e-01
-5.024414062500000000e-01
-8.331298828125000000e-02
-4.392089843750000000e-01
1.357421875000000000e-01
2.573242187500000000e-01
2.310791015625000000e-01
1.606445312500000000e-01
-3.471679687500000000e-01
-2.136230468750000000e-01
1.481933593750000000e-01
2.541503906250000000e-01
1.922607421875000000e-01
4.199218750000000000e-01
-9.820556640625000000e-02
-1.877441406250000000e-01
-1.293945312500000000e-01
-6.474609375000000000e-01
-4.937744140625000000e-02
-2.110595703125000000e-01
6.542968750000000000e-01
-9.101867675781250000e-03
2.612304687500000000e-01
2.463378906250000000e-01
1.328125000000000000e-01
7.843017578125000000e-02
-3.728027343750000000e-01
-1.218414306640625000e-02
-7.073974609375000000e-02
2.675781250000000000e-01
2.819824218750000000e-01
4.179687500000000000e-01
-2.543640136718750000e-02
1.092529296875000000e-01
8.041381835937500000e-03
-2.078857421875000000e-01
-3.225708007812500000e-02
-3.461914062500000000e-01
1.801757812500000000e-01
