1.711425781250000000e-01
6.335449218750000000e-02
1.364746093750000000e-01
-2.137451171875000000e-01
-5.483398437500000000e-01
8.679199218750000000e-02
-1.209716796875000000e-01
-7.060546875000000000e-01
-2.227783203125000000e-02
2.382812500000000000e-01
2.017822265625000000e-01
-2.101135253906250000e-02
1.966857910156250000e-02
-3.076171875000000000e-01
4.284667968750000000e-01
2.944335937500000000e-01
6.152343750000000000e-01
2.786254882812500000e-02
-4.323730468750000000e-01
5.258178710937500000e-02
4.213867187500000000e-01
-4.754638671875000000e-02
2.050781250000000000e-01
1.502685546875000000e-01
-1.159057617187500000e-01
4.263305664062500000e-02
-1.427001953125000000e-01
-2.868652343750000000e-01
-2.211914062500000000e-01
1.610107421875000000e-01
-2.015380859375000000e-01
-1.562500000000000000e-01
-1.354980468750000000e-01
3.049316406250000000e-01
-6.093750000000000000e-01
2.120971679687500000e-02
-2.072143554687500000e-02
4.785156250000000000e-01
2.878417968750000000e-01
1.070556640625000000e-01
2.687988281250000000e-01
9.161376953125000000e-02
-1.401367187500000000e-01
2.272949218750000000e-01
2.479248046875000000e-01
2.310791015625000000e-01
-9.588623046875000000e-02
-2.381591796875000000e-01
3.781738281250000000e-01
3.222656250000000000e-02
3.100585937500000000e-01
3.839111328125000000e-02
4.572753906250000000e-01
-1.904296875000000000e-01
-4.262695312500000000e-01
-5.356445312500000000e-01
6.573486328125000000e-02
2.341308593750000000e-01
6.951904296875000000e-02
-2.907714843750000000e-01
3.356933593750000000e-01
-3.817749023437500000e-02
-7.507324218750000000e-02
6.112670898437500000e-02
-4.399414062500000000e-01
-2.077636718750000000e-01
-3.869628906250000000e-02
2.854003906250000000e-01
-3.322753906250000000e-01
-1.549072265625000000e-01
-8.697509765625000000e-02
-1.303710937500000000e-01
1.876220703125000000e-01
-1.103515625000000000e-01
1.599121093750000000e-02
-3.078613281250000000e-01
5.123901367187500000e-02
2.315673828125000000e-01
1.463623046875000000e-01
-3.618164062500000000e-01
-2.792968750000000000e-01
-1.939697265625000000e-01
-1.270751953125000000e-01
4.367675781250000000e-01
-2.369689941406250000e-02
-1.234130859375000000e-01
-1.162719726562500000e-01
-4.631347656250000000e-01
3.973388671875000000e-02
-1.259765625000000000e-01
-3.361816406250000000e-01
-3.312988281250000000e-01
-1.357421875000000000e+00
5.200195312500000000e-01
1.168823242187500000e-01
2.147216796875000000e-01
-2.402343750000000000e-01
2.059326171875000000e-01
2.310791015625000000e-01
-1.333007812500000000e-01
2.512207031250000000e-01
-2.365722656250000000e-01
1.375732421875000000e-01
-2.439880371093750000e-02
-2.237548828125000000e-01
1.134643554687500000e-01
-5.126953125000000000e-02
4.458618164062500000e-02
3.642578125000000000e-01
-5.273437500000000000e-01
7.629394531250000000e-02
-6.076049804687500000e-02
-8.221435546875000000e-02
2.454833984375000000e-01
3.079223632812500000e-02
2.233886718750000000e-02
-7.099151611328125000e-03
4.028320312500000000e-01
1.110839843750000000e-01
-1.909179687500000000e-01
-2.242431640625000000e-01
-4.582519531250000000e-01
-3.398437500000000000e-01
-8.538818359375000000e-02
-1.340332031250000000e-01
-4.693603515625000000e-02
1.765136718750000000e-01
-2.379150390625000000e-01
1.342773437500000000e-01
1.530761718750000000e-01
7.159423828125000000e-02
-4.145507812500000000e-01
8.044433593750000000e-02
5.726562500000000000e+00
-1.389160156250000000e-01
-2.656250000000000000e-01
2.696228027343750000e-02
-2.973632812500000000e-01
-2.377929687500000000e-01
-2.136230468750000000e-01
-3.000488281250000000e-01
1.386718750000000000e-01
1.285400390625000000e-01
3.090820312500000000e-01
-2.357177734375000000e-01
6.280517578125000000e-02
1.300048828125000000e-01
-5.270385742187500000e-02
-1.118164062500000000e-01
-2.575683593750000000e-01
1.547851562500000000e-01
-8.709716796875000000e-02
-1.472167968750000000e-01
5.209960937500000000e-01
-3.706054687500000000e-01
-2.585449218750000000e-01
-6.970214843750000000e-02
-9.478759765625000000e-02
-2.849121093750000000e-01
1.311035156250000000e-01
-7.965087890625000000e-02
-3.591308593750000000e-01
1.312255859375000000e-01
-3.671875000000000000e-01
-3.989257812500000000e-01
-1.191406250000000000e-01
1.084594726562500000e-01
-3.234863281250000000e-01
2.124023437500000000e-01
5.828857421875000000e-02
-3.250122070312500000e-02
-4.084472656250000000e-01
5.035400390625000000e-02
1.166381835937500000e-01
3.967285156250000000e-02
2.587890625000000000e-01
5.807495117187500000e-02
7.116699218750000000e-02
-2.931213378906250000e-02
2.951660156250000000e-01
-1.882324218750000000e-01
4.721679687500000000e-01
-5.673828125000000000e-01
-3.552246093750000000e-01
-3.083496093750000000e-01
-2.580566406250000000e-01
2.819824218750000000e-01
-1.014404296875000000e-01
-2.111816406250000000e-01
-1.237792968750000000e-01
-8.917236328125000000e-02
8.654785156250000000e-02
-2.268981933593750000e-02
-6.057739257812500000e-02
-3.896484375000000000e-01
7.336425781250000000e-02
-4.169921875000000000e-01
5.514526367187500000e-02
2.573242187500000000e-01
1.010298728942871094e-04
1.524658203125000000e-01
2.836914062500000000e-01
1.658935546875000000e-01
1.243591308593750000e-02
-1.379394531250000000e-01
1.103515625000000000e-01
2.014160156250000000e-01
-2.980957031250000000e-01
-4.755859375000000000e-01
-2.041015625000000000e-01
6.035156250000000000e-01
-2.238769531250000000e-01
-6.689453125000000000e-02
2.504882812500000000e-01
3.310546875000000000e-01
3.037109375000000000e-01
1.601562500000000000e-01
-1.875000000000000000e-01
3.018188476562500000e-02
-1.735839843750000000e-01
-2.775878906250000000e-01
-1.462402343750000000e-01
2.385253906250000000e-01
-2.169189453125000000e-01
2.692871093750000000e-01
-4.934692382812500000e-02
-3.466796875000000000e-02
-4.794921875000000000e-01
-2.097167968750000000e-01
-2.749023437500000000e-01
-2.348327636718750000e-02
6.561279296875000000e-02
4.290771484375000000e-02
-1.054763793945312500e-03
4.230957031250000000e-01
2.290039062500000000e-01
-4.608154296875000000e-02
-1.708984375000000000e-01
-3.979492187500000000e-02
-1.600341796875000000e-01
-2.893066406250000000e-02
3.918457031250000000e-01
-2.617187500000000000e-01
-2.362060546875000000e-02
-8.001708984375000000e-02
-8.465576171875000000e-02
-2.985839843750000000e-01
-2.874755859375000000e-02
4.240722656250000000e-01
-4.006347656250000000e-01
-5.481719970703125000e-03
1.256103515625000000e-01
-1.392822265625000000e-01
1.927490234375000000e-01
-2.524414062500000000e-01
-1.590576171875000000e-01
3.327636718750000000e-01
-6.042480468750000000e-03
3.500366210937500000e-02
1.818847656250000000e-01
3.134765625000000000e-01
-2.767944335937500000e-02
-3.515625000000000000e-01
9.864807128906250000e-03
6.616210937500000000e-02
4.733276367187500000e-02
-1.602783203125000000e-01
-9.399414062500000000e-03
-3.103027343750000000e-01
2.915039062500000000e-01
-9.368896484375000000e-02
1.363525390625000000e-01
1.210937500000000000e-01
1.704101562500000000e-01
2.770996093750000000e-01
-2.130126953125000000e-01
-2.749023437500000000e-01
5.889892578125000000e-02
-2.003173828125000000e-01
-3.332519531250000000e-02
1.992187500000000000e-01
-1.473388671875000000e-01
2.510070800781250000e-02
-2.164840698242187500e-03
7.098388671875000000e-02
1.302490234375000000e-01
2.517089843750000000e-01
2.315673828125000000e-01
8.557128906250000000e-02
-7.099151611328125000e-03
4.331054687500000000e-01
-1.095581054687500000e-01
3.408813476562500000e-02
2.479248046875000000e-01
-3.479003906250000000e-01
3.618164062500000000e-01
-4.331054687500000000e-01
-2.561035156250000000e-01
-1.353759765625000000e-01
3.867187500000000000e-01
-2.746582031250000000e-01
-1.768798828125000000e-01
-1.185302734375000000e-01
-4.165649414062500000e-02
-2.298583984375000000e-01
-5.877685546875000000e-02
-2.639770507812500000e-02
1.123657226562500000e-01
-9.057617187500000000e-02
-7.305908203125000000e-02
1.013183593750000000e-01
1.239013671875000000e-01
5.718750000000000000e+00
1.008300781250000000e-01
1.116943359375000000e-01
-1.336669921875000000e-01
-1.508789062500000000e-01
-4.533691406250000000e-01
8.850097656250000000e-02
5.337524414062500000e-02
1.357421875000000000e-01
5.268554687500000000e-01
3.322753906250000000e-01
-2.863769531250000000e-01
1.986083984375000000e-01
-1.049041748046875000e-02
3.588867187500000000e-01
1.015625000000000000e-01
-9.466552734375000000e-02
-1.634765625000000000e+00
3.948974609375000000e-02
-3.573608398437500000e-02
6.005859375000000000e-02
3.564453125000000000e-02
3.762207031250000000e-01
2.457275390625000000e-01
4.193115234375000000e-02
5.038452148437500000e-02
8.520507812500000000e-02
1.441650390625000000e-01
1.855468750000000000e-02
-8.666992187500000000e-03
-2.639160156250000000e-01
-3.652343750000000000e-01
2.412109375000000000e-01
-1.242065429687500000e-02
1.992187500000000000e-01
6.396484375000000000e-02
1.519775390625000000e-02
1.745605468750000000e-01
-1.533203125000000000e-01
2.639160156250000000e-01
9.863281250000000000e-02
4.632568359375000000e-02
-1.348876953125000000e-01
-1.345214843750000000e-01
-4.069824218750000000e-01
2.705078125000000000e-01
1.983642578125000000e-01
4.787597656250000000e-01
3.342285156250000000e-01
-4.656982421875000000e-02
4.052734375000000000e-02
-2.052001953125000000e-01
2.819824218750000000e-01
-3.940429687500000000e-01
3.234863281250000000e-01
8.094787597656250000e-03
-5.854492187500000000e-01
2.213134765625000000e-01
-3.562011718750000000e-01
2.256393432617187500e-03
4.821777343750000000e-02
3.344726562500000000e-01
-3.005371093750000000e-01
-2.486572265625000000e-01
9.893798828125000000e-02
-2.339172363281250000e-02
4.113769531250000000e-02
-1.266479492187500000e-02
-1.842041015625000000e-01
-1.956787109375000000e-01
8.721923828125000000e-02
-6.181640625000000000e-01
1.502685546875000000e-01
-1.297607421875000000e-01
7.708740234375000000e-02
-4.489746093750000000e-01
-1.475830078125000000e-01
8.972167968750000000e-03
-5.258789062500000000e-01
3.610839843750000000e-01
-3.374023437500000000e-01
-4.159545898437500000e-02
-5.493164062500000000e-02
4.411621093750000000e-01
-4.879760742187500000e-02
-1.413574218750000000e-01
-9.918212890625000000e-03
4.631347656250000000e-01
-3.181152343750000000e-01
7.318115234375000000e-02
-5.908203125000000000e-02
1.428222656250000000e-01
-2.241210937500000000e-01
-4.844665527343750000e-03
-8.392333984375000000e-02
1.827392578125000000e-01
3.103027343750000000e-01
-2.305908203125000000e-01
-1.707763671875000000e-01
2.434082031250000000e-01
2.441406250000000000e-03
1.614379882812500000e-02
2.017822265625000000e-01
-1.843261718750000000e-01
-1.290283203125000000e-01
-8.557128906250000000e-02
4.901123046875000000e-02
-1.231079101562500000e-01
1.586914062500000000e-02
-1.557617187500000000e-01
-1.069946289062500000e-01
-2.690429687500000000e-01
-3.356933593750000000e-02
-1.434326171875000000e-01
-4.711914062500000000e-02
3.789062500000000000e-01
4.121093750000000000e-01
1.138916015625000000e-01
-2.431640625000000000e-01
-9.100341796875000000e-02
-4.128417968750000000e-01
-2.231445312500000000e-01
-9.381103515625000000e-02
2.186584472656250000e-02
-6.079101562500000000e-01
3.820800781250000000e-01
-2.321777343750000000e-01
-3.061294555664062500e-03
-1.627197265625000000e-01
9.027099609375000000e-02
1.040649414062500000e-02
-2.697753906250000000e-01
6.317138671875000000e-02
-1.063537597656250000e-02
-5.429687500000000000e-01
-7.084960937500000000e-01
2.322998046875000000e-01
2.006835937500000000e-01
-4.492187500000000000e-01
-2.205810546875000000e-01
2.340087890625000000e-01
-2.679443359375000000e-02
7.000732421875000000e-02
-2.497558593750000000e-01
-9.515380859375000000e-02
3.410644531250000000e-01
1.394042968750000000e-01
-2.763366699218750000e-02
-7.971191406250000000e-02
2.296142578125000000e-01
7.208251953125000000e-02
1.001586914062500000e-01
2.802734375000000000e-01
4.240722656250000000e-01
5.517578125000000000e-01
-1.767578125000000000e-01
-5.319213867187500000e-02
2.339172363281250000e-02
2.920532226562500000e-02
-2.705078125000000000e-01
-1.178588867187500000e-01
-3.024902343750000000e-01
-7.910156250000000000e-02
8.306884765625000000e-02
-6.280517578125000000e-02
3.168945312500000000e-01
5.571289062500000000e-01
5.874023437500000000e-01
9.252929687500000000e-02
-4.606933593750000000e-01
2.871093750000000000e-01
-3.967285156250000000e-01
3.439331054687500000e-02
-4.086303710937500000e-02
-1.473388671875000000e-01
1.879882812500000000e-02
-1.624755859375000000e-01
-2.418212890625000000e-01
-2.551269531250000000e-02
4.694824218750000000e-01
-1.571044921875000000e-01
7.778320312500000000e-01
-5.163574218750000000e-02
1.350097656250000000e-01
4.655761718750000000e-01
-9.185791015625000000e-02
-3.542480468750000000e-01
1.331787109375000000e-01
-3.522949218750000000e-01
-3.312988281250000000e-01
-5.801391601562500000e-02
1.311035156250000000e-01
-8.612060546875000000e-02
-1.217651367187500000e-01
-5.194091796875000000e-02
-2.164306640625000000e-01
-1.694335937500000000e-01
3.085937500000000000e-01
-3.715820312500000000e-01
1.246337890625000000e-01
