1.666259765625000000e-01
1.380920410156250000e-03
1.286621093750000000e-01
-1.859130859375000000e-01
-5.849609375000000000e-01
2.421569824218750000e-02
-1.251220703125000000e-01
-7.832031250000000000e-01
-1.476287841796875000e-03
2.115478515625000000e-01
5.093383789062500000e-02
-3.246307373046875000e-03
3.598022460937500000e-02
-2.636718750000000000e-01
2.656250000000000000e-01
3.007812500000000000e-01
5.756835937500000000e-01
9.140014648437500000e-03
-4.035644531250000000e-01
9.497070312500000000e-02
5.297851562500000000e-01
-3.466796875000000000e-02
2.587890625000000000e-01
1.403808593750000000e-01
-1.104125976562500000e-01
-3.323364257812500000e-02
-1.885986328125000000e-01
-1.829833984375000000e-01
-3.808593750000000000e-01
1.562500000000000000e-01
-1.867675781250000000e-01
-2.095947265625000000e-01
-1.583251953125000000e-01
3.828125000000000000e-01
-5.288085937500000000e-01
9.405517578125000000e-02
-5.499267578125000000e-02
4.030761718750000000e-01
1.357421875000000000e-01
9.973144531250000000e-02
2.160644531250000000e-01
-1.152343750000000000e-01
-1.491699218750000000e-01
3.909301757812500000e-02
2.570800781250000000e-01
2.883300781250000000e-01
-1.997070312500000000e-01
-1.444091796875000000e-01
2.795410156250000000e-01
8.050537109375000000e-02
2.875976562500000000e-01
-7.965087890625000000e-02
5.693359375000000000e-01
-2.980957031250000000e-01
-3.535156250000000000e-01
-6.166992187500000000e-01
7.177734375000000000e-02
1.878662109375000000e-01
2.716064453125000000e-02
-2.849121093750000000e-01
1.846923828125000000e-01
-8.502197265625000000e-02
-1.376953125000000000e-01
-1.820373535156250000e-02
-4.951171875000000000e-01
-3.032226562500000000e-01
-6.980895996093750000e-03
2.172851562500000000e-01
-2.517089843750000000e-01
-8.288574218750000000e-02
-4.840087890625000000e-02
-2.401123046875000000e-01
2.827148437500000000e-01
-1.324462890625000000e-02
1.059570312500000000e-01
-2.556152343750000000e-01
1.211547851562500000e-02
3.051757812500000000e-01
1.827392578125000000e-01
-2.629394531250000000e-01
-2.446289062500000000e-01
-2.445068359375000000e-01
-1.751708984375000000e-01
4.865722656250000000e-01
-1.450347900390625000e-02
-8.563232421875000000e-02
-5.300903320312500000e-02
-5.073242187500000000e-01
-5.200195312500000000e-02
-1.419677734375000000e-01
-3.374023437500000000e-01
-3.596191406250000000e-01
-1.403320312500000000e+00
5.097656250000000000e-01
1.108398437500000000e-01
9.637451171875000000e-02
-1.386718750000000000e-01
1.275634765625000000e-01
3.747558593750000000e-01
-1.214599609375000000e-01
1.866455078125000000e-01
-2.268066406250000000e-01
1.424560546875000000e-01
-8.270263671875000000e-02
-2.578125000000000000e-01
1.300048828125000000e-01
-9.269714355468750000e-03
-9.109497070312500000e-03
2.841796875000000000e-01
-5.263671875000000000e-01
2.188720703125000000e-01
1.209259033203125000e-02
-2.092285156250000000e-01
2.663574218750000000e-01
8.819580078125000000e-02
-3.025817871093750000e-02
6.329345703125000000e-02
3.901367187500000000e-01
1.684570312500000000e-01
-1.473388671875000000e-01
-2.282714843750000000e-01
-4.152832031250000000e-01
-2.695312500000000000e-01
-8.734130859375000000e-02
-1.768798828125000000e-01
-6.561279296875000000e-02
1.816406250000000000e-01
-2.705078125000000000e-01
2.617187500000000000e-01
1.395263671875000000e-01
-2.134704589843750000e-02
-4.697265625000000000e-01
6.213378906250000000e-02
5.878906250000000000e+00
-7.440185546875000000e-02
-2.663574218750000000e-01
-4.052734375000000000e-02
-3.005371093750000000e-01
-2.152099609375000000e-01
-3.090820312500000000e-01
-2.226562500000000000e-01
1.730957031250000000e-01
1.677246093750000000e-01
3.764648437500000000e-01
-2.910156250000000000e-01
-7.389068603515625000e-03
5.740356445312500000e-02
-1.586914062500000000e-01
1.142883300781250000e-02
-2.580566406250000000e-01
5.221557617187500000e-02
-1.054077148437500000e-01
-5.688476562500000000e-02
3.876953125000000000e-01
-2.846679687500000000e-01
-3.122558593750000000e-01
-1.307373046875000000e-01
-1.618652343750000000e-01
-3.383789062500000000e-01
1.561279296875000000e-01
7.226562500000000000e-02
-3.232421875000000000e-01
1.624755859375000000e-01
-3.312988281250000000e-01
-3.527832031250000000e-01
-1.850585937500000000e-01
3.759765625000000000e-02
-2.275390625000000000e-01
2.193603515625000000e-01
-2.519226074218750000e-02
-4.684925079345703125e-05
-3.696289062500000000e-01
1.632690429687500000e-02
9.429931640625000000e-02
-2.549743652343750000e-02
2.783203125000000000e-01
-1.513671875000000000e-01
-2.648925781250000000e-02
-6.378173828125000000e-02
2.539062500000000000e-01
-1.743164062500000000e-01
5.195312500000000000e-01
-4.702148437500000000e-01
-4.091796875000000000e-01
-2.871093750000000000e-01
-2.409667968750000000e-01
2.399902343750000000e-01
4.800415039062500000e-02
-2.656250000000000000e-01
-2.132568359375000000e-01
-1.484375000000000000e-01
1.016845703125000000e-01
-1.146240234375000000e-01
-1.292724609375000000e-01
-3.708496093750000000e-01
1.445312500000000000e-01
-3.310546875000000000e-01
5.014038085937500000e-02
1.948242187500000000e-01
1.057128906250000000e-01
5.026245117187500000e-02
2.357177734375000000e-01
1.093750000000000000e-01
7.775878906250000000e-02
-1.712646484375000000e-01
1.448974609375000000e-01
1.043701171875000000e-01
-4.306640625000000000e-01
-4.528808593750000000e-01
-2.995605468750000000e-01
5.927734375000000000e-01
-1.800537109375000000e-01
-1.840820312500000000e-01
1.737060546875000000e-01
2.342529296875000000e-01
3.137207031250000000e-01
2.766113281250000000e-01
-4.513549804687500000e-02
7.037353515625000000e-02
-1.732177734375000000e-01
-3.742675781250000000e-01
-2.034912109375000000e-01
7.373046875000000000e-02
-2.541503906250000000e-01
2.269287109375000000e-01
-1.131591796875000000e-01
5.117797851562500000e-02
-4.809570312500000000e-01
-2.283935546875000000e-01
-3.449707031250000000e-01
1.221923828125000000e-01
2.015380859375000000e-01
1.124267578125000000e-01
-2.713012695312500000e-02
4.780273437500000000e-01
1.870117187500000000e-01
-1.634521484375000000e-01
-1.744384765625000000e-01
-7.421875000000000000e-02
-1.865234375000000000e-01
-7.025146484375000000e-02
2.924804687500000000e-01
-1.499023437500000000e-01
-1.141967773437500000e-01
-6.896972656250000000e-02
-1.915283203125000000e-01
-2.863769531250000000e-01
4.508972167968750000e-03
4.262695312500000000e-01
-3.481445312500000000e-01
4.193782806396484375e-04
1.190795898437500000e-01
-4.495239257812500000e-02
1.585693359375000000e-01
-3.054199218750000000e-01
-9.783935546875000000e-02
2.861328125000000000e-01
-2.456665039062500000e-02
4.006958007812500000e-02
-2.978515625000000000e-02
3.491210937500000000e-01
-2.432250976562500000e-02
-3.312988281250000000e-01
-2.159423828125000000e-01
1.776123046875000000e-01
9.350585937500000000e-02
-1.516113281250000000e-01
8.703613281250000000e-02
-3.171386718750000000e-01
3.215332031250000000e-01
-1.759338378906250000e-02
1.436767578125000000e-01
8.728027343750000000e-02
1.257324218750000000e-01
3.532714843750000000e-01
-2.639160156250000000e-01
-2.254638671875000000e-01
1.296386718750000000e-01
-1.881103515625000000e-01
4.070281982421875000e-03
3.320312500000000000e-01
-1.444091796875000000e-01
1.393890380859375000e-02
8.630371093750000000e-02
5.697631835937500000e-02
8.380126953125000000e-02
1.864013671875000000e-01
2.539062500000000000e-01
1.627197265625000000e-01
-1.160888671875000000e-01
3.430175781250000000e-01
-3.677368164062500000e-02
1.407623291015625000e-02
1.568603515625000000e-01
-2.844238281250000000e-01
3.786621093750000000e-01
-6.123046875000000000e-01
-1.628417968750000000e-01
-7.489013671875000000e-02
4.294433593750000000e-01
-2.817382812500000000e-01
-3.155517578125000000e-02
-1.762695312500000000e-01
-4.782104492187500000e-02
-1.958007812500000000e-01
-1.879882812500000000e-02
-2.316894531250000000e-01
-3.213882446289062500e-04
-9.332275390625000000e-02
-1.005249023437500000e-01
6.341552734375000000e-02
1.406250000000000000e-01
5.871093750000000000e+00
1.254882812500000000e-01
8.380413055419921875e-05
-6.823730468750000000e-02
-6.359863281250000000e-02
-5.590820312500000000e-01
1.539306640625000000e-01
-5.523681640625000000e-02
2.575683593750000000e-01
5.517578125000000000e-01
4.028320312500000000e-01
-2.548828125000000000e-01
2.496337890625000000e-01
-4.306030273437500000e-02
2.861328125000000000e-01
9.643554687500000000e-02
2.507019042968750000e-02
-1.758789062500000000e+00
2.207946777343750000e-02
5.947875976562500000e-02
5.712890625000000000e-02
1.311035156250000000e-01
3.913574218750000000e-01
1.569824218750000000e-01
1.878356933593750000e-02
1.154174804687500000e-01
4.647827148437500000e-02
1.394042968750000000e-01
-1.097106933593750000e-02
-7.702636718750000000e-02
-2.226562500000000000e-01
-4.143066406250000000e-01
1.853027343750000000e-01
-1.673889160156250000e-02
1.271972656250000000e-01
1.649475097656250000e-02
6.286621093750000000e-02
2.519531250000000000e-01
-2.639160156250000000e-01
2.022705078125000000e-01
1.906738281250000000e-01
3.219604492187500000e-02
5.227661132812500000e-02
-1.295471191406250000e-02
-4.267578125000000000e-01
2.834472656250000000e-01
1.873779296875000000e-01
4.770507812500000000e-01
2.279052734375000000e-01
-1.791000366210937500e-03
3.555297851562500000e-02
-1.942138671875000000e-01
2.644042968750000000e-01
-3.469238281250000000e-01
3.659667968750000000e-01
1.027832031250000000e-01
-4.865722656250000000e-01
1.794433593750000000e-01
-3.862304687500000000e-01
-4.248046875000000000e-02
-4.763793945312500000e-02
3.291015625000000000e-01
-3.100585937500000000e-01
-3.195800781250000000e-01
-6.658935546875000000e-02
4.125976562500000000e-02
-8.825683593750000000e-02
-4.812622070312500000e-02
-1.900634765625000000e-01
-1.047973632812500000e-01
-1.119995117187500000e-02
-5.429687500000000000e-01
-4.940795898437500000e-02
-1.523437500000000000e-01
7.269287109375000000e-02
-3.110351562500000000e-01
-7.629394531250000000e-02
-4.412841796875000000e-02
-3.408203125000000000e-01
4.450683593750000000e-01
-3.740234375000000000e-01
8.551025390625000000e-02
-2.258300781250000000e-03
4.084472656250000000e-01
-3.350830078125000000e-02
-7.366943359375000000e-02
-2.494812011718750000e-02
4.353027343750000000e-01
-3.276367187500000000e-01
5.224609375000000000e-02
-6.750488281250000000e-02
1.085815429687500000e-01
-2.785644531250000000e-01
6.445312500000000000e-02
-8.618164062500000000e-02
2.375488281250000000e-01
3.933105468750000000e-01
-1.727294921875000000e-01
-1.671142578125000000e-01
2.147216796875000000e-01
-5.126953125000000000e-02
7.564544677734375000e-03
3.452148437500000000e-01
-2.169189453125000000e-01
-7.116699218750000000e-02
-2.180175781250000000e-01
-5.123138427734375000e-03
-9.735107421875000000e-02
6.045532226562500000e-02
-1.984863281250000000e-01
-1.229248046875000000e-01
-2.313232421875000000e-01
-1.685791015625000000e-01
-3.836059570312500000e-02
-1.614990234375000000e-01
4.160156250000000000e-01
3.193359375000000000e-01
7.476806640625000000e-02
-1.832275390625000000e-01
-8.856201171875000000e-02
-2.712402343750000000e-01
-1.676025390625000000e-01
2.203369140625000000e-02
6.420898437500000000e-02
-5.126953125000000000e-01
3.354492187500000000e-01
-2.766113281250000000e-01
-1.171875000000000000e-01
-2.692871093750000000e-01
4.779052734375000000e-02
9.173583984375000000e-02
-3.671875000000000000e-01
1.225585937500000000e-01
-7.714843750000000000e-02
-5.244140625000000000e-01
-5.830078125000000000e-01
2.017822265625000000e-01
1.378173828125000000e-01
-4.753417968750000000e-01
-2.978515625000000000e-01
2.941894531250000000e-01
-8.898925781250000000e-02
6.872558593750000000e-02
-2.680664062500000000e-01
-2.006530761718750000e-02
2.109375000000000000e-01
1.126098632812500000e-01
-2.102050781250000000e-01
-1.812744140625000000e-02
1.230468750000000000e-01
2.014160156250000000e-01
1.361083984375000000e-01
3.154296875000000000e-01
4.262695312500000000e-01
4.587402343750000000e-01
-2.968750000000000000e-01
-8.323669433593750000e-03
2.218627929687500000e-02
-1.806640625000000000e-02
-3.801269531250000000e-01
-5.499267578125000000e-02
-2.912597656250000000e-01
-2.778320312500000000e-01
1.221923828125000000e-01
-1.887207031250000000e-01
2.724609375000000000e-01
3.933105468750000000e-01
5.092773437500000000e-01
8.325195312500000000e-02
-5.419921875000000000e-01
1.798095703125000000e-01
-3.371582031250000000e-01
8.506774902343750000e-03
-1.998901367187500000e-02
-1.887207031250000000e-01
-6.881713867187500000e-03
-8.758544921875000000e-02
-2.449951171875000000e-01
-9.655761718750000000e-02
5.361328125000000000e-01
-1.251220703125000000e-01
8.457031250000000000e-01
-2.307128906250000000e-01
-7.171630859375000000e-02
4.357910156250000000e-01
-7.250976562500000000e-02
-2.556152343750000000e-01
8.544921875000000000e-02
-2.946777343750000000e-01
-2.863769531250000000e-01
4.583740234375000000e-02
1.125488281250000000e-01
1.459960937500000000e-01
-1.469726562500000000e-01
-1.177368164062500000e-01
-2.956542968750000000e-01
-9.747314453125000000e-02
3.842773437500000000e-01
-2.489013671875000000e-01
3.857421875000000000e-02
