-3.671875000000000000e-01
-1.683349609375000000e-01
-1.005859375000000000e-01
5.178833007812500000e-02
-2.489013671875000000e-01
4.177246093750000000e-01
-4.951171875000000000e-01
-1.193359375000000000e+00
-1.571044921875000000e-01
3.740234375000000000e-01
-3.507614135742187500e-03
-8.483886718750000000e-02
5.288696289062500000e-02
-2.695312500000000000e-01
4.116210937500000000e-01
2.001953125000000000e-02
4.165039062500000000e-01
-2.344970703125000000e-01
7.678222656250000000e-02
-1.455078125000000000e-01
3.676757812500000000e-01
2.509765625000000000e-01
2.885742187500000000e-01
9.954833984375000000e-02
-5.009765625000000000e-01
-3.442382812500000000e-02
2.148437500000000000e-01
2.079772949218750000e-02
-3.854370117187500000e-02
5.822753906250000000e-02
2.761230468750000000e-01
-1.260986328125000000e-01
-4.489746093750000000e-01
3.859863281250000000e-01
7.269287109375000000e-02
6.677246093750000000e-02
-9.796142578125000000e-02
-1.997070312500000000e-01
-6.665039062500000000e-02
-7.751464843750000000e-02
-2.537536621093750000e-02
1.074829101562500000e-01
2.595214843750000000e-01
-2.946777343750000000e-01
2.990722656250000000e-01
2.257080078125000000e-01
3.103027343750000000e-01
2.265625000000000000e-01
2.329101562500000000e-01
-3.945922851562500000e-02
9.979248046875000000e-02
-2.293701171875000000e-01
1.130981445312500000e-01
-3.276367187500000000e-01
1.962890625000000000e-01
3.515625000000000000e-01
1.472167968750000000e-01
9.478759765625000000e-02
1.573181152343750000e-02
1.564941406250000000e-01
3.442382812500000000e-01
-1.044921875000000000e-01
-2.089843750000000000e-01
-6.179809570312500000e-02
-6.463623046875000000e-02
-4.277343750000000000e-01
-2.902832031250000000e-01
-4.031372070312500000e-02
1.137084960937500000e-01
-1.473388671875000000e-01
3.659057617187500000e-02
-1.942138671875000000e-01
1.575927734375000000e-01
6.002807617187500000e-02
-3.112792968750000000e-01
-1.897811889648437500e-03
8.407592773437500000e-03
8.941650390625000000e-02
-4.028320312500000000e-01
-2.110595703125000000e-01
-9.228515625000000000e-02
-2.788085937500000000e-01
-9.020996093750000000e-02
1.667480468750000000e-01
-2.795410156250000000e-01
-2.753906250000000000e-01
2.037353515625000000e-01
-2.697753906250000000e-01
3.408203125000000000e-01
-8.064270019531250000e-03
-5.595703125000000000e-01
-2.102050781250000000e-01
-1.572265625000000000e+00
4.194335937500000000e-01
1.032104492187500000e-01
-5.206298828125000000e-02
1.215209960937500000e-01
1.951904296875000000e-01
2.794265747070312500e-03
1.629638671875000000e-01
2.215576171875000000e-01
1.040039062500000000e-01
1.721191406250000000e-01
-1.281738281250000000e-01
-1.539611816406250000e-02
3.567504882812500000e-02
1.687622070312500000e-02
-3.347167968750000000e-01
-1.978759765625000000e-01
8.288574218750000000e-02
-1.440429687500000000e-01
-1.217041015625000000e-01
-1.633300781250000000e-01
2.737426757812500000e-02
-5.194091796875000000e-02
-2.993164062500000000e-01
1.186523437500000000e-01
4.018554687500000000e-01
4.633789062500000000e-01
2.103271484375000000e-01
1.318359375000000000e-01
-4.794921875000000000e-01
8.354187011718750000e-03
2.468261718750000000e-01
2.042236328125000000e-01
-3.742675781250000000e-01
-2.388916015625000000e-01
-1.508789062500000000e-01
-1.031494140625000000e-01
4.150390625000000000e-01
-2.202148437500000000e-01
-4.281616210937500000e-02
-2.556152343750000000e-01
6.000000000000000000e+00
-2.193603515625000000e-01
-9.197998046875000000e-02
-1.157836914062500000e-01
-3.457031250000000000e-01
-1.239624023437500000e-01
-9.216308593750000000e-02
-2.854003906250000000e-01
1.101074218750000000e-01
1.918945312500000000e-01
4.160156250000000000e-01
-3.415527343750000000e-01
-3.408203125000000000e-01
5.462646484375000000e-02
-2.663574218750000000e-01
-1.434326171875000000e-01
1.583862304687500000e-02
4.047851562500000000e-01
-9.881591796875000000e-02
-3.186035156250000000e-01
-3.239746093750000000e-01
9.361267089843750000e-03
-9.020996093750000000e-02
-1.451416015625000000e-01
9.259033203125000000e-02
-1.697998046875000000e-01
-1.066589355468750000e-02
1.213989257812500000e-01
-3.034973144531250000e-02
3.498535156250000000e-01
4.281616210937500000e-02
-3.277587890625000000e-02
7.507324218750000000e-02
6.695556640625000000e-02
-6.915283203125000000e-02
3.205566406250000000e-01
-3.410644531250000000e-01
1.928710937500000000e-01
-1.390380859375000000e-01
2.023925781250000000e-01
4.902343750000000000e-01
-2.717285156250000000e-01
-1.447753906250000000e-01
-3.720703125000000000e-01
1.428222656250000000e-01
3.447265625000000000e-01
-2.316894531250000000e-01
1.152801513671875000e-02
1.917724609375000000e-01
-2.844238281250000000e-01
-2.775878906250000000e-01
-3.811035156250000000e-01
-1.292724609375000000e-01
3.759765625000000000e-01
-1.745605468750000000e-01
1.271972656250000000e-01
-1.105499267578125000e-02
-2.149658203125000000e-01
-1.638183593750000000e-01
-4.293823242187500000e-02
-3.112792968750000000e-01
-1.127929687500000000e-01
3.774414062500000000e-01
-1.164550781250000000e-01
3.332519531250000000e-01
-2.025146484375000000e-01
-6.781005859375000000e-02
9.210205078125000000e-02
5.392456054687500000e-02
-3.717041015625000000e-02
2.368164062500000000e-01
-2.932128906250000000e-01
-1.636962890625000000e-01
6.573486328125000000e-02
-2.895507812500000000e-01
-4.291992187500000000e-01
-1.777343750000000000e-01
1.613769531250000000e-01
1.221923828125000000e-01
6.123046875000000000e-01
-1.082763671875000000e-01
-2.970886230468750000e-02
-3.244400024414062500e-03
2.529296875000000000e-01
-5.514526367187500000e-02
-6.103515625000000000e-03
-4.392089843750000000e-01
-7.281494140625000000e-02
-1.624755859375000000e-01
-2.369384765625000000e-01
-2.734375000000000000e-01
2.570800781250000000e-01
1.041412353515625000e-02
2.196044921875000000e-01
1.727294921875000000e-01
9.552001953125000000e-02
-6.103515625000000000e-02
1.423339843750000000e-01
9.167480468750000000e-02
-2.990722656250000000e-01
-2.883911132812500000e-02
2.175292968750000000e-01
2.147216796875000000e-01
3.738403320312500000e-02
-1.577148437500000000e-01
-7.282257080078125000e-03
-5.755615234375000000e-02
-3.464355468750000000e-01
-6.488037109375000000e-02
6.323242187500000000e-01
2.691650390625000000e-02
2.907714843750000000e-01
2.138671875000000000e-01
-3.693847656250000000e-01
-1.091918945312500000e-01
4.626464843750000000e-02
2.315521240234375000e-03
3.237915039062500000e-02
2.185058593750000000e-02
3.359985351562500000e-02
2.048339843750000000e-01
-3.433227539062500000e-02
6.384277343750000000e-02
-5.157470703125000000e-02
1.599121093750000000e-01
-9.649658203125000000e-02
-5.535888671875000000e-02
3.632812500000000000e-01
-8.557128906250000000e-02
-2.663574218750000000e-01
2.980041503906250000e-02
1.028442382812500000e-01
-2.539062500000000000e-02
-1.829833984375000000e-01
-2.978515625000000000e-01
-5.636596679687500000e-02
-4.815673828125000000e-02
-2.617187500000000000e-01
9.100341796875000000e-02
3.322601318359375000e-03
3.864746093750000000e-01
4.867553710937500000e-02
-3.435058593750000000e-01
4.084472656250000000e-01
-1.616210937500000000e-01
-2.521972656250000000e-01
-1.010742187500000000e-01
2.800292968750000000e-01
2.012939453125000000e-01
9.613037109375000000e-02
1.728820800781250000e-02
-4.121093750000000000e-01
2.136230468750000000e-01
2.318115234375000000e-01
4.455566406250000000e-02
6.768798828125000000e-02
-2.311706542968750000e-03
1.861572265625000000e-01
-4.315185546875000000e-02
-1.058349609375000000e-01
2.922363281250000000e-01
-2.714843750000000000e-01
-3.378906250000000000e-01
-3.920898437500000000e-01
3.918457031250000000e-02
1.697998046875000000e-01
-1.137084960937500000e-01
5.292968750000000000e-01
4.755859375000000000e-01
7.171630859375000000e-03
6.677246093750000000e-02
-3.098144531250000000e-01
2.059936523437500000e-02
-2.970886230468750000e-02
-3.433227539062500000e-02
-1.422119140625000000e-01
3.479003906250000000e-01
1.142578125000000000e-01
-2.252197265625000000e-01
5.996093750000000000e+00
3.186035156250000000e-01
6.378173828125000000e-02
7.366943359375000000e-02
-1.374511718750000000e-01
-7.958984375000000000e-02
3.088378906250000000e-01
-4.525756835937500000e-02
3.847656250000000000e-01
5.283203125000000000e-01
-4.520416259765625000e-03
-3.973388671875000000e-02
3.574218750000000000e-01
-2.264404296875000000e-01
1.051025390625000000e-01
-3.753662109375000000e-02
4.086914062500000000e-01
-1.975585937500000000e+00
-8.795166015625000000e-02
2.310791015625000000e-01
-3.940429687500000000e-01
2.147216796875000000e-01
9.063720703125000000e-02
-3.356933593750000000e-02
3.364257812500000000e-01
-9.741210937500000000e-02
3.259277343750000000e-02
2.790832519531250000e-02
1.468505859375000000e-01
-2.161865234375000000e-01
-3.220214843750000000e-01
-1.893310546875000000e-01
6.005859375000000000e-01
-7.031250000000000000e-02
2.481079101562500000e-02
-3.208007812500000000e-01
-5.908203125000000000e-02
2.362060546875000000e-01
6.481933593750000000e-02
1.871337890625000000e-01
8.636474609375000000e-02
-3.449707031250000000e-01
-1.105346679687500000e-01
1.098632812500000000e-01
-1.829833984375000000e-01
2.041015625000000000e-01
5.810546875000000000e-01
1.949462890625000000e-01
5.175781250000000000e-02
2.648925781250000000e-01
1.573486328125000000e-01
1.055297851562500000e-01
1.287841796875000000e-01
-1.569824218750000000e-01
8.685302734375000000e-02
4.681396484375000000e-02
1.495361328125000000e-01
-2.905273437500000000e-01
1.029663085937500000e-01
1.256103515625000000e-01
-4.626464843750000000e-01
2.885742187500000000e-01
-9.320068359375000000e-02
-4.316406250000000000e-01
-8.050537109375000000e-02
3.105468750000000000e-01
-4.296875000000000000e-01
-1.320800781250000000e-01
-4.831542968750000000e-01
-8.770751953125000000e-02
4.676818847656250000e-03
-3.339843750000000000e-01
5.993652343750000000e-02
-4.392089843750000000e-01
2.064208984375000000e-01
-3.735351562500000000e-02
-8.172607421875000000e-02
-5.611419677734375000e-03
-3.078613281250000000e-01
-1.303710937500000000e-01
-2.298583984375000000e-01
7.073974609375000000e-02
4.244995117187500000e-02
4.296875000000000000e-01
-9.039306640625000000e-02
-4.931640625000000000e-02
-1.783447265625000000e-01
4.235839843750000000e-01
-8.691406250000000000e-02
-2.340078353881835938e-04
9.124755859375000000e-02
-2.177734375000000000e-01
-1.860351562500000000e-01
1.602783203125000000e-01
-5.551147460937500000e-02
-2.770996093750000000e-01
3.300781250000000000e-01
-3.911132812500000000e-01
1.809082031250000000e-01
1.367187500000000000e-01
-7.612304687500000000e-01
4.821777343750000000e-01
7.720947265625000000e-02
9.088134765625000000e-02
1.091308593750000000e-01
4.925537109375000000e-02
-2.879333496093750000e-02
-4.785156250000000000e-02
-9.399414062500000000e-02
-4.299316406250000000e-01
1.594238281250000000e-01
-2.037353515625000000e-01
-1.708984375000000000e-01
2.663574218750000000e-01
-1.023559570312500000e-01
-2.359619140625000000e-01
1.439208984375000000e-01
3.134765625000000000e-01
2.314453125000000000e-01
-6.054687500000000000e-01
-7.800292968750000000e-02
3.573608398437500000e-02
1.796875000000000000e-01
2.687988281250000000e-01
-1.535644531250000000e-01
3.120422363281250000e-02
-3.647460937500000000e-01
-7.092285156250000000e-02
-4.033203125000000000e-01
-9.014892578125000000e-02
2.927246093750000000e-01
7.885742187500000000e-02
1.155395507812500000e-01
1.015625000000000000e-01
8.178710937500000000e-02
-1.364746093750000000e-01
2.100830078125000000e-01
3.764648437500000000e-01
-3.100585937500000000e-02
-2.975463867187500000e-02
-2.813720703125000000e-02
1.079711914062500000e-01
8.227539062500000000e-02
-2.663574218750000000e-01
3.627929687500000000e-01
7.635498046875000000e-02
-1.099853515625000000e-01
-2.066650390625000000e-01
4.743652343750000000e-01
-2.467041015625000000e-01
2.790527343750000000e-01
1.943359375000000000e-01
1.396484375000000000e-01
3.571777343750000000e-01
-5.227661132812500000e-02
-3.427734375000000000e-01
-7.684326171875000000e-02
-3.090820312500000000e-01
-1.071166992187500000e-02
-3.400878906250000000e-01
2.104492187500000000e-01
-2.437744140625000000e-01
8.276367187500000000e-02
3.278808593750000000e-01
3.105468750000000000e-01
1.313476562500000000e-01
2.739257812500000000e-01
1.510009765625000000e-01
-2.258300781250000000e-01
-4.204101562500000000e-01
-5.407714843750000000e-02
-1.560058593750000000e-01
-1.551513671875000000e-01
2.259521484375000000e-01
1.319580078125000000e-01
1.640625000000000000e-01
2.851562500000000000e-01
1.531982421875000000e-01
-8.795166015625000000e-02
2.714843750000000000e-01
1.140136718750000000e-01
6.762695312500000000e-01
-2.153320312500000000e-01
5.595703125000000000e-01
4.658203125000000000e-01
-5.667114257812500000e-02
-2.414550781250000000e-01
-4.229736328125000000e-02
6.646728515625000000e-02
-5.642700195312500000e-02
-1.934814453125000000e-02
3.752441406250000000e-01
-1.251220703125000000e-01
-1.529541015625000000e-01
-1.976318359375000000e-01
-4.028320312500000000e-02
-5.514526367187500000e-02
-2.363281250000000000e-01
-2.705078125000000000e-01
2.525329589843750000e-02
