-8.160400390625000000e-02
2.780761718750000000e-01
2.395019531250000000e-01
3.010559082031250000e-02
-2.548828125000000000e-01
-1.095581054687500000e-01
-1.099853515625000000e-01
-3.403320312500000000e-01
-1.542968750000000000e-01
3.106689453125000000e-02
-3.171920776367187500e-03
4.825592041015625000e-03
-3.874511718750000000e-01
-4.922485351562500000e-02
2.695312500000000000e-01
3.532714843750000000e-01
3.178710937500000000e-01
4.632568359375000000e-02
7.214355468750000000e-02
-1.721191406250000000e-01
2.766113281250000000e-01
-1.577148437500000000e-01
9.252929687500000000e-02
4.157714843750000000e-01
3.604125976562500000e-02
2.895507812500000000e-01
2.778320312500000000e-01
1.445312500000000000e-01
1.206665039062500000e-01
-2.758789062500000000e-02
-4.387207031250000000e-01
-1.745605468750000000e-01
1.071166992187500000e-01
-1.267089843750000000e-01
-2.309570312500000000e-01
2.290039062500000000e-01
1.595458984375000000e-01
1.367187500000000000e-01
3.759765625000000000e-01
2.275390625000000000e-01
-5.122070312500000000e-01
-2.636718750000000000e-01
-4.926757812500000000e-01
-1.743164062500000000e-01
4.692382812500000000e-01
1.741943359375000000e-01
2.761230468750000000e-01
1.237182617187500000e-01
-2.202148437500000000e-01
3.786621093750000000e-01
-9.796142578125000000e-02
-1.489257812500000000e-01
-1.815185546875000000e-01
2.354736328125000000e-01
-2.216796875000000000e-01
-3.229980468750000000e-01
2.427978515625000000e-01
6.500244140625000000e-02
2.534179687500000000e-01
3.000488281250000000e-01
2.188720703125000000e-01
-1.948547363281250000e-02
-6.933593750000000000e-02
-2.198486328125000000e-01
4.055023193359375000e-03
-4.267578125000000000e-01
-4.208984375000000000e-01
2.236328125000000000e-01
1.531982421875000000e-01
-5.776367187500000000e-01
-5.126953125000000000e-01
-3.656005859375000000e-02
-2.556152343750000000e-01
-1.450195312500000000e-01
4.627227783203125000e-03
-4.928588867187500000e-02
-4.977416992187500000e-02
-6.858825683593750000e-03
-3.884887695312500000e-02
2.308349609375000000e-01
3.798828125000000000e-01
-1.719970703125000000e-01
-3.129882812500000000e-01
4.770507812500000000e-01
8.557128906250000000e-02
-3.120117187500000000e-01
8.111572265625000000e-02
2.429199218750000000e-01
3.242187500000000000e-01
2.565002441406250000e-02
2.539062500000000000e-01
1.429443359375000000e-01
-1.264648437500000000e+00
-2.737426757812500000e-02
-1.593017578125000000e-01
3.898925781250000000e-01
4.138183593750000000e-01
-1.204833984375000000e-01
8.807373046875000000e-02
-3.278808593750000000e-01
-1.506347656250000000e-01
3.208007812500000000e-01
3.918457031250000000e-01
-3.430175781250000000e-02
6.915283203125000000e-02
1.766357421875000000e-01
6.118774414062500000e-02
-1.407623291015625000e-02
-1.062622070312500000e-01
-2.817382812500000000e-01
-1.610107421875000000e-01
3.973388671875000000e-02
-8.709716796875000000e-02
-2.836914062500000000e-01
-9.460449218750000000e-02
8.193969726562500000e-03
-2.454833984375000000e-01
3.308105468750000000e-01
-1.292724609375000000e-01
-3.540039062500000000e-01
4.257812500000000000e-01
-6.884765625000000000e-02
5.644531250000000000e-01
-1.717529296875000000e-01
-2.008056640625000000e-01
-4.238281250000000000e-01
-3.869628906250000000e-01
-1.927490234375000000e-01
2.274169921875000000e-01
3.598022460937500000e-02
2.124023437500000000e-01
4.948730468750000000e-01
-5.087890625000000000e-01
4.464843750000000000e+00
9.515380859375000000e-02
-2.561035156250000000e-01
-8.715820312500000000e-02
-2.044677734375000000e-01
-1.102294921875000000e-01
-1.818847656250000000e-01
1.662597656250000000e-01
-2.415466308593750000e-02
-4.030761718750000000e-01
-4.061889648437500000e-02
-7.089843750000000000e-01
-1.276855468750000000e-01
-7.489013671875000000e-02
2.670898437500000000e-01
1.185913085937500000e-01
3.210449218750000000e-01
-1.249389648437500000e-01
1.643066406250000000e-01
3.361816406250000000e-01
2.460937500000000000e-01
-4.394531250000000000e-01
-1.450195312500000000e-01
1.347656250000000000e-01
-7.403564453125000000e-02
-2.254638671875000000e-01
6.824493408203125000e-03
-1.363372802734375000e-02
2.141113281250000000e-01
-1.315307617187500000e-02
6.701660156250000000e-02
2.788085937500000000e-01
-5.668640136718750000e-03
3.859863281250000000e-01
-1.896972656250000000e-01
5.523681640625000000e-02
-1.611328125000000000e-01
-1.406250000000000000e-01
-3.068542480468750000e-02
3.689575195312500000e-02
-1.515197753906250000e-02
-6.469726562500000000e-01
4.677734375000000000e-01
-2.958984375000000000e-01
-2.210693359375000000e-01
5.122070312500000000e-01
-1.038818359375000000e-01
2.468261718750000000e-01
1.264648437500000000e-01
3.356933593750000000e-01
-1.699218750000000000e-01
-3.479003906250000000e-01
-3.151855468750000000e-01
1.123657226562500000e-01
-5.615234375000000000e-01
3.515625000000000000e-01
-1.274414062500000000e-01
1.496582031250000000e-01
-2.309570312500000000e-01
2.888183593750000000e-01
-2.661132812500000000e-01
-9.136962890625000000e-02
6.228637695312500000e-02
1.227416992187500000e-01
-2.336425781250000000e-01
6.445312500000000000e-02
-3.825683593750000000e-01
4.418945312500000000e-01
-1.784667968750000000e-01
1.054077148437500000e-01
9.814453125000000000e-02
4.116210937500000000e-01
-1.619873046875000000e-01
2.056884765625000000e-01
-1.588134765625000000e-01
-1.331787109375000000e-01
1.014404296875000000e-01
6.474609375000000000e-01
4.689941406250000000e-01
-5.014038085937500000e-02
-5.537109375000000000e-01
-3.789901733398437500e-03
1.713867187500000000e-01
1.588134765625000000e-01
-1.345214843750000000e-01
1.092529296875000000e-01
-2.993164062500000000e-01
-9.323120117187500000e-03
9.857177734375000000e-03
-2.355957031250000000e-01
-6.597900390625000000e-02
-4.604492187500000000e-01
-4.473876953125000000e-02
2.753906250000000000e-01
-9.747314453125000000e-02
-1.664733886718750000e-02
1.794433593750000000e-01
-3.662109375000000000e-02
-1.502227783203125000e-02
5.258789062500000000e-01
-3.918457031250000000e-01
1.297607421875000000e-01
-1.762390136718750000e-02
2.231445312500000000e-01
8.489990234375000000e-02
-2.427978515625000000e-01
-3.371582031250000000e-01
-2.832031250000000000e-02
1.196289062500000000e-01
-2.805175781250000000e-01
-2.950668334960937500e-03
-4.604492187500000000e-01
2.554321289062500000e-02
-3.013610839843750000e-02
2.449035644531250000e-03
-1.158447265625000000e-01
1.010742187500000000e-01
-3.867187500000000000e-01
1.860351562500000000e-01
6.063842773437500000e-02
1.818847656250000000e-01
-2.597656250000000000e-01
-1.446533203125000000e-01
1.320800781250000000e-01
-1.238403320312500000e-01
8.123779296875000000e-02
-5.822753906250000000e-02
6.903076171875000000e-02
1.207275390625000000e-01
2.187500000000000000e-01
-5.197143554687500000e-02
-2.937316894531250000e-02
-1.494598388671875000e-02
-2.919921875000000000e-01
1.531982421875000000e-01
-4.465332031250000000e-01
-1.101684570312500000e-01
-2.854003906250000000e-01
2.006835937500000000e-01
1.577758789062500000e-02
-2.232666015625000000e-01
-1.605224609375000000e-01
-3.339843750000000000e-01
5.340576171875000000e-02
2.270507812500000000e-01
2.233886718750000000e-02
-1.021118164062500000e-01
1.013793945312500000e-01
1.882324218750000000e-01
1.850585937500000000e-01
5.546875000000000000e-01
9.625244140625000000e-02
1.898193359375000000e-01
-7.320404052734375000e-03
5.205078125000000000e-01
1.918945312500000000e-01
-8.081054687500000000e-02
-4.370117187500000000e-02
1.235961914062500000e-01
1.654052734375000000e-01
-1.829528808593750000e-02
2.081298828125000000e-01
1.239013671875000000e-01
-5.351562500000000000e-01
-1.596679687500000000e-01
-1.723632812500000000e-01
8.613586425781250000e-03
-3.171386718750000000e-01
6.372070312500000000e-02
-1.854248046875000000e-01
3.520507812500000000e-01
-2.229309082031250000e-02
-3.927612304687500000e-02
1.566162109375000000e-01
9.454345703125000000e-02
9.155273437500000000e-03
3.381347656250000000e-01
-2.305908203125000000e-01
-1.696777343750000000e-01
4.460937500000000000e+00
-4.330444335937500000e-02
-3.981933593750000000e-01
-5.010986328125000000e-02
2.463378906250000000e-01
2.724609375000000000e-01
2.622070312500000000e-01
2.279052734375000000e-01
-3.383789062500000000e-01
5.268554687500000000e-01
2.937011718750000000e-01
-2.358398437500000000e-01
-1.447296142578125000e-02
-7.189941406250000000e-02
9.631347656250000000e-02
-7.812500000000000000e-02
2.318115234375000000e-01
-1.329101562500000000e+00
2.661132812500000000e-01
1.196899414062500000e-01
5.966796875000000000e-01
1.356201171875000000e-01
2.756118774414062500e-04
-4.895019531250000000e-01
2.558593750000000000e-01
2.208251953125000000e-01
-1.467285156250000000e-01
8.428955078125000000e-02
-4.238281250000000000e-01
4.669189453125000000e-02
3.472900390625000000e-02
-1.998291015625000000e-01
-3.604125976562500000e-02
-2.641601562500000000e-01
-1.144409179687500000e-01
1.994628906250000000e-01
1.563720703125000000e-01
-3.421020507812500000e-02
-1.582031250000000000e-01
3.610839843750000000e-01
1.658935546875000000e-01
2.408447265625000000e-01
4.949951171875000000e-02
-1.268310546875000000e-01
-1.187744140625000000e-01
-7.684326171875000000e-02
-1.583251953125000000e-01
4.730224609375000000e-02
-1.217651367187500000e-01
-1.978759765625000000e-01
1.750488281250000000e-01
6.782226562500000000e-01
-2.526855468750000000e-01
-5.043945312500000000e-01
8.380126953125000000e-02
4.043579101562500000e-02
-8.764648437500000000e-02
1.063232421875000000e-01
-4.919433593750000000e-01
2.278137207031250000e-02
-3.911132812500000000e-01
-1.911621093750000000e-01
-5.161132812500000000e-01
-1.139526367187500000e-01
8.697509765625000000e-02
-5.462646484375000000e-02
-9.790039062500000000e-02
-4.522705078125000000e-02
-1.274414062500000000e-01
-5.575561523437500000e-02
2.044677734375000000e-01
7.269287109375000000e-02
-5.426025390625000000e-02
4.860839843750000000e-01
-2.517089843750000000e-01
-3.216552734375000000e-02
1.787109375000000000e-01
-5.807495117187500000e-02
-6.591796875000000000e-01
1.217651367187500000e-02
1.547851562500000000e-01
1.259765625000000000e-01
-4.064941406250000000e-01
-1.215209960937500000e-01
1.165161132812500000e-01
-1.827392578125000000e-01
-1.484375000000000000e-01
-1.689453125000000000e-01
-1.925048828125000000e-01
-3.452148437500000000e-01
-1.473388671875000000e-01
1.121826171875000000e-01
-1.434326171875000000e-01
2.834472656250000000e-01
3.178710937500000000e-01
-2.807617187500000000e-01
-3.312988281250000000e-01
-1.635742187500000000e-01
2.963867187500000000e-01
-1.713867187500000000e-01
1.356201171875000000e-01
-1.715087890625000000e-01
-1.000976562500000000e-02
5.664062500000000000e-02
5.241394042968750000e-03
-1.666259765625000000e-02
-1.699218750000000000e-01
1.486816406250000000e-01
4.799804687500000000e-01
-3.857421875000000000e-02
-3.247070312500000000e-02
-7.324218750000000000e-02
2.946777343750000000e-01
-9.429931640625000000e-02
-1.628417968750000000e-01
-1.155395507812500000e-01
-2.702331542968750000e-02
3.576660156250000000e-01
-5.731201171875000000e-02
4.396972656250000000e-01
-1.638183593750000000e-01
-1.179199218750000000e-01
2.517089843750000000e-01
8.033752441406250000e-03
1.448974609375000000e-01
8.111572265625000000e-02
1.196289062500000000e-02
2.008056640625000000e-01
8.654785156250000000e-02
-8.239746093750000000e-02
3.208007812500000000e-01
-2.839660644531250000e-02
-1.118164062500000000e-01
9.576416015625000000e-02
-3.024902343750000000e-01
-1.668701171875000000e-01
-2.680664062500000000e-01
-5.727539062500000000e-01
4.499511718750000000e-01
3.530883789062500000e-02
1.250505447387695312e-04
-3.505859375000000000e-01
-1.560211181640625000e-02
4.648437500000000000e-01
3.076171875000000000e-01
4.555664062500000000e-01
4.040527343750000000e-01
-4.284667968750000000e-01
2.407226562500000000e-01
2.888183593750000000e-01
-4.904174804687500000e-02
2.403564453125000000e-01
3.808593750000000000e-01
2.148437500000000000e-01
4.091796875000000000e-01
-2.829589843750000000e-01
2.075195312500000000e-03
-2.415771484375000000e-01
7.158203125000000000e-01
-2.581787109375000000e-02
2.529296875000000000e-01
-1.745605468750000000e-01
-1.838378906250000000e-01
-8.407592773437500000e-03
-2.995300292968750000e-02
1.879882812500000000e-01
-3.219604492187500000e-02
3.464355468750000000e-01
4.392089843750000000e-01
-5.683593750000000000e-01
3.300781250000000000e-01
-3.862304687500000000e-01
-1.307373046875000000e-01
-2.875976562500000000e-01
4.372558593750000000e-01
2.760314941406250000e-02
3.554687500000000000e-01
2.912902832031250000e-02
1.453857421875000000e-01
1.464080810546875000e-02
1.264648437500000000e-01
6.430664062500000000e-01
2.137451171875000000e-01
2.516174316406250000e-02
2.902832031250000000e-01
2.382812500000000000e-01
-7.598876953125000000e-02
4.006958007812500000e-02
4.326171875000000000e-01
-3.454589843750000000e-01
2.956542968750000000e-01
2.741699218750000000e-01
9.851074218750000000e-02
-7.641601562500000000e-02
-4.714355468750000000e-01
1.418457031250000000e-01
-6.021118164062500000e-02
-2.805175781250000000e-01
-4.306030273437500000e-02
-1.434326171875000000e-02
