-8.453369140625000000e-02
-1.034545898437500000e-01
-1.844482421875000000e-01
-8.355712890625000000e-02
-1.567382812500000000e-01
8.355712890625000000e-02
2.148437500000000000e-02
-1.209960937500000000e+00
1.147460937500000000e-01
3.718261718750000000e-01
-7.574462890625000000e-02
1.206207275390625000e-02
2.509765625000000000e-01
-2.783203125000000000e-01
2.839355468750000000e-01
-4.205322265625000000e-02
2.196044921875000000e-01
1.732177734375000000e-01
3.805541992187500000e-02
8.807373046875000000e-02
3.715820312500000000e-01
5.146484375000000000e-01
3.322753906250000000e-01
2.359008789062500000e-02
1.342773437500000000e-01
-3.415527343750000000e-01
-8.966064453125000000e-02
6.984710693359375000e-03
-6.402587890625000000e-02
1.519775390625000000e-01
-5.297851562500000000e-01
-1.280517578125000000e-01
-2.639160156250000000e-01
4.077148437500000000e-02
6.030273437500000000e-02
9.381103515625000000e-02
2.687988281250000000e-01
1.422119140625000000e-01
-4.160156250000000000e-01
1.495361328125000000e-02
7.214355468750000000e-02
-1.394042968750000000e-01
-2.138671875000000000e-01
-3.530273437500000000e-01
3.742675781250000000e-01
1.562500000000000000e-01
-1.676025390625000000e-01
9.719848632812500000e-03
-1.001586914062500000e-01
2.462158203125000000e-01
-2.758789062500000000e-01
-1.458740234375000000e-01
3.771972656250000000e-01
3.018188476562500000e-02
-5.649414062500000000e-01
-1.706542968750000000e-01
-1.809082031250000000e-01
5.786132812500000000e-02
-3.439941406250000000e-01
5.081176757812500000e-02
-6.463623046875000000e-02
-3.708496093750000000e-01
-8.898925781250000000e-02
-8.044433593750000000e-02
-5.302734375000000000e-01
-1.554870605468750000e-02
1.824951171875000000e-01
-9.167480468750000000e-02
-1.260986328125000000e-01
1.051025390625000000e-01
3.127441406250000000e-01
9.484863281250000000e-02
-1.750488281250000000e-01
-2.760314941406250000e-02
-1.488037109375000000e-01
-1.692199707031250000e-02
2.426147460937500000e-02
1.165390014648437500e-03
-1.345214843750000000e-01
-7.189941406250000000e-02
1.021728515625000000e-01
-4.902343750000000000e-01
-1.544189453125000000e-01
1.112670898437500000e-01
-1.588134765625000000e-01
9.997558593750000000e-02
2.761230468750000000e-01
-2.722167968750000000e-01
-6.176757812500000000e-02
-8.337402343750000000e-02
2.188110351562500000e-02
2.159423828125000000e-01
-1.691406250000000000e+00
2.153320312500000000e-01
-2.526855468750000000e-01
-2.722167968750000000e-01
-4.562377929687500000e-02
9.661865234375000000e-02
5.134582519531250000e-03
-1.038818359375000000e-01
2.215576171875000000e-01
2.260742187500000000e-01
-1.652832031250000000e-01
8.764648437500000000e-02
-5.834960937500000000e-01
-2.041015625000000000e-01
1.864624023437500000e-02
-9.100341796875000000e-02
-1.787109375000000000e-01
9.259033203125000000e-02
-4.507446289062500000e-02
2.103271484375000000e-01
-6.231689453125000000e-02
-4.830932617187500000e-02
5.105590820312500000e-02
-4.311523437500000000e-01
3.601074218750000000e-01
7.211914062500000000e-01
9.942626953125000000e-02
4.455566406250000000e-01
1.166381835937500000e-01
-2.224121093750000000e-01
1.779785156250000000e-01
3.986816406250000000e-01
2.080078125000000000e-01
-3.063964843750000000e-02
-4.861450195312500000e-02
5.780029296875000000e-02
-2.053833007812500000e-02
6.196289062500000000e-01
-1.218261718750000000e-01
-7.354736328125000000e-03
-4.959106445312500000e-02
5.683593750000000000e+00
-1.416015625000000000e-01
1.748046875000000000e-01
-3.070068359375000000e-02
-4.013061523437500000e-02
3.234863281250000000e-01
-8.630371093750000000e-02
1.166381835937500000e-01
-3.840332031250000000e-01
-1.856689453125000000e-01
-6.927490234375000000e-02
-7.319335937500000000e-01
5.126953125000000000e-02
-2.915954589843750000e-02
1.058349609375000000e-01
-1.469726562500000000e-01
-2.183837890625000000e-01
-4.243164062500000000e-01
2.954101562500000000e-02
-1.667480468750000000e-01
2.159423828125000000e-01
-1.029052734375000000e-01
2.500000000000000000e-01
1.628417968750000000e-01
-3.695678710937500000e-02
9.924316406250000000e-02
-9.600830078125000000e-02
-4.714355468750000000e-01
1.785888671875000000e-01
1.921386718750000000e-01
-1.021118164062500000e-01
1.885986328125000000e-01
1.267089843750000000e-01
1.766967773437500000e-02
-1.570129394531250000e-02
4.475097656250000000e-01
5.368041992187500000e-02
-1.055908203125000000e-01
-3.098144531250000000e-01
-3.911132812500000000e-01
-2.471923828125000000e-01
-1.267089843750000000e-01
-2.011108398437500000e-02
-8.074951171875000000e-02
-3.521728515625000000e-02
4.548339843750000000e-01
5.512237548828125000e-03
2.489013671875000000e-01
-1.915283203125000000e-01
-2.133789062500000000e-01
-3.073730468750000000e-01
-6.286621093750000000e-02
-3.569335937500000000e-01
3.874511718750000000e-01
-2.504882812500000000e-01
1.016845703125000000e-01
-1.300048828125000000e-01
4.492187500000000000e-02
-5.468750000000000000e-01
4.269409179687500000e-02
2.734375000000000000e-01
-2.294921875000000000e-02
6.671142578125000000e-02
-2.197265625000000000e-01
4.528808593750000000e-01
-4.116821289062500000e-02
-4.997558593750000000e-01
-7.861328125000000000e-02
-1.446533203125000000e-01
-8.874511718750000000e-02
5.477905273437500000e-02
4.325866699218750000e-03
5.563354492187500000e-02
1.890869140625000000e-01
8.026123046875000000e-03
3.802490234375000000e-02
4.763793945312500000e-02
4.091796875000000000e-01
5.791015625000000000e-01
2.937011718750000000e-01
-1.844787597656250000e-02
2.216796875000000000e-01
6.195068359375000000e-02
3.573608398437500000e-02
1.789550781250000000e-01
-1.188964843750000000e-01
6.665039062500000000e-02
-1.129760742187500000e-01
-1.191406250000000000e-01
-4.284667968750000000e-01
-1.841735839843750000e-02
-6.228637695312500000e-02
2.509765625000000000e-01
1.258544921875000000e-01
2.071533203125000000e-01
3.041992187500000000e-01
-2.287597656250000000e-01
1.461181640625000000e-01
-9.826660156250000000e-03
-2.854003906250000000e-01
-6.298828125000000000e-02
3.901367187500000000e-01
2.988281250000000000e-01
-2.512207031250000000e-01
-9.539794921875000000e-02
4.516601562500000000e-01
-4.797363281250000000e-01
2.220458984375000000e-01
-3.859863281250000000e-01
-1.808166503906250000e-03
1.694335937500000000e-01
-2.397460937500000000e-01
1.571044921875000000e-01
9.167480468750000000e-02
2.546310424804687500e-03
2.796936035156250000e-02
-2.636718750000000000e-01
-1.049804687500000000e-01
2.404785156250000000e-01
3.227539062500000000e-01
1.282958984375000000e-01
-1.243896484375000000e-01
1.293945312500000000e-01
3.171386718750000000e-01
1.966552734375000000e-01
-5.458831787109375000e-03
6.420898437500000000e-02
-3.034591674804687500e-03
-1.427001953125000000e-01
-9.101867675781250000e-03
-2.418518066406250000e-02
1.661376953125000000e-01
-5.853271484375000000e-02
2.890625000000000000e-01
-8.068847656250000000e-02
2.111816406250000000e-01
-5.282592773437500000e-02
-3.598022460937500000e-02
-4.482421875000000000e-01
-3.454589843750000000e-02
-1.067504882812500000e-01
-2.922363281250000000e-01
5.401611328125000000e-02
-9.094238281250000000e-02
2.166748046875000000e-01
5.190429687500000000e-01
5.253906250000000000e-01
5.053710937500000000e-01
-1.818847656250000000e-01
1.062011718750000000e-01
7.147216796875000000e-02
-2.236328125000000000e-01
3.228759765625000000e-02
2.272949218750000000e-01
-9.545898437500000000e-02
-9.014892578125000000e-02
4.737854003906250000e-03
2.922363281250000000e-01
-5.752563476562500000e-03
1.368408203125000000e-01
1.026000976562500000e-01
-3.259658813476562500e-03
7.037353515625000000e-02
-2.980957031250000000e-01
-3.103027343750000000e-01
1.668701171875000000e-01
-4.751586914062500000e-02
-1.434326171875000000e-01
2.614746093750000000e-01
-3.237304687500000000e-01
-2.314453125000000000e-01
2.768554687500000000e-01
4.180908203125000000e-02
-1.739501953125000000e-01
-1.413574218750000000e-01
-1.206054687500000000e-01
4.963378906250000000e-01
-4.345703125000000000e-02
-9.765625000000000000e-02
5.679687500000000000e+00
-1.282958984375000000e-01
2.111434936523437500e-03
1.300048828125000000e-01
8.251953125000000000e-02
2.995605468750000000e-01
7.207031250000000000e-01
5.819702148437500000e-02
3.869628906250000000e-01
4.704589843750000000e-01
2.788085937500000000e-01
-2.707519531250000000e-01
1.094970703125000000e-01
-2.149658203125000000e-01
-7.312011718750000000e-02
-1.364746093750000000e-01
1.945800781250000000e-01
-2.523437500000000000e+00
5.512237548828125000e-03
2.144775390625000000e-01
1.854248046875000000e-01
-7.781982421875000000e-02
-7.128906250000000000e-02
-2.673339843750000000e-01
1.779785156250000000e-01
1.425781250000000000e-01
1.669921875000000000e-01
-3.312988281250000000e-01
2.521972656250000000e-01
-8.612060546875000000e-02
4.753417968750000000e-01
8.587646484375000000e-02
2.675781250000000000e-01
-2.222900390625000000e-01
1.700439453125000000e-01
3.730468750000000000e-01
1.950683593750000000e-01
8.331298828125000000e-02
-3.108978271484375000e-03
7.836914062500000000e-02
-3.647460937500000000e-01
4.132080078125000000e-02
-2.073974609375000000e-01
1.204833984375000000e-01
-3.908691406250000000e-01
-3.421020507812500000e-02
-1.884765625000000000e-01
3.278808593750000000e-01
-2.626953125000000000e-01
5.218505859375000000e-03
-4.416503906250000000e-01
2.239990234375000000e-01
9.393310546875000000e-02
-1.473388671875000000e-01
2.348632812500000000e-01
6.202697753906250000e-03
3.144531250000000000e-01
-3.862304687500000000e-01
-8.837890625000000000e-02
-1.067504882812500000e-01
3.166503906250000000e-01
4.783630371093750000e-03
-8.746337890625000000e-02
-6.915283203125000000e-02
-2.093505859375000000e-01
-9.536743164062500000e-03
-3.967285156250000000e-01
-2.174072265625000000e-01
-3.300781250000000000e-01
-2.308654785156250000e-02
2.039794921875000000e-01
-4.025878906250000000e-01
1.247558593750000000e-01
-2.385253906250000000e-01
-2.586364746093750000e-02
-1.306152343750000000e-01
2.180480957031250000e-02
-2.174377441406250000e-02
-2.178955078125000000e-01
2.086181640625000000e-01
8.648681640625000000e-02
-2.094726562500000000e-01
-3.111267089843750000e-02
-7.983398437500000000e-02
2.093505859375000000e-01
-1.612548828125000000e-01
4.238128662109375000e-03
3.850097656250000000e-01
-7.745361328125000000e-02
2.091064453125000000e-01
2.182006835937500000e-02
5.969238281250000000e-02
-1.724853515625000000e-01
-2.863769531250000000e-01
-8.081054687500000000e-02
1.156005859375000000e-01
-4.071044921875000000e-02
-3.225097656250000000e-01
2.219238281250000000e-01
4.667968750000000000e-01
-1.632690429687500000e-02
4.074707031250000000e-01
2.607421875000000000e-01
3.542480468750000000e-01
2.144775390625000000e-01
-5.065917968750000000e-02
-2.609863281250000000e-01
7.153320312500000000e-02
8.026123046875000000e-02
-1.527099609375000000e-01
-2.897949218750000000e-01
-3.427734375000000000e-01
-8.953857421875000000e-02
2.395019531250000000e-01
-1.867675781250000000e-01
-1.984863281250000000e-01
3.994750976562500000e-02
1.530761718750000000e-01
3.799438476562500000e-02
-1.469726562500000000e-01
1.145172119140625000e-02
-5.191040039062500000e-02
1.785888671875000000e-01
6.896972656250000000e-02
-3.632812500000000000e-01
1.669921875000000000e-01
-2.410888671875000000e-01
2.163085937500000000e-01
9.985351562500000000e-02
-3.452148437500000000e-01
-1.924133300781250000e-02
-2.761230468750000000e-01
3.569335937500000000e-01
-2.290039062500000000e-01
-5.761718750000000000e-01
-1.454162597656250000e-02
-9.552001953125000000e-02
3.120117187500000000e-01
3.632812500000000000e-01
2.000732421875000000e-01
-8.746337890625000000e-02
3.411865234375000000e-02
-9.545898437500000000e-02
4.541015625000000000e-01
1.188354492187500000e-01
-3.320312500000000000e-02
-4.934692382812500000e-02
-3.886718750000000000e-01
-1.362304687500000000e-01
-1.154174804687500000e-01
2.021484375000000000e-01
5.957031250000000000e-01
2.614746093750000000e-01
-1.166381835937500000e-01
1.516113281250000000e-01
-1.119995117187500000e-01
-6.683349609375000000e-02
-1.397705078125000000e-01
3.054809570312500000e-02
-2.020263671875000000e-01
-7.916259765625000000e-02
-1.545410156250000000e-01
-2.465820312500000000e-01
5.151367187500000000e-01
-3.010253906250000000e-01
1.474609375000000000e-01
-2.622985839843750000e-02
-3.601074218750000000e-02
2.103271484375000000e-01
-6.308593750000000000e-01
1.887207031250000000e-01
3.459472656250000000e-01
2.297363281250000000e-01
5.683593750000000000e-01
8.642578125000000000e-02
-2.814941406250000000e-01
-6.268310546875000000e-02
-3.166503906250000000e-01
-3.061523437500000000e-01
-2.186279296875000000e-01
-3.442382812500000000e-01
6.040039062500000000e-01
2.125244140625000000e-01
-2.548828125000000000e-01
1.645507812500000000e-01
1.442871093750000000e-01
2.252197265625000000e-01
-1.195068359375000000e-01
-3.329467773437500000e-02
-2.084960937500000000e-01
4.023437500000000000e-01
3.439941406250000000e-01
-9.271240234375000000e-02
-1.128387451171875000e-02
2.388916015625000000e-01
-8.599853515625000000e-02
1.754150390625000000e-01
-6.097412109375000000e-02
1.553955078125000000e-01
-2.481689453125000000e-01
