4.863281250000000000e-01
-3.472900390625000000e-02
2.263183593750000000e-01
-4.890136718750000000e-01
-1.119995117187500000e-01
3.585815429687500000e-02
-1.172485351562500000e-01
-8.920898437500000000e-01
-2.031250000000000000e-01
1.199340820312500000e-01
1.108398437500000000e-01
-1.975097656250000000e-01
2.829589843750000000e-01
1.340332031250000000e-01
-8.679199218750000000e-02
3.566894531250000000e-01
1.452636718750000000e-01
3.715820312500000000e-01
-2.978515625000000000e-01
-2.658691406250000000e-01
4.902343750000000000e-01
6.250000000000000000e-02
-2.199707031250000000e-01
-3.593750000000000000e-01
-5.035400390625000000e-02
5.639648437500000000e-01
-1.303710937500000000e-01
-1.634521484375000000e-01
-1.379394531250000000e-01
2.878417968750000000e-01
1.916503906250000000e-01
-3.088378906250000000e-01
-2.047119140625000000e-01
6.626129150390625000e-03
-2.031250000000000000e-01
3.703613281250000000e-01
1.401519775390625000e-02
1.207885742187500000e-01
1.835937500000000000e-01
1.121826171875000000e-01
4.221191406250000000e-01
-9.020996093750000000e-02
-9.301757812500000000e-02
2.573242187500000000e-01
2.558593750000000000e-01
2.561035156250000000e-01
1.151733398437500000e-01
7.006835937500000000e-02
3.741455078125000000e-02
-2.467041015625000000e-01
6.660156250000000000e-01
2.993774414062500000e-02
1.049194335937500000e-01
-4.875488281250000000e-01
-8.770751953125000000e-02
2.954101562500000000e-01
-6.341552734375000000e-02
-9.063720703125000000e-02
-4.003906250000000000e-01
-5.639648437500000000e-02
1.185302734375000000e-01
-3.247070312500000000e-01
4.519653320312500000e-02
1.608276367187500000e-02
-6.665039062500000000e-01
-3.857421875000000000e-01
-1.182861328125000000e-01
1.068115234375000000e-01
-2.822265625000000000e-01
-1.684570312500000000e-01
3.142089843750000000e-01
-4.086914062500000000e-01
-3.942871093750000000e-02
-1.340332031250000000e-01
1.317138671875000000e-01
-3.842773437500000000e-01
3.652954101562500000e-02
2.510070800781250000e-02
5.856323242187500000e-02
2.703857421875000000e-02
6.793212890625000000e-02
4.541873931884765625e-04
1.311035156250000000e-01
1.638183593750000000e-01
2.292480468750000000e-01
-1.120605468750000000e-01
1.740722656250000000e-01
1.756286621093750000e-02
-1.614990234375000000e-01
-6.732177734375000000e-02
9.857177734375000000e-02
-5.913085937500000000e-01
-1.436523437500000000e+00
6.293945312500000000e-01
-3.851318359375000000e-02
4.052734375000000000e-01
-5.069732666015625000e-03
4.663085937500000000e-01
-1.434326171875000000e-01
1.343994140625000000e-01
8.215332031250000000e-02
-1.101684570312500000e-01
1.750488281250000000e-01
-4.121093750000000000e-01
1.093139648437500000e-01
-2.814941406250000000e-01
-9.014892578125000000e-02
-1.995849609375000000e-01
4.043579101562500000e-02
3.729248046875000000e-02
-1.578369140625000000e-01
8.074951171875000000e-02
-9.490966796875000000e-02
2.208251953125000000e-01
4.086914062500000000e-01
-2.141113281250000000e-01
2.687988281250000000e-01
3.034591674804687500e-03
-2.675781250000000000e-01
1.864013671875000000e-01
-1.503906250000000000e-01
-3.222656250000000000e-01
-1.326904296875000000e-01
3.469467163085937500e-03
8.776855468750000000e-02
1.928710937500000000e-01
2.332763671875000000e-01
-1.916503906250000000e-01
1.274414062500000000e-01
1.145629882812500000e-01
-3.823852539062500000e-02
3.121948242187500000e-02
-6.317138671875000000e-02
5.078125000000000000e+00
-1.662597656250000000e-01
1.240844726562500000e-01
-3.869628906250000000e-01
-6.079101562500000000e-01
-7.781982421875000000e-02
-1.864013671875000000e-01
-2.563476562500000000e-01
-9.027099609375000000e-02
-7.177734375000000000e-02
-3.190917968750000000e-01
-1.273193359375000000e-01
6.756591796875000000e-02
-3.305053710937500000e-02
-3.500366210937500000e-02
-2.066040039062500000e-02
-6.121826171875000000e-02
1.032104492187500000e-01
-6.831054687500000000e-01
1.728515625000000000e-01
3.117675781250000000e-01
5.999755859375000000e-02
-8.374023437500000000e-02
-6.610107421875000000e-02
-9.088134765625000000e-02
-2.783203125000000000e-01
3.330078125000000000e-01
-2.673339843750000000e-01
9.820556640625000000e-02
-1.975097656250000000e-01
1.774902343750000000e-01
5.016326904296875000e-03
-1.079101562500000000e-01
1.419067382812500000e-02
1.261138916015625000e-02
4.677734375000000000e-01
3.540039062500000000e-02
3.398437500000000000e-01
4.855346679687500000e-02
-1.682128906250000000e-01
1.879882812500000000e-01
-1.513671875000000000e-01
-1.290283203125000000e-01
8.905029296875000000e-02
-9.643554687500000000e-02
4.516601562500000000e-01
7.708740234375000000e-02
2.110595703125000000e-01
1.827392578125000000e-01
2.290039062500000000e-01
-3.286132812500000000e-01
-1.623535156250000000e-01
-1.270751953125000000e-01
-5.555152893066406250e-05
2.587890625000000000e-01
-9.277343750000000000e-02
8.666992187500000000e-02
-2.265625000000000000e-01
1.135253906250000000e-01
-2.731933593750000000e-01
2.373046875000000000e-01
-1.961669921875000000e-01
1.917724609375000000e-01
-3.608398437500000000e-01
2.203369140625000000e-01
-1.594238281250000000e-01
-5.048828125000000000e-01
1.985549926757812500e-03
8.917236328125000000e-02
2.163648605346679688e-04
6.903076171875000000e-02
1.133728027343750000e-02
-1.904296875000000000e-01
1.616210937500000000e-01
-7.281494140625000000e-02
2.203369140625000000e-01
9.161376953125000000e-02
5.390625000000000000e-01
-6.616210937500000000e-02
1.007690429687500000e-01
1.658935546875000000e-01
3.059082031250000000e-01
-2.099609375000000000e-01
2.053222656250000000e-01
-1.666259765625000000e-01
-2.507324218750000000e-01
-1.478271484375000000e-01
3.481445312500000000e-01
5.702972412109375000e-03
-2.563476562500000000e-01
1.060180664062500000e-01
1.536865234375000000e-01
2.206802368164062500e-03
-8.666992187500000000e-02
-1.634521484375000000e-01
-2.166748046875000000e-02
-3.361816406250000000e-01
-3.860473632812500000e-02
-2.491455078125000000e-01
9.906005859375000000e-02
1.146240234375000000e-01
3.466796875000000000e-01
1.770019531250000000e-01
3.854980468750000000e-01
2.326660156250000000e-01
-2.015380859375000000e-01
-1.619873046875000000e-01
1.033020019531250000e-02
1.855468750000000000e-01
1.314697265625000000e-01
-3.330230712890625000e-03
-5.410156250000000000e-01
1.002197265625000000e-01
-1.857910156250000000e-01
-1.376953125000000000e-01
2.254638671875000000e-01
-3.937988281250000000e-01
7.843017578125000000e-02
3.657226562500000000e-01
2.269287109375000000e-01
5.981445312500000000e-01
2.744140625000000000e-01
1.739501953125000000e-02
9.849548339843750000e-03
6.939697265625000000e-02
1.195068359375000000e-01
2.098388671875000000e-01
2.526855468750000000e-01
1.632080078125000000e-01
-4.025878906250000000e-01
-1.204490661621093750e-03
2.226562500000000000e-01
-5.717773437500000000e-01
-1.364746093750000000e-01
3.662109375000000000e-01
3.442382812500000000e-02
1.882934570312500000e-02
-3.361816406250000000e-01
-2.127685546875000000e-01
1.679687500000000000e-01
3.598632812500000000e-01
-2.200927734375000000e-01
-2.624511718750000000e-01
-3.078613281250000000e-01
-3.303222656250000000e-01
4.140625000000000000e-01
1.227416992187500000e-01
3.427734375000000000e-01
1.824951171875000000e-02
-7.104492187500000000e-01
-1.756591796875000000e-01
-9.344482421875000000e-02
-6.000976562500000000e-01
1.685791015625000000e-01
2.861328125000000000e-01
4.624023437500000000e-01
1.661682128906250000e-02
4.294433593750000000e-01
1.171264648437500000e-01
1.266479492187500000e-02
2.668457031250000000e-01
2.441406250000000000e-02
1.115722656250000000e-01
-2.998046875000000000e-01
-3.363037109375000000e-02
-1.439208984375000000e-01
2.410888671875000000e-01
2.023925781250000000e-01
-7.958984375000000000e-02
-7.574462890625000000e-02
3.208007812500000000e-01
-2.954101562500000000e-01
3.405761718750000000e-01
-1.511230468750000000e-01
2.634277343750000000e-01
-1.462402343750000000e-01
6.121826171875000000e-02
1.400947570800781250e-03
-3.886718750000000000e-01
5.078125000000000000e+00
1.442871093750000000e-01
-2.055664062500000000e-01
-5.019531250000000000e-01
-2.983398437500000000e-01
-7.822265625000000000e-01
1.389160156250000000e-01
-4.736328125000000000e-02
-1.044921875000000000e-01
3.068847656250000000e-01
2.800292968750000000e-01
6.909179687500000000e-02
-5.219726562500000000e-01
-4.106445312500000000e-01
2.502441406250000000e-01
9.442138671875000000e-02
-3.671264648437500000e-02
-2.318359375000000000e+00
-1.911621093750000000e-01
4.229736328125000000e-02
-9.692382812500000000e-02
1.760253906250000000e-01
3.745117187500000000e-01
-3.112792968750000000e-01
1.232910156250000000e-01
-1.362304687500000000e-01
-2.663574218750000000e-01
-3.322753906250000000e-01
1.116943359375000000e-01
2.071533203125000000e-01
6.237792968750000000e-02
-2.719726562500000000e-01
-3.110351562500000000e-01
-1.148071289062500000e-01
2.993164062500000000e-01
-3.457641601562500000e-02
9.027099609375000000e-02
-9.509277343750000000e-02
-5.898437500000000000e-01
-3.798828125000000000e-01
-1.107788085937500000e-01
-3.815917968750000000e-01
2.893066406250000000e-01
-3.261718750000000000e-01
-1.622314453125000000e-01
2.607421875000000000e-01
2.340087890625000000e-01
-1.286621093750000000e-01
7.507324218750000000e-02
-2.525329589843750000e-02
-2.680664062500000000e-01
-4.672851562500000000e-01
3.521728515625000000e-02
-4.411621093750000000e-01
1.126708984375000000e-01
2.363281250000000000e-01
-4.138183593750000000e-01
3.059082031250000000e-01
-5.332031250000000000e-01
2.052001953125000000e-01
-3.393554687500000000e-01
1.010742187500000000e-01
-1.884765625000000000e-01
-2.614746093750000000e-01
-5.361938476562500000e-02
1.102905273437500000e-01
-9.899902343750000000e-02
1.187744140625000000e-01
-1.099243164062500000e-01
5.590820312500000000e-01
1.306152343750000000e-01
-2.014160156250000000e-01
-2.040100097656250000e-02
-2.653808593750000000e-01
1.859130859375000000e-01
-7.446289062500000000e-02
-1.057739257812500000e-01
-1.954345703125000000e-01
-3.874511718750000000e-01
3.559570312500000000e-01
3.820800781250000000e-01
-7.012939453125000000e-02
-2.423095703125000000e-01
2.502441406250000000e-01
-1.893310546875000000e-01
-2.862548828125000000e-02
2.352294921875000000e-01
-2.133789062500000000e-01
-1.146850585937500000e-01
2.675781250000000000e-01
-6.286621093750000000e-02
-2.595214843750000000e-01
-5.400390625000000000e-01
-8.514404296875000000e-02
4.528808593750000000e-01
3.205566406250000000e-01
6.274414062500000000e-01
-7.751464843750000000e-02
-3.628540039062500000e-02
-4.873657226562500000e-02
4.345703125000000000e-01
-2.149658203125000000e-01
-3.071594238281250000e-02
5.041503906250000000e-02
3.188476562500000000e-01
5.443572998046875000e-03
4.064941406250000000e-02
1.896972656250000000e-01
-2.598571777343750000e-02
-1.614990234375000000e-01
-1.895141601562500000e-02
-6.420898437500000000e-01
1.363525390625000000e-01
1.257324218750000000e-01
1.279296875000000000e-01
-3.671264648437500000e-02
2.646484375000000000e-01
6.781005859375000000e-02
1.071929931640625000e-03
9.082031250000000000e-02
-3.686523437500000000e-01
1.407470703125000000e-01
-9.417724609375000000e-02
-2.130126953125000000e-01
-7.778320312500000000e-01
4.799804687500000000e-01
-9.985351562500000000e-02
-3.166503906250000000e-01
-1.975097656250000000e-01
-4.760742187500000000e-01
-3.337402343750000000e-01
-4.016113281250000000e-01
-2.011718750000000000e-01
-1.359863281250000000e-01
4.092407226562500000e-02
2.897644042968750000e-02
-3.383789062500000000e-01
3.894042968750000000e-01
-4.265136718750000000e-01
1.661376953125000000e-01
2.922058105468750000e-02
3.730468750000000000e-01
7.794189453125000000e-02
-2.221679687500000000e-01
2.330322265625000000e-01
2.209472656250000000e-01
2.214050292968750000e-02
-4.506835937500000000e-01
1.702880859375000000e-01
-2.629394531250000000e-01
-2.551269531250000000e-01
6.109619140625000000e-02
-1.628417968750000000e-01
-1.030883789062500000e-01
1.451416015625000000e-01
-1.368408203125000000e-01
-9.149169921875000000e-02
-2.775878906250000000e-01
2.635955810546875000e-03
3.952026367187500000e-02
-9.381103515625000000e-02
9.167480468750000000e-02
1.577148437500000000e-01
-1.719970703125000000e-01
3.117370605468750000e-02
3.591308593750000000e-01
5.548095703125000000e-02
-1.208496093750000000e-01
3.436279296875000000e-02
-4.165039062500000000e-01
-2.122497558593750000e-02
2.062988281250000000e-01
1.831054687500000000e-01
2.253417968750000000e-01
-5.981445312500000000e-02
-2.352905273437500000e-02
4.843139648437500000e-02
-1.732177734375000000e-01
-3.769531250000000000e-01
2.736816406250000000e-01
-2.756347656250000000e-01
3.669433593750000000e-01
2.443847656250000000e-01
-1.962890625000000000e-01
-1.190795898437500000e-01
-3.308105468750000000e-01
-1.362609863281250000e-02
2.218017578125000000e-01
-5.556640625000000000e-01
-2.249755859375000000e-01
-3.171386718750000000e-01
1.912841796875000000e-01
5.356445312500000000e-01
-4.111328125000000000e-01
2.475585937500000000e-01
-1.419677734375000000e-01
2.493896484375000000e-01
3.105468750000000000e-01
5.792236328125000000e-02
6.176757812500000000e-02
