1.694335937500000000e-01
8.636474609375000000e-02
1.529541015625000000e-01
7.720947265625000000e-02
4.348754882812500000e-03
-3.181152343750000000e-01
-3.132324218750000000e-01
-1.180664062500000000e+00
-2.219238281250000000e-01
-1.705169677734375000e-03
-1.256103515625000000e-01
-1.222534179687500000e-01
8.081054687500000000e-02
1.196899414062500000e-01
2.415771484375000000e-01
3.291015625000000000e-01
3.334960937500000000e-01
3.217773437500000000e-01
-2.395019531250000000e-01
-9.344482421875000000e-02
5.893554687500000000e-01
3.249511718750000000e-01
-6.034851074218750000e-03
-1.205444335937500000e-01
-3.642578125000000000e-01
2.004394531250000000e-01
9.960937500000000000e-02
4.467773437500000000e-01
-3.933105468750000000e-01
2.810058593750000000e-01
3.095703125000000000e-01
-1.621093750000000000e-01
-6.606445312500000000e-01
6.964111328125000000e-02
-1.162109375000000000e-01
-3.681640625000000000e-01
5.795288085937500000e-02
5.740356445312500000e-02
5.776977539062500000e-02
-1.973876953125000000e-01
-2.047119140625000000e-01
-1.107177734375000000e-01
1.399230957031250000e-02
4.289550781250000000e-01
2.216796875000000000e-01
4.606933593750000000e-01
-2.822265625000000000e-01
3.291015625000000000e-01
1.500244140625000000e-01
3.696289062500000000e-01
-2.337646484375000000e-01
-2.271728515625000000e-01
-3.887939453125000000e-02
-9.986877441406250000e-03
1.056671142578125000e-02
-2.218017578125000000e-01
-1.594238281250000000e-01
2.731933593750000000e-01
-3.195800781250000000e-01
-1.772880554199218750e-03
4.008789062500000000e-01
-1.765136718750000000e-01
3.344726562500000000e-01
-4.168701171875000000e-02
1.516113281250000000e-01
-4.038085937500000000e-01
-2.610778808593750000e-02
-3.759765625000000000e-02
8.306884765625000000e-02
5.142211914062500000e-02
3.181152343750000000e-01
1.957702636718750000e-02
9.411621093750000000e-02
5.529785156250000000e-02
-2.749633789062500000e-02
1.690673828125000000e-01
2.709960937500000000e-01
1.420898437500000000e-01
-1.812744140625000000e-01
-4.208984375000000000e-01
-1.746826171875000000e-01
1.115112304687500000e-01
-2.512207031250000000e-01
4.677734375000000000e-01
-1.007080078125000000e-01
5.081176757812500000e-02
2.069091796875000000e-01
-3.156738281250000000e-01
-9.051513671875000000e-02
-2.858886718750000000e-01
-6.311035156250000000e-02
-1.242675781250000000e-01
-1.782226562500000000e+00
3.083496093750000000e-01
1.608886718750000000e-01
-4.620361328125000000e-02
2.114257812500000000e-01
7.348632812500000000e-02
1.976318359375000000e-01
1.534423828125000000e-01
1.746826171875000000e-01
1.704101562500000000e-01
5.913085937500000000e-01
3.350830078125000000e-02
-1.529693603515625000e-02
-7.171630859375000000e-02
6.069946289062500000e-02
-2.475585937500000000e-01
2.787780761718750000e-02
-4.528808593750000000e-01
1.818847656250000000e-01
-5.789184570312500000e-02
4.251098632812500000e-02
2.213134765625000000e-01
4.655761718750000000e-01
-3.427734375000000000e-01
-1.380615234375000000e-01
1.303100585937500000e-02
-3.088378906250000000e-01
-1.510009765625000000e-01
-5.529785156250000000e-02
-3.098144531250000000e-01
-3.129882812500000000e-01
-2.484130859375000000e-01
-1.324462890625000000e-01
-3.405761718750000000e-01
1.674804687500000000e-01
5.493164062500000000e-02
-2.709960937500000000e-01
4.677734375000000000e-01
-8.300781250000000000e-02
-1.384277343750000000e-01
-2.438964843750000000e-01
6.738281250000000000e+00
1.263427734375000000e-01
3.594970703125000000e-02
-9.936523437500000000e-02
-3.852539062500000000e-01
1.403808593750000000e-01
-3.425292968750000000e-01
-1.364898681640625000e-02
6.353759765625000000e-02
-2.583007812500000000e-01
9.350585937500000000e-02
-3.459472656250000000e-01
1.320800781250000000e-01
-2.117919921875000000e-01
5.151367187500000000e-02
-1.055297851562500000e-01
-1.965332031250000000e-01
1.562500000000000000e-01
1.215820312500000000e-01
2.783203125000000000e-01
-1.645507812500000000e-01
-2.218017578125000000e-01
-3.059082031250000000e-01
-1.842041015625000000e-01
3.192138671875000000e-02
-1.846923828125000000e-01
-1.544189453125000000e-01
-3.488769531250000000e-01
-1.359863281250000000e-01
1.357269287109375000e-02
-1.700439453125000000e-01
7.281494140625000000e-02
-8.258056640625000000e-02
-6.359863281250000000e-02
-1.623535156250000000e-01
2.229003906250000000e-01
-2.193603515625000000e-01
1.499938964843750000e-02
1.254882812500000000e-01
-2.949218750000000000e-01
1.724853515625000000e-01
-1.925048828125000000e-01
4.670410156250000000e-01
-1.203002929687500000e-01
1.384277343750000000e-01
1.070556640625000000e-01
-4.019165039062500000e-02
5.664062500000000000e-02
4.189453125000000000e-01
1.333007812500000000e-01
-1.719970703125000000e-01
-5.673828125000000000e-01
5.709838867187500000e-02
4.571533203125000000e-02
-7.299804687500000000e-02
1.217041015625000000e-01
-1.982421875000000000e-01
-1.194000244140625000e-03
-2.401123046875000000e-01
1.457519531250000000e-01
5.130004882812500000e-02
-1.401519775390625000e-02
2.893066406250000000e-01
8.801269531250000000e-02
1.428222656250000000e-01
-4.647827148437500000e-02
-3.015136718750000000e-01
4.042968750000000000e-01
-2.272949218750000000e-01
-2.315673828125000000e-01
1.451416015625000000e-01
1.512451171875000000e-01
1.025390625000000000e-01
-3.890991210937500000e-02
-6.707763671875000000e-02
9.661865234375000000e-02
5.233764648437500000e-02
5.161132812500000000e-01
6.376953125000000000e-01
-4.968261718750000000e-02
-1.549530029296875000e-02
2.463378906250000000e-01
1.011352539062500000e-01
-2.285156250000000000e-01
-1.468505859375000000e-01
9.124755859375000000e-02
-4.355468750000000000e-01
-1.003417968750000000e-01
-1.186523437500000000e-01
-2.404785156250000000e-01
2.624511718750000000e-03
-3.740234375000000000e-01
1.055297851562500000e-01
-8.032226562500000000e-02
1.407470703125000000e-01
-1.258544921875000000e-01
-2.160644531250000000e-01
8.142089843750000000e-02
6.604003906250000000e-02
-2.092285156250000000e-01
-2.229003906250000000e-01
3.388671875000000000e-01
3.900527954101562500e-03
5.517578125000000000e-02
6.701660156250000000e-02
-9.075927734375000000e-02
1.130371093750000000e-01
1.198730468750000000e-01
1.593017578125000000e-02
1.467285156250000000e-01
2.077102661132812500e-03
-5.566406250000000000e-01
-3.173828125000000000e-01
-2.604980468750000000e-01
2.736816406250000000e-01
-8.422851562500000000e-02
1.582031250000000000e-01
-4.124641418457031250e-04
-2.299499511718750000e-02
5.029296875000000000e-01
1.607666015625000000e-01
-2.824707031250000000e-01
-9.185791015625000000e-02
-9.521484375000000000e-02
-2.408447265625000000e-01
7.543945312500000000e-02
-2.753906250000000000e-01
2.631835937500000000e-01
-2.408447265625000000e-01
1.307373046875000000e-01
-1.751708984375000000e-01
-4.064941406250000000e-01
9.362792968750000000e-02
3.676757812500000000e-01
8.679199218750000000e-02
4.019165039062500000e-02
2.380371093750000000e-01
-4.248046875000000000e-02
-3.779296875000000000e-01
2.749023437500000000e-01
-2.797851562500000000e-01
-1.467132568359375000e-02
2.653808593750000000e-01
3.457031250000000000e-01
9.112548828125000000e-02
1.220703125000000000e-01
-1.256103515625000000e-01
2.406005859375000000e-01
-1.295166015625000000e-01
2.310791015625000000e-01
4.977416992187500000e-02
3.689575195312500000e-02
-1.955032348632812500e-03
-1.319580078125000000e-01
1.442871093750000000e-01
-2.014160156250000000e-01
-1.713867187500000000e-01
1.959228515625000000e-01
2.398681640625000000e-02
9.704589843750000000e-02
1.656494140625000000e-01
5.999755859375000000e-02
-1.066284179687500000e-01
-3.557128906250000000e-01
-7.043457031250000000e-02
6.033325195312500000e-02
-5.825805664062500000e-02
2.954101562500000000e-01
-1.492919921875000000e-01
1.684570312500000000e-01
1.496582031250000000e-01
-5.523681640625000000e-02
1.092910766601562500e-03
-1.029052734375000000e-01
1.408691406250000000e-01
1.074218750000000000e-01
2.326660156250000000e-01
-3.643798828125000000e-02
-1.123809814453125000e-02
6.734375000000000000e+00
-1.497802734375000000e-01
-1.588134765625000000e-01
4.902343750000000000e-01
-3.708496093750000000e-01
1.309204101562500000e-02
3.500976562500000000e-01
1.337890625000000000e-01
3.056640625000000000e-01
3.725585937500000000e-01
3.476562500000000000e-01
3.676757812500000000e-01
-5.731201171875000000e-02
2.773437500000000000e-01
-3.469848632812500000e-02
2.256774902343750000e-02
4.602050781250000000e-02
-2.445312500000000000e+00
3.354492187500000000e-01
3.642578125000000000e-01
1.173706054687500000e-01
-1.258544921875000000e-01
-2.507324218750000000e-01
4.702148437500000000e-01
-1.110839843750000000e-01
1.950683593750000000e-01
-1.966552734375000000e-01
-4.091796875000000000e-01
3.078613281250000000e-01
4.748535156250000000e-02
3.789062500000000000e-01
2.763671875000000000e-01
2.200317382812500000e-02
1.130371093750000000e-01
-6.683349609375000000e-02
3.178710937500000000e-01
2.468261718750000000e-01
-5.954742431640625000e-03
-1.021728515625000000e-01
1.043090820312500000e-01
-1.719970703125000000e-01
3.625488281250000000e-02
-5.093383789062500000e-02
4.567871093750000000e-01
2.587890625000000000e-01
-4.519653320312500000e-02
-1.296997070312500000e-02
-1.588439941406250000e-02
4.196777343750000000e-01
-2.125244140625000000e-01
-3.269042968750000000e-01
2.748107910156250000e-02
4.217529296875000000e-02
-1.800537109375000000e-01
1.960449218750000000e-01
2.678222656250000000e-01
-6.027221679687500000e-02
2.529296875000000000e-01
5.517578125000000000e-02
1.400146484375000000e-01
1.541137695312500000e-02
3.725585937500000000e-01
7.073974609375000000e-02
-2.857971191406250000e-02
1.755371093750000000e-01
2.653808593750000000e-01
-4.436035156250000000e-01
1.024780273437500000e-01
-2.592773437500000000e-01
1.138916015625000000e-01
2.796936035156250000e-02
-2.150878906250000000e-01
1.920166015625000000e-01
-2.924804687500000000e-01
9.381103515625000000e-02
6.561279296875000000e-02
-5.670166015625000000e-02
9.753417968750000000e-02
-1.791992187500000000e-01
-2.607727050781250000e-02
3.251953125000000000e-01
1.137084960937500000e-01
1.396942138671875000e-02
5.009765625000000000e-01
-5.639648437500000000e-02
-5.789184570312500000e-02
-6.100463867187500000e-02
6.328125000000000000e-01
2.648925781250000000e-01
8.026123046875000000e-02
-8.064270019531250000e-03
9.411621093750000000e-02
5.480957031250000000e-02
8.709716796875000000e-02
2.006835937500000000e-01
-4.766845703125000000e-02
-1.267089843750000000e-01
6.903076171875000000e-02
1.956787109375000000e-01
4.724121093750000000e-02
1.122436523437500000e-01
4.672851562500000000e-01
-3.942871093750000000e-01
1.286621093750000000e-01
-1.594238281250000000e-01
-3.086853027343750000e-02
1.533203125000000000e-01
1.790771484375000000e-01
2.753906250000000000e-01
5.989074707031250000e-03
3.613281250000000000e-01
-1.043701171875000000e-02
1.043701171875000000e-01
2.468261718750000000e-01
-2.488708496093750000e-02
-7.543945312500000000e-02
8.715820312500000000e-02
3.649902343750000000e-01
-2.509765625000000000e-01
-7.281494140625000000e-02
-1.514892578125000000e-01
3.445434570312500000e-02
-6.721496582031250000e-03
4.023437500000000000e-01
3.976440429687500000e-02
-8.258056640625000000e-02
-2.573242187500000000e-01
-8.898925781250000000e-02
-1.589355468750000000e-01
-3.945922851562500000e-02
-2.519531250000000000e-01
-1.557617187500000000e-01
-1.233520507812500000e-01
-2.016601562500000000e-01
-4.050292968750000000e-01
-4.635620117187500000e-02
-5.822753906250000000e-02
-3.057861328125000000e-02
-3.802490234375000000e-02
-1.041870117187500000e-01
2.729492187500000000e-01
3.916015625000000000e-01
1.455078125000000000e-01
4.553222656250000000e-01
3.195800781250000000e-01
-7.580566406250000000e-02
-1.054687500000000000e-01
-3.002929687500000000e-01
3.625488281250000000e-02
-1.242065429687500000e-01
-2.171325683593750000e-02
-3.485107421875000000e-02
2.778320312500000000e-01
-7.611083984375000000e-02
2.573242187500000000e-01
9.655761718750000000e-02
1.081542968750000000e-01
-7.293701171875000000e-02
1.346435546875000000e-01
-2.438964843750000000e-01
2.768554687500000000e-01
-1.213378906250000000e-01
2.440185546875000000e-01
4.548339843750000000e-01
5.504608154296875000e-03
-1.817703247070312500e-03
1.146240234375000000e-01
4.736328125000000000e-01
-3.500366210937500000e-02
-6.010742187500000000e-01
1.801757812500000000e-01
2.031250000000000000e-01
-4.251098632812500000e-02
-7.330322265625000000e-02
2.348632812500000000e-01
3.225097656250000000e-01
7.684326171875000000e-02
-4.216308593750000000e-01
-8.160400390625000000e-02
1.791992187500000000e-01
-4.385375976562500000e-02
5.000000000000000000e-01
-6.616210937500000000e-02
5.950927734375000000e-02
3.432617187500000000e-01
6.628417968750000000e-02
-7.604980468750000000e-02
3.161621093750000000e-01
-3.024902343750000000e-01
1.177215576171875000e-02
1.067504882812500000e-01
2.741699218750000000e-01
1.896972656250000000e-01
-3.349609375000000000e-01
-2.436523437500000000e-01
-3.918457031250000000e-01
-3.325195312500000000e-01
-2.656250000000000000e-01
-2.154541015625000000e-01
1.445770263671875000e-02
