2.569580078125000000e-02
-3.251953125000000000e-01
1.644287109375000000e-01
3.461914062500000000e-01
-1.110839843750000000e-01
-1.998291015625000000e-01
8.044433593750000000e-02
-9.873046875000000000e-01
-2.319335937500000000e-01
-4.730224609375000000e-02
7.714843750000000000e-02
-2.712402343750000000e-01
1.085205078125000000e-01
-2.066650390625000000e-01
-2.340087890625000000e-01
8.496093750000000000e-02
3.862304687500000000e-01
2.673339843750000000e-01
-6.054687500000000000e-02
-1.724853515625000000e-01
4.499511718750000000e-01
2.124023437500000000e-02
5.471801757812500000e-02
3.044433593750000000e-01
4.321289062500000000e-02
-2.926635742187500000e-02
-1.661376953125000000e-01
-1.278076171875000000e-01
5.764770507812500000e-02
2.766113281250000000e-01
-1.638183593750000000e-01
-1.104736328125000000e-01
-1.770019531250000000e-01
-1.153564453125000000e-01
-3.759765625000000000e-01
-8.129882812500000000e-02
-5.880737304687500000e-02
2.634277343750000000e-01
-3.330078125000000000e-01
-2.028808593750000000e-01
2.885742187500000000e-01
3.950195312500000000e-01
-1.408691406250000000e-01
1.437988281250000000e-01
2.670898437500000000e-01
3.706054687500000000e-01
2.244873046875000000e-01
3.823242187500000000e-01
1.447753906250000000e-01
1.894531250000000000e-01
-3.540039062500000000e-01
-2.636718750000000000e-01
3.867187500000000000e-01
8.468627929687500000e-03
1.083374023437500000e-01
1.608886718750000000e-01
-2.105712890625000000e-01
-1.695556640625000000e-01
-7.353515625000000000e-01
5.795898437500000000e-01
5.624389648437500000e-02
2.680664062500000000e-01
4.159545898437500000e-02
-2.912597656250000000e-01
-5.336914062500000000e-01
-5.969238281250000000e-02
3.915405273437500000e-02
4.799804687500000000e-01
-8.184814453125000000e-02
4.406738281250000000e-02
7.172851562500000000e-01
9.002685546875000000e-02
-8.636474609375000000e-02
1.694335937500000000e-01
-1.190185546875000000e-01
-1.170654296875000000e-01
-3.767089843750000000e-01
5.836486816406250000e-03
-1.846923828125000000e-01
3.447265625000000000e-01
-2.678222656250000000e-01
1.981201171875000000e-01
5.172729492187500000e-02
1.571044921875000000e-01
5.288696289062500000e-02
2.985839843750000000e-01
2.061767578125000000e-01
8.343505859375000000e-02
1.755371093750000000e-01
1.965332031250000000e-01
1.864013671875000000e-01
9.283447265625000000e-02
-1.457031250000000000e+00
6.552734375000000000e-01
8.441162109375000000e-02
7.183837890625000000e-02
9.490966796875000000e-02
-2.529296875000000000e-01
1.146850585937500000e-01
1.293945312500000000e-01
2.861328125000000000e-01
1.822509765625000000e-01
4.538574218750000000e-01
1.378173828125000000e-01
-3.752441406250000000e-01
8.959960937500000000e-02
1.488037109375000000e-01
-1.585693359375000000e-01
2.534484863281250000e-02
2.008056640625000000e-02
5.908203125000000000e-02
-1.477813720703125000e-02
2.158203125000000000e-01
6.298828125000000000e-02
-1.477050781250000000e-01
-7.460937500000000000e-01
-7.175445556640625000e-03
3.325195312500000000e-01
4.193115234375000000e-02
-1.804199218750000000e-01
7.550048828125000000e-02
-2.465820312500000000e-01
-1.356201171875000000e-01
-1.983642578125000000e-01
2.801513671875000000e-02
-3.835449218750000000e-01
7.659912109375000000e-02
1.280517578125000000e-01
-9.759521484375000000e-02
2.629394531250000000e-01
-9.356689453125000000e-02
3.110351562500000000e-01
-2.447509765625000000e-01
6.402343750000000000e+00
-1.222534179687500000e-01
8.184814453125000000e-02
-4.296875000000000000e-01
-4.338378906250000000e-01
1.218872070312500000e-01
-1.147460937500000000e-01
1.552734375000000000e-01
3.227539062500000000e-01
1.608276367187500000e-02
1.507568359375000000e-01
-1.386718750000000000e-01
-1.839599609375000000e-01
-3.198242187500000000e-02
-1.539306640625000000e-01
-2.374267578125000000e-01
-5.191040039062500000e-02
-4.133300781250000000e-01
1.102905273437500000e-01
-1.264648437500000000e-01
1.364746093750000000e-01
-2.062988281250000000e-02
5.026245117187500000e-02
6.143188476562500000e-02
4.055023193359375000e-03
-2.619628906250000000e-01
-1.512451171875000000e-01
-1.708984375000000000e-01
-3.195800781250000000e-01
2.563476562500000000e-01
7.879638671875000000e-02
-6.433105468750000000e-02
-4.092407226562500000e-02
2.217102050781250000e-02
-9.960937500000000000e-02
2.546386718750000000e-01
-1.801757812500000000e-01
-1.733398437500000000e-02
-1.589355468750000000e-01
7.800292968750000000e-02
-2.476806640625000000e-01
-1.776123046875000000e-01
-8.111572265625000000e-02
-1.912841796875000000e-01
2.954101562500000000e-01
7.490234375000000000e-01
-1.994628906250000000e-01
4.360961914062500000e-02
1.118774414062500000e-01
2.408447265625000000e-01
-1.812744140625000000e-01
1.951904296875000000e-01
-1.765136718750000000e-01
4.196777343750000000e-01
1.766357421875000000e-01
2.022705078125000000e-01
1.892089843750000000e-01
1.304931640625000000e-01
-5.639648437500000000e-01
-6.143188476562500000e-02
-1.011352539062500000e-01
-5.038452148437500000e-02
-1.198120117187500000e-01
-7.897949218750000000e-02
3.549804687500000000e-01
-7.318115234375000000e-02
1.198730468750000000e-01
-7.202148437500000000e-02
-4.748535156250000000e-02
2.607421875000000000e-01
-3.750000000000000000e-01
-4.392089843750000000e-01
2.819824218750000000e-01
-1.817626953125000000e-01
-2.457275390625000000e-01
-9.246826171875000000e-02
-4.833984375000000000e-02
4.128417968750000000e-01
2.377929687500000000e-01
1.073608398437500000e-01
-6.108398437500000000e-01
-3.432617187500000000e-01
4.501342773437500000e-02
8.007812500000000000e-02
-2.810668945312500000e-02
4.426269531250000000e-01
1.308593750000000000e-01
3.417968750000000000e-01
2.178955078125000000e-01
-5.679321289062500000e-02
-3.026962280273437500e-03
4.675292968750000000e-02
1.317138671875000000e-01
2.641601562500000000e-01
1.242675781250000000e-01
2.352294921875000000e-01
9.442138671875000000e-02
1.545410156250000000e-01
-1.847839355468750000e-02
-6.872558593750000000e-02
-9.277343750000000000e-02
-7.208251953125000000e-02
2.202148437500000000e-01
-2.155761718750000000e-01
-8.673095703125000000e-02
5.351562500000000000e-01
-7.543945312500000000e-02
1.304626464843750000e-02
1.895751953125000000e-01
-1.998291015625000000e-01
-1.907958984375000000e-01
-6.945800781250000000e-02
-4.340820312500000000e-01
-3.999023437500000000e-01
1.524658203125000000e-01
-2.216796875000000000e-01
-1.492919921875000000e-01
-3.100585937500000000e-01
3.833007812500000000e-01
-5.831909179687500000e-02
1.323242187500000000e-01
-1.093139648437500000e-01
1.761474609375000000e-01
3.383789062500000000e-01
-1.305389404296875000e-02
4.025268554687500000e-02
1.314697265625000000e-01
3.918457031250000000e-01
-1.275634765625000000e-01
-6.063842773437500000e-02
1.024780273437500000e-01
9.539794921875000000e-02
-2.857971191406250000e-02
1.353759765625000000e-01
-3.515625000000000000e-01
-8.984375000000000000e-02
-7.318115234375000000e-02
4.440307617187500000e-02
-4.091796875000000000e-01
-1.206054687500000000e-01
-2.301025390625000000e-01
3.234863281250000000e-02
-2.033691406250000000e-01
1.896667480468750000e-02
8.300781250000000000e-02
1.375732421875000000e-01
1.049194335937500000e-01
8.032226562500000000e-02
2.464599609375000000e-01
4.829101562500000000e-01
3.326416015625000000e-02
-1.580810546875000000e-01
-1.667480468750000000e-01
2.626953125000000000e-01
-2.225341796875000000e-01
6.671142578125000000e-02
-3.867187500000000000e-01
2.017822265625000000e-01
3.232421875000000000e-01
-7.672119140625000000e-02
1.541748046875000000e-01
1.647949218750000000e-01
3.985595703125000000e-02
-1.672363281250000000e-01
1.873779296875000000e-01
1.600341796875000000e-01
-9.405517578125000000e-02
1.041870117187500000e-01
1.379394531250000000e-01
-2.971191406250000000e-01
1.445312500000000000e-01
3.557128906250000000e-01
4.785156250000000000e-01
-2.275085449218750000e-02
-1.154785156250000000e-01
2.736816406250000000e-01
2.062988281250000000e-01
1.759033203125000000e-01
-5.199432373046875000e-03
6.402343750000000000e+00
1.887207031250000000e-01
-8.135986328125000000e-02
5.194091796875000000e-02
8.618164062500000000e-02
1.170043945312500000e-01
5.146484375000000000e-01
1.760253906250000000e-01
6.386718750000000000e-01
3.061523437500000000e-01
4.191894531250000000e-01
-2.021484375000000000e-01
1.678466796875000000e-01
3.227539062500000000e-01
-1.101684570312500000e-01
4.724121093750000000e-01
5.889892578125000000e-02
-1.788085937500000000e+00
-1.416015625000000000e-01
2.020263671875000000e-02
2.984619140625000000e-02
1.817626953125000000e-01
-1.733398437500000000e-02
1.254882812500000000e-01
3.433227539062500000e-02
1.313476562500000000e-01
-2.790527343750000000e-01
-2.758789062500000000e-01
-1.196289062500000000e-01
-9.783935546875000000e-02
3.271484375000000000e-01
-1.234130859375000000e-01
1.943359375000000000e-01
2.714843750000000000e-01
1.222534179687500000e-01
-1.584472656250000000e-01
-1.904296875000000000e-01
-8.978271484375000000e-02
1.679687500000000000e-01
7.745361328125000000e-02
-3.469238281250000000e-01
-2.541503906250000000e-01
3.994140625000000000e-01
-8.044433593750000000e-02
2.375488281250000000e-01
1.652832031250000000e-01
1.233520507812500000e-01
1.754150390625000000e-01
-4.072265625000000000e-01
-1.686096191406250000e-02
-1.939392089843750000e-02
2.736816406250000000e-01
2.425537109375000000e-01
-2.141113281250000000e-01
-3.454589843750000000e-02
4.121093750000000000e-01
1.538085937500000000e-01
2.679443359375000000e-02
-1.414794921875000000e-01
-2.543945312500000000e-01
-1.853027343750000000e-01
2.249755859375000000e-01
-9.628295898437500000e-03
-3.808593750000000000e-01
-2.113037109375000000e-01
6.679534912109375000e-03
-9.106445312500000000e-02
-2.412109375000000000e-01
3.607177734375000000e-02
-4.658203125000000000e-01
3.242187500000000000e-01
1.278076171875000000e-01
1.289062500000000000e-01
-2.790527343750000000e-01
-2.602539062500000000e-01
-4.223632812500000000e-02
-1.004028320312500000e-01
-6.427001953125000000e-02
-2.851562500000000000e-01
1.818847656250000000e-01
2.373046875000000000e-01
-1.567382812500000000e-01
-8.776855468750000000e-02
2.788085937500000000e-01
2.470397949218750000e-02
4.864501953125000000e-02
1.698493957519531250e-03
3.183593750000000000e-01
2.917480468750000000e-02
6.744384765625000000e-02
1.234130859375000000e-01
-1.730957031250000000e-01
-1.977539062500000000e-01
-3.973388671875000000e-02
-3.952636718750000000e-01
3.161621093750000000e-02
3.976440429687500000e-02
-1.875000000000000000e-01
-1.309814453125000000e-01
4.338378906250000000e-01
1.278076171875000000e-01
2.330322265625000000e-01
1.928710937500000000e-01
2.680664062500000000e-01
-1.088256835937500000e-01
-2.880859375000000000e-02
4.418945312500000000e-02
-5.770874023437500000e-02
2.400207519531250000e-02
8.071899414062500000e-03
-1.004638671875000000e-01
-1.853942871093750000e-02
3.071289062500000000e-01
-9.515380859375000000e-02
-2.846679687500000000e-01
4.901885986328125000e-03
1.823730468750000000e-01
3.195800781250000000e-01
-1.618652343750000000e-01
-1.936035156250000000e-01
-1.302490234375000000e-01
-2.089843750000000000e-01
2.781677246093750000e-02
-2.468261718750000000e-01
-3.322753906250000000e-01
2.033691406250000000e-01
-1.170654296875000000e-01
1.513671875000000000e-01
4.299926757812500000e-02
-1.470947265625000000e-01
1.199340820312500000e-01
3.646850585937500000e-02
1.175537109375000000e-01
-1.605224609375000000e-01
1.163940429687500000e-01
-2.873535156250000000e-01
3.593750000000000000e-01
2.785644531250000000e-01
1.174926757812500000e-02
1.802978515625000000e-01
5.178833007812500000e-02
3.034667968750000000e-01
-1.089477539062500000e-01
8.331298828125000000e-02
3.188476562500000000e-01
-5.775451660156250000e-03
2.612304687500000000e-01
-1.364746093750000000e-01
-1.498413085937500000e-02
5.551147460937500000e-02
2.001953125000000000e-01
3.041992187500000000e-01
8.386230468750000000e-02
-3.613281250000000000e-01
-5.581665039062500000e-02
-1.292724609375000000e-01
6.500244140625000000e-02
-2.558593750000000000e-01
5.166625976562500000e-02
-1.824951171875000000e-01
5.517578125000000000e-02
-5.905151367187500000e-03
1.684570312500000000e-01
4.274902343750000000e-01
-4.727172851562500000e-02
4.392089843750000000e-01
-2.526855468750000000e-01
1.279296875000000000e-01
1.166992187500000000e-01
-5.087890625000000000e-01
-1.845703125000000000e-01
7.629394531250000000e-02
-2.761230468750000000e-01
2.073974609375000000e-01
9.277343750000000000e-02
-4.067993164062500000e-02
-5.855560302734375000e-03
-5.693359375000000000e-01
-2.670898437500000000e-01
3.183593750000000000e-01
-2.326660156250000000e-01
9.106445312500000000e-01
1.909179687500000000e-01
3.371582031250000000e-01
1.583251953125000000e-01
1.303710937500000000e-01
-1.574707031250000000e-01
-2.427978515625000000e-01
3.920898437500000000e-01
2.326965332031250000e-02
2.731933593750000000e-01
3.403320312500000000e-01
-3.730468750000000000e-01
-7.290039062500000000e-01
3.786621093750000000e-01
-8.789062500000000000e-02
-1.391601562500000000e-01
5.297851562500000000e-02
-1.147460937500000000e-01
-3.291015625000000000e-01
