3.759765625000000000e-02
7.427978515625000000e-02
2.521972656250000000e-01
-5.592346191406250000e-03
-2.847290039062500000e-02
5.130004882812500000e-02
-9.600830078125000000e-02
-8.149414062500000000e-01
-5.239257812500000000e-01
4.705810546875000000e-02
2.037353515625000000e-01
2.622070312500000000e-01
-1.933593750000000000e-01
-4.772949218750000000e-01
4.006347656250000000e-01
5.766601562500000000e-01
3.496093750000000000e-01
-3.604125976562500000e-02
1.998291015625000000e-01
-1.384277343750000000e-01
4.936523437500000000e-01
9.973144531250000000e-02
5.869140625000000000e-01
3.728027343750000000e-01
-1.245727539062500000e-01
-6.872558593750000000e-02
1.028442382812500000e-01
3.601074218750000000e-01
-7.830810546875000000e-02
1.335449218750000000e-01
-3.457641601562500000e-02
2.265625000000000000e-01
-9.661865234375000000e-02
1.022949218750000000e-01
2.137451171875000000e-01
8.166503906250000000e-02
2.951660156250000000e-01
-3.179931640625000000e-02
5.004882812500000000e-01
8.868408203125000000e-02
9.344482421875000000e-02
3.283691406250000000e-01
5.435180664062500000e-02
2.448730468750000000e-01
4.934082031250000000e-01
1.785888671875000000e-01
-6.567382812500000000e-01
3.398437500000000000e-01
2.851562500000000000e-01
1.464843750000000000e-01
4.678344726562500000e-02
-3.334045410156250000e-03
-1.182861328125000000e-01
-1.474609375000000000e-01
-1.914062500000000000e-01
-1.418457031250000000e-01
-3.112792968750000000e-01
-1.011352539062500000e-01
-2.550125122070312500e-03
-1.658935546875000000e-01
8.306884765625000000e-02
-3.864746093750000000e-01
9.631347656250000000e-02
-2.457275390625000000e-01
3.618164062500000000e-01
-1.906738281250000000e-01
-2.248535156250000000e-01
2.329101562500000000e-01
-2.258300781250000000e-01
-2.078857421875000000e-01
2.744140625000000000e-01
-3.099060058593750000e-02
1.424560546875000000e-01
-6.750488281250000000e-02
-2.734375000000000000e-02
-3.312988281250000000e-01
-1.186523437500000000e-01
5.014038085937500000e-02
-1.202392578125000000e-01
-2.792968750000000000e-01
-2.149658203125000000e-01
-1.779785156250000000e-01
5.346679687500000000e-02
1.716308593750000000e-01
-2.514648437500000000e-01
1.651611328125000000e-01
-6.439208984375000000e-02
1.026611328125000000e-01
-1.489257812500000000e-01
-5.194091796875000000e-02
-1.811218261718750000e-02
-1.947021484375000000e-01
-1.448242187500000000e+00
1.312255859375000000e-01
6.433105468750000000e-02
2.944335937500000000e-01
3.210449218750000000e-02
1.661376953125000000e-01
-6.123046875000000000e-01
2.087402343750000000e-01
1.774902343750000000e-01
-1.539230346679687500e-03
-1.660156250000000000e-02
2.733230590820312500e-03
-3.369140625000000000e-01
-1.771240234375000000e-01
-1.159057617187500000e-01
-8.247375488281250000e-03
1.801757812500000000e-01
1.549072265625000000e-01
4.064941406250000000e-01
-8.984375000000000000e-02
2.941894531250000000e-01
2.440185546875000000e-01
4.019165039062500000e-02
-8.947753906250000000e-02
1.502685546875000000e-01
8.007812500000000000e-02
-2.980957031250000000e-01
7.257080078125000000e-02
3.994140625000000000e-01
-5.937500000000000000e-01
-2.309570312500000000e-01
-6.386718750000000000e-01
2.382812500000000000e-01
6.051635742187500000e-02
3.198242187500000000e-01
-3.356933593750000000e-01
1.683349609375000000e-01
3.923339843750000000e-01
2.341308593750000000e-01
-4.397583007812500000e-02
-1.545715332031250000e-02
6.125000000000000000e+00
2.339172363281250000e-02
3.217773437500000000e-01
9.289550781250000000e-02
-5.058593750000000000e-01
5.987548828125000000e-02
-5.462646484375000000e-02
-1.448974609375000000e-01
1.715087890625000000e-01
-1.154174804687500000e-01
-2.865600585937500000e-02
1.688232421875000000e-01
3.166503906250000000e-01
-1.987304687500000000e-01
-3.356933593750000000e-01
2.329101562500000000e-01
-1.129760742187500000e-01
1.128540039062500000e-01
-1.716613769531250000e-02
6.130981445312500000e-02
3.806152343750000000e-01
7.080078125000000000e-02
-1.597900390625000000e-01
-8.917236328125000000e-02
-1.875305175781250000e-02
-3.037109375000000000e-01
2.709960937500000000e-01
-2.401123046875000000e-01
1.087646484375000000e-01
-1.307373046875000000e-01
-1.503906250000000000e-01
2.519226074218750000e-02
2.065429687500000000e-01
1.428222656250000000e-01
3.021240234375000000e-02
1.695556640625000000e-01
-3.842163085937500000e-02
-2.080078125000000000e-01
-7.818603515625000000e-02
1.061401367187500000e-01
4.196166992187500000e-02
-3.664550781250000000e-01
7.236328125000000000e-01
-3.649902343750000000e-01
4.403686523437500000e-02
1.130371093750000000e-01
4.226684570312500000e-02
1.831054687500000000e-01
-6.848144531250000000e-02
-2.985839843750000000e-01
-2.824707031250000000e-01
1.164550781250000000e-01
1.547851562500000000e-01
2.459716796875000000e-01
-8.154296875000000000e-02
-1.269531250000000000e-01
-5.048828125000000000e-01
-8.522033691406250000e-03
-9.088134765625000000e-02
-1.308593750000000000e-01
2.166748046875000000e-01
-2.230224609375000000e-01
-1.780700683593750000e-02
-2.045898437500000000e-01
1.439208984375000000e-01
-8.651733398437500000e-03
-3.088378906250000000e-01
5.944824218750000000e-02
-2.507324218750000000e-01
3.542480468750000000e-01
4.301757812500000000e-01
-5.252075195312500000e-02
3.991699218750000000e-02
5.825195312500000000e-01
1.876220703125000000e-01
-1.079101562500000000e-01
5.581665039062500000e-02
1.430664062500000000e-01
3.413085937500000000e-01
2.148437500000000000e-01
2.250976562500000000e-01
3.454589843750000000e-01
-2.482910156250000000e-01
-2.392578125000000000e-01
-4.323730468750000000e-01
3.378906250000000000e-01
-7.580566406250000000e-02
2.851562500000000000e-01
1.151123046875000000e-01
-4.626464843750000000e-02
-3.759765625000000000e-01
-1.312255859375000000e-01
-1.940917968750000000e-01
-6.365966796875000000e-02
2.558593750000000000e-01
-2.093505859375000000e-01
-2.924804687500000000e-01
-9.313964843750000000e-02
4.312133789062500000e-02
1.248779296875000000e-01
-6.030273437500000000e-01
-8.874511718750000000e-02
5.073242187500000000e-01
2.198791503906250000e-02
-7.702636718750000000e-02
-3.591918945312500000e-02
-9.631347656250000000e-02
1.009521484375000000e-01
-4.067382812500000000e-01
-2.785644531250000000e-01
-6.504058837890625000e-03
-3.937988281250000000e-01
-4.885864257812500000e-02
2.386474609375000000e-01
-7.177734375000000000e-02
-2.314453125000000000e-01
-5.336914062500000000e-01
-2.946777343750000000e-01
-1.990966796875000000e-01
2.592773437500000000e-01
4.440917968750000000e-01
2.043457031250000000e-01
1.046752929687500000e-01
1.170043945312500000e-01
3.044433593750000000e-01
-6.530761718750000000e-02
2.210693359375000000e-01
-2.468872070312500000e-02
2.702636718750000000e-01
3.335571289062500000e-02
-1.962280273437500000e-02
-5.268554687500000000e-01
-2.580566406250000000e-01
6.445312500000000000e-02
1.365966796875000000e-01
-3.784179687500000000e-01
7.446289062500000000e-02
8.142089843750000000e-02
-2.668762207031250000e-02
-1.877441406250000000e-01
-1.931152343750000000e-01
2.508544921875000000e-02
1.569824218750000000e-01
1.024169921875000000e-01
-1.309814453125000000e-01
2.172851562500000000e-01
-1.766357421875000000e-01
-2.011108398437500000e-02
-2.749023437500000000e-01
5.031585693359375000e-03
1.555175781250000000e-01
-1.740722656250000000e-01
-2.993164062500000000e-01
8.996582031250000000e-02
-1.066894531250000000e-01
1.939697265625000000e-01
8.496093750000000000e-02
1.500244140625000000e-01
-2.499389648437500000e-02
-5.584716796875000000e-02
9.814453125000000000e-02
1.948547363281250000e-02
-2.130126953125000000e-01
1.730346679687500000e-02
-2.781677246093750000e-02
6.939697265625000000e-02
9.252929687500000000e-02
3.344726562500000000e-01
-3.999023437500000000e-01
-3.576660156250000000e-02
1.544189453125000000e-01
-2.692871093750000000e-01
1.068725585937500000e-01
-2.052001953125000000e-01
3.381347656250000000e-02
8.245849609375000000e-02
1.409912109375000000e-01
-7.080078125000000000e-02
-2.037353515625000000e-01
6.121093750000000000e+00
8.032226562500000000e-02
4.229736328125000000e-02
-1.412353515625000000e-01
-3.176879882812500000e-02
2.844238281250000000e-01
-1.916503906250000000e-01
9.295654296875000000e-02
4.913330078125000000e-02
5.927734375000000000e-01
5.783081054687500000e-02
-2.878417968750000000e-01
-5.485534667968750000e-03
-5.554199218750000000e-02
2.702636718750000000e-01
6.823730468750000000e-02
-3.378906250000000000e-01
-1.902343750000000000e+00
-2.301025390625000000e-01
6.304931640625000000e-02
-2.010498046875000000e-01
-4.516601562500000000e-02
8.709716796875000000e-02
4.228515625000000000e-01
3.848266601562500000e-02
2.841796875000000000e-01
1.622314453125000000e-01
9.283447265625000000e-02
-9.918212890625000000e-02
1.890869140625000000e-01
3.420410156250000000e-01
-1.241455078125000000e-01
-1.665115356445312500e-03
-4.440307617187500000e-02
9.954833984375000000e-02
7.427978515625000000e-02
-2.783203125000000000e-01
2.432250976562500000e-02
1.510009765625000000e-01
-1.384277343750000000e-01
-5.227661132812500000e-02
1.318359375000000000e-01
2.200927734375000000e-01
1.730957031250000000e-01
1.144409179687500000e-01
-2.568054199218750000e-02
-1.201171875000000000e-01
4.348144531250000000e-01
1.678466796875000000e-02
-3.171386718750000000e-01
-1.079101562500000000e-01
-3.359375000000000000e-01
1.603698730468750000e-02
-3.952026367187500000e-02
-1.470947265625000000e-01
2.395019531250000000e-01
-4.676818847656250000e-03
7.489013671875000000e-02
-3.391113281250000000e-01
-1.474609375000000000e-01
5.236816406250000000e-02
6.562500000000000000e-01
2.363281250000000000e-01
1.313476562500000000e-01
-2.250976562500000000e-01
-3.860473632812500000e-02
-3.405761718750000000e-01
-1.014404296875000000e-01
1.182250976562500000e-01
-2.556152343750000000e-01
-5.244140625000000000e-01
1.062011718750000000e-01
6.162109375000000000e-01
-6.268310546875000000e-02
1.172485351562500000e-01
1.820373535156250000e-02
-2.707519531250000000e-01
-2.100830078125000000e-01
-6.503906250000000000e-01
-1.601562500000000000e-01
-2.254638671875000000e-01
-2.792968750000000000e-01
-6.817626953125000000e-02
2.365722656250000000e-01
1.007080078125000000e-01
-2.956542968750000000e-01
-1.199951171875000000e-01
3.486328125000000000e-01
4.816894531250000000e-01
-1.179809570312500000e-01
1.152954101562500000e-01
9.130859375000000000e-02
-1.790771484375000000e-01
-4.153442382812500000e-02
-2.985839843750000000e-01
1.433105468750000000e-01
2.735900878906250000e-02
-1.973876953125000000e-01
3.198242187500000000e-01
1.777343750000000000e-01
-1.580810546875000000e-01
-1.973876953125000000e-01
4.446411132812500000e-02
-1.567382812500000000e-01
-2.338867187500000000e-01
-1.264648437500000000e-01
-2.268066406250000000e-01
-1.478271484375000000e-01
-1.614990234375000000e-01
4.794311523437500000e-02
3.107910156250000000e-01
-6.879882812500000000e-01
2.670898437500000000e-01
2.600097656250000000e-01
-4.804687500000000000e-01
3.186035156250000000e-02
1.446533203125000000e-01
-1.997070312500000000e-01
5.120849609375000000e-02
-1.201171875000000000e-01
9.216308593750000000e-02
1.157836914062500000e-01
5.294799804687500000e-03
5.480957031250000000e-02
-2.907714843750000000e-01
-1.552734375000000000e-01
-2.302246093750000000e-01
5.978393554687500000e-02
-2.143554687500000000e-01
1.468505859375000000e-01
6.829833984375000000e-02
-1.143798828125000000e-01
-4.772949218750000000e-02
1.442871093750000000e-01
-1.364746093750000000e-01
-4.169921875000000000e-01
-5.670166015625000000e-02
-4.077148437500000000e-02
1.196899414062500000e-01
9.301757812500000000e-02
-1.252441406250000000e-01
-9.118652343750000000e-02
1.282958984375000000e-01
2.425537109375000000e-01
2.812500000000000000e-01
-1.435089111328125000e-02
2.232666015625000000e-01
7.098388671875000000e-02
-9.899902343750000000e-02
2.894592285156250000e-02
2.426757812500000000e-01
3.337402343750000000e-01
2.763671875000000000e-01
1.545410156250000000e-01
2.192382812500000000e-01
-7.543945312500000000e-02
-1.625976562500000000e-01
-5.581054687500000000e-01
1.783447265625000000e-01
7.495117187500000000e-02
2.968750000000000000e-01
-8.386230468750000000e-02
2.980041503906250000e-02
2.454833984375000000e-01
-1.988525390625000000e-01
2.021484375000000000e-01
3.562011718750000000e-01
3.479003906250000000e-02
1.293945312500000000e-02
-6.054687500000000000e-01
9.344482421875000000e-02
-5.456542968750000000e-02
2.469482421875000000e-01
-1.616210937500000000e-01
2.714538574218750000e-02
1.391601562500000000e-01
1.180267333984375000e-02
-1.175537109375000000e-01
1.810302734375000000e-01
-7.124023437500000000e-01
-3.161621093750000000e-01
6.865234375000000000e-01
-3.038024902343750000e-02
7.389068603515625000e-03
1.950683593750000000e-01
-3.427734375000000000e-01
-5.123901367187500000e-02
7.574462890625000000e-02
-1.947021484375000000e-01
-3.066406250000000000e-01
8.020019531250000000e-02
-3.004455566406250000e-02
3.530273437500000000e-01
-3.820800781250000000e-01
-6.237792968750000000e-02
1.805419921875000000e-01
1.069335937500000000e-01
-2.370605468750000000e-01
-2.941894531250000000e-01
7.849121093750000000e-02
