3.701171875000000000e-01
1.118164062500000000e-01
1.453399658203125000e-02
-1.151123046875000000e-01
-5.081176757812500000e-03
1.287078857421875000e-02
1.416015625000000000e-01
-9.101562500000000000e-01
-5.190429687500000000e-01
9.619140625000000000e-02
2.055664062500000000e-01
5.136718750000000000e-01
-2.556152343750000000e-01
-6.171875000000000000e-01
6.645507812500000000e-01
7.016601562500000000e-01
3.388671875000000000e-01
3.056335449218750000e-02
1.262207031250000000e-01
-2.189941406250000000e-01
4.770507812500000000e-01
-2.049560546875000000e-01
6.601562500000000000e-01
2.951660156250000000e-01
-1.039886474609375000e-02
1.195068359375000000e-01
-1.296386718750000000e-01
3.515625000000000000e-01
-2.609252929687500000e-02
5.219726562500000000e-01
-4.559326171875000000e-02
1.396484375000000000e-01
-1.616210937500000000e-01
1.576232910156250000e-02
6.951904296875000000e-02
-1.892089843750000000e-02
2.958984375000000000e-01
-1.165771484375000000e-01
-5.859375000000000000e-02
4.043579101562500000e-02
3.872070312500000000e-01
1.234130859375000000e-01
-2.421875000000000000e-01
1.499176025390625000e-02
4.067382812500000000e-01
1.323242187500000000e-01
-6.147460937500000000e-01
2.639160156250000000e-01
3.281250000000000000e-01
-6.762695312500000000e-02
1.416015625000000000e-01
-2.010498046875000000e-01
-2.815246582031250000e-02
-4.257812500000000000e-01
-1.058959960937500000e-01
1.759338378906250000e-02
-2.526855468750000000e-01
-2.253417968750000000e-01
-1.729736328125000000e-01
-1.232299804687500000e-01
-2.104187011718750000e-02
-4.348144531250000000e-01
6.976318359375000000e-02
-2.396240234375000000e-01
1.257324218750000000e-01
-2.025146484375000000e-01
-1.503906250000000000e-01
1.804199218750000000e-01
-2.308349609375000000e-01
-9.014892578125000000e-02
3.195800781250000000e-01
-5.270385742187500000e-02
4.699707031250000000e-01
-8.538818359375000000e-02
-2.469482421875000000e-01
-3.063964843750000000e-01
-1.807861328125000000e-01
4.223632812500000000e-02
4.165649414062500000e-02
-2.475585937500000000e-01
-1.994628906250000000e-01
9.301757812500000000e-02
8.587646484375000000e-02
2.349853515625000000e-01
-3.669433593750000000e-01
2.033691406250000000e-01
1.557617187500000000e-01
3.078613281250000000e-01
-3.310546875000000000e-01
-1.336669921875000000e-01
-1.132202148437500000e-01
-3.066406250000000000e-01
-1.223632812500000000e+00
1.977539062500000000e-01
-2.181396484375000000e-01
2.919921875000000000e-01
6.187438964843750000e-03
7.433891296386718750e-04
-4.406738281250000000e-01
1.831054687500000000e-01
1.693115234375000000e-01
2.946777343750000000e-01
1.840820312500000000e-01
-2.746582031250000000e-01
-1.068115234375000000e-01
5.203247070312500000e-02
1.563720703125000000e-01
-1.419677734375000000e-01
2.790527343750000000e-01
-2.268981933593750000e-02
2.802734375000000000e-01
-5.114746093750000000e-02
2.656250000000000000e-01
1.933288574218750000e-02
-2.420654296875000000e-01
1.682128906250000000e-01
1.416015625000000000e-01
3.149414062500000000e-02
-3.225097656250000000e-01
-8.270263671875000000e-02
2.741699218750000000e-01
-5.727539062500000000e-01
-1.262207031250000000e-01
-4.262695312500000000e-01
3.923339843750000000e-01
4.489898681640625000e-03
1.636962890625000000e-01
-4.897460937500000000e-01
3.183593750000000000e-01
2.336425781250000000e-01
1.202392578125000000e-01
-2.587890625000000000e-01
1.527099609375000000e-01
4.753906250000000000e+00
-3.203125000000000000e-01
1.877441406250000000e-01
1.148681640625000000e-01
-5.429687500000000000e-01
7.812500000000000000e-03
-1.862792968750000000e-01
-1.135864257812500000e-01
2.244873046875000000e-01
-1.614990234375000000e-01
1.516113281250000000e-01
-7.598876953125000000e-02
2.751464843750000000e-01
-5.026245117187500000e-02
-2.875976562500000000e-01
1.942138671875000000e-01
9.704589843750000000e-03
1.911621093750000000e-01
-2.055664062500000000e-01
9.564208984375000000e-02
2.082519531250000000e-01
-5.206298828125000000e-02
-2.814941406250000000e-01
-6.010742187500000000e-01
1.427001953125000000e-01
5.499267578125000000e-02
2.612304687500000000e-01
1.342773437500000000e-01
-2.292480468750000000e-01
-2.521972656250000000e-01
-2.668457031250000000e-01
-4.473876953125000000e-02
2.519531250000000000e-01
-5.715942382812500000e-02
1.727294921875000000e-01
9.344482421875000000e-02
2.452087402343750000e-02
2.098388671875000000e-01
-2.039794921875000000e-01
3.127441406250000000e-01
-9.082031250000000000e-02
-3.166503906250000000e-01
6.958007812500000000e-01
-1.584472656250000000e-01
-1.562500000000000000e-02
1.047973632812500000e-01
-2.797851562500000000e-01
3.945312500000000000e-01
5.985260009765625000e-03
-2.194824218750000000e-01
4.089355468750000000e-02
-1.650390625000000000e-01
-5.288696289062500000e-02
8.697509765625000000e-02
1.000366210937500000e-01
-3.352050781250000000e-01
-9.527587890625000000e-02
4.153442382812500000e-02
6.433105468750000000e-02
8.099365234375000000e-02
2.148437500000000000e-01
-1.755371093750000000e-01
8.990478515625000000e-02
-4.702148437500000000e-01
4.199218750000000000e-02
-9.448242187500000000e-02
-5.561523437500000000e-01
-2.408447265625000000e-01
-1.984863281250000000e-01
1.022949218750000000e-01
1.966552734375000000e-01
-1.401367187500000000e-01
4.577636718750000000e-03
5.131835937500000000e-01
4.677734375000000000e-01
-1.248779296875000000e-01
-4.145507812500000000e-01
3.576660156250000000e-01
3.757324218750000000e-01
1.432800292968750000e-02
2.408447265625000000e-01
7.305908203125000000e-02
-3.649902343750000000e-01
-3.329467773437500000e-02
-4.689941406250000000e-01
5.600585937500000000e-01
4.294433593750000000e-01
4.482421875000000000e-01
1.248168945312500000e-01
2.543945312500000000e-01
-1.232299804687500000e-01
3.671264648437500000e-02
-2.731933593750000000e-01
-3.198242187500000000e-01
4.497070312500000000e-01
-1.123046875000000000e-01
-3.500976562500000000e-01
1.542968750000000000e-01
-2.602539062500000000e-01
8.563232421875000000e-02
-6.333007812500000000e-01
-3.491210937500000000e-01
5.141601562500000000e-01
7.464599609375000000e-02
2.450561523437500000e-02
-2.109375000000000000e-01
4.348754882812500000e-02
1.032714843750000000e-01
-1.119384765625000000e-01
-1.667480468750000000e-01
-1.553955078125000000e-01
-5.258789062500000000e-01
-9.872436523437500000e-03
2.244873046875000000e-01
-1.506347656250000000e-01
1.360321044921875000e-02
-5.322265625000000000e-01
-1.855468750000000000e-01
-4.160156250000000000e-01
4.882812500000000000e-02
3.115234375000000000e-01
-3.646850585937500000e-02
1.380615234375000000e-01
1.611328125000000000e-01
2.385253906250000000e-01
-1.379394531250000000e-01
2.326660156250000000e-01
1.439208984375000000e-01
4.902343750000000000e-01
-1.569824218750000000e-01
-1.058959960937500000e-02
-5.195312500000000000e-01
-4.873046875000000000e-01
-5.807876586914062500e-04
8.721923828125000000e-02
-3.937988281250000000e-01
1.636962890625000000e-01
-6.988525390625000000e-02
3.701782226562500000e-02
-2.102050781250000000e-01
-1.500244140625000000e-01
1.010131835937500000e-01
1.484375000000000000e-01
-3.576660156250000000e-02
-1.639404296875000000e-01
2.385253906250000000e-01
-6.547851562500000000e-01
-1.887207031250000000e-01
-1.623535156250000000e-01
-3.278808593750000000e-01
4.855346679687500000e-02
-2.255859375000000000e-01
-3.735351562500000000e-01
-8.132934570312500000e-03
1.267089843750000000e-01
1.178588867187500000e-01
-2.182006835937500000e-02
2.551269531250000000e-01
-1.410675048828125000e-02
-2.222900390625000000e-01
1.699218750000000000e-01
-2.915039062500000000e-01
-1.794433593750000000e-01
-2.109375000000000000e-01
-1.826171875000000000e-01
1.926269531250000000e-01
4.709472656250000000e-01
1.513671875000000000e-01
-1.302490234375000000e-01
1.727294921875000000e-02
4.096679687500000000e-01
-3.034667968750000000e-01
1.998291015625000000e-01
-1.029663085937500000e-01
9.796142578125000000e-03
-1.634216308593750000e-02
1.171875000000000000e-01
9.265136718750000000e-02
-2.944335937500000000e-01
4.746093750000000000e+00
2.282714843750000000e-01
-1.794433593750000000e-02
-6.280517578125000000e-02
2.168273925781250000e-02
-7.879638671875000000e-02
-1.196289062500000000e-01
-7.122802734375000000e-02
2.644042968750000000e-01
4.772949218750000000e-01
-1.533203125000000000e-01
2.445983886718750000e-02
-2.172851562500000000e-01
1.718521118164062500e-03
2.313613891601562500e-03
3.964233398437500000e-02
1.657714843750000000e-01
-1.605468750000000000e+00
-1.882324218750000000e-01
4.989624023437500000e-02
-2.631835937500000000e-01
-3.022460937500000000e-01
5.038452148437500000e-02
3.520507812500000000e-01
-4.037475585937500000e-02
1.694335937500000000e-01
2.485351562500000000e-01
7.672119140625000000e-02
-2.136230468750000000e-01
5.107421875000000000e-01
2.973632812500000000e-01
4.025268554687500000e-02
-3.022766113281250000e-02
-1.864013671875000000e-01
1.584472656250000000e-01
1.455688476562500000e-02
-8.338928222656250000e-03
1.680908203125000000e-01
5.224609375000000000e-02
-3.120117187500000000e-01
1.889648437500000000e-01
1.312255859375000000e-01
-1.435279846191406250e-03
-9.899902343750000000e-02
5.456542968750000000e-02
8.154296875000000000e-02
1.110839843750000000e-01
3.657226562500000000e-01
-2.612304687500000000e-01
-4.620361328125000000e-02
-1.292724609375000000e-01
-1.275634765625000000e-01
5.941772460937500000e-02
1.472167968750000000e-01
3.640747070312500000e-02
2.529296875000000000e-01
4.956054687500000000e-02
2.387695312500000000e-01
-3.447265625000000000e-01
-3.315429687500000000e-01
-6.506347656250000000e-02
5.029296875000000000e-01
1.207275390625000000e-01
3.527832031250000000e-01
-1.316070556640625000e-02
4.525756835937500000e-02
-1.214599609375000000e-01
1.252441406250000000e-01
-2.467346191406250000e-02
-1.848144531250000000e-01
-2.071533203125000000e-01
2.285156250000000000e-01
5.859375000000000000e-01
-2.961730957031250000e-02
1.368408203125000000e-01
-7.421875000000000000e-02
-3.576660156250000000e-01
-5.321502685546875000e-03
-4.592285156250000000e-01
-2.053222656250000000e-01
-2.041015625000000000e-01
-2.419433593750000000e-01
9.045410156250000000e-02
3.527832031250000000e-01
4.779052734375000000e-02
-1.649169921875000000e-01
4.629516601562500000e-02
3.417968750000000000e-01
3.078613281250000000e-01
1.732177734375000000e-01
1.245727539062500000e-01
1.800537109375000000e-01
-6.948242187500000000e-01
-8.850097656250000000e-02
-2.812500000000000000e-01
1.497802734375000000e-01
4.235839843750000000e-01
-1.472167968750000000e-01
2.225341796875000000e-01
-5.657958984375000000e-02
-2.377929687500000000e-01
-2.763671875000000000e-01
3.889160156250000000e-01
-3.732299804687500000e-02
1.499176025390625000e-02
-1.429443359375000000e-01
-2.329101562500000000e-01
1.092529296875000000e-01
-4.107666015625000000e-02
1.386718750000000000e-01
2.054443359375000000e-01
-8.164062500000000000e-01
1.264648437500000000e-01
2.346191406250000000e-01
-3.540039062500000000e-01
-4.425048828125000000e-02
1.833496093750000000e-01
-1.347656250000000000e-01
-1.095581054687500000e-01
-4.191894531250000000e-01
1.912841796875000000e-01
1.375732421875000000e-01
-1.396484375000000000e-01
6.372070312500000000e-02
-5.161132812500000000e-01
3.970336914062500000e-02
-4.064941406250000000e-01
7.952880859375000000e-02
-2.004394531250000000e-01
-2.196044921875000000e-01
-8.520507812500000000e-02
7.057189941406250000e-03
7.006835937500000000e-02
1.215209960937500000e-01
7.781982421875000000e-02
-3.352050781250000000e-01
4.047393798828125000e-03
7.751464843750000000e-02
-1.934814453125000000e-01
5.667114257812500000e-02
6.526947021484375000e-03
-5.709838867187500000e-02
4.421997070312500000e-02
9.197998046875000000e-02
1.849365234375000000e-01
-2.465820312500000000e-01
1.844482421875000000e-01
-1.713867187500000000e-01
-5.181884765625000000e-02
9.906005859375000000e-02
1.134643554687500000e-01
3.496093750000000000e-01
3.381347656250000000e-01
-1.021118164062500000e-01
3.632812500000000000e-01
-1.724853515625000000e-01
-2.636718750000000000e-02
-2.951660156250000000e-01
1.573486328125000000e-01
1.835937500000000000e-01
9.082031250000000000e-02
-1.888427734375000000e-01
3.906250000000000000e-01
-3.089904785156250000e-02
-1.877441406250000000e-01
8.349609375000000000e-02
6.621093750000000000e-01
-2.790527343750000000e-01
1.357421875000000000e-01
-3.208007812500000000e-01
-1.220092773437500000e-01
-3.312988281250000000e-01
1.727294921875000000e-01
-9.527587890625000000e-02
-1.462936401367187500e-03
2.756347656250000000e-01
1.588134765625000000e-01
-1.239013671875000000e-01
1.051025390625000000e-01
-7.670898437500000000e-01
-2.460937500000000000e-01
9.262695312500000000e-01
-3.976440429687500000e-02
-1.177978515625000000e-02
4.223632812500000000e-01
-3.525390625000000000e-01
-2.519226074218750000e-02
6.100463867187500000e-02
7.012939453125000000e-02
-4.191894531250000000e-01
-1.486816406250000000e-01
5.966186523437500000e-03
4.362792968750000000e-01
-3.996582031250000000e-01
-5.415039062500000000e-01
2.360839843750000000e-01
4.909667968750000000e-01
2.380371093750000000e-01
-3.723144531250000000e-01
-1.281738281250000000e-02
