5.972290039062500000e-02
-2.030029296875000000e-01
2.695312500000000000e-01
5.764770507812500000e-02
1.058959960937500000e-01
2.573242187500000000e-01
-3.356933593750000000e-01
-8.251953125000000000e-01
1.374511718750000000e-01
2.834472656250000000e-01
5.874023437500000000e-01
2.413940429687500000e-02
1.324462890625000000e-01
-1.251220703125000000e-01
-2.645874023437500000e-02
2.052307128906250000e-02
3.896484375000000000e-01
2.116699218750000000e-01
2.600097656250000000e-02
-9.698486328125000000e-02
2.651367187500000000e-01
3.325195312500000000e-01
-7.556152343750000000e-02
-3.817749023437500000e-02
4.266357421875000000e-02
1.104125976562500000e-01
-1.713867187500000000e-01
1.376953125000000000e-01
-7.574462890625000000e-02
2.807617187500000000e-01
-2.934570312500000000e-01
3.195190429687500000e-02
-2.276611328125000000e-01
2.279663085937500000e-02
-3.747558593750000000e-01
-1.561279296875000000e-01
-9.332275390625000000e-02
1.507568359375000000e-01
1.242828369140625000e-02
-4.461669921875000000e-02
-5.029296875000000000e-02
2.705078125000000000e-01
1.466064453125000000e-01
-1.080932617187500000e-01
2.497558593750000000e-01
1.274414062500000000e-01
-2.145996093750000000e-01
1.589965820312500000e-02
-3.402709960937500000e-02
-1.451110839843750000e-02
1.245117187500000000e-01
-5.502929687500000000e-01
2.856445312500000000e-01
-1.934814453125000000e-01
-1.584472656250000000e-01
-5.126953125000000000e-02
-1.718750000000000000e-01
-3.039550781250000000e-02
-2.232666015625000000e-01
-1.326751708984375000e-02
-2.561035156250000000e-01
-8.441162109375000000e-02
1.831054687500000000e-01
-2.124023437500000000e-01
-1.773681640625000000e-01
-1.335449218750000000e-01
2.521972656250000000e-01
3.010253906250000000e-01
-1.971435546875000000e-01
-3.098144531250000000e-01
-1.267089843750000000e-01
-3.071289062500000000e-01
1.716308593750000000e-01
-1.906738281250000000e-01
-8.190917968750000000e-02
-4.445800781250000000e-01
5.007934570312500000e-02
-3.137207031250000000e-01
-2.095947265625000000e-01
1.988220214843750000e-02
2.205810546875000000e-01
1.751708984375000000e-01
4.045410156250000000e-01
5.120849609375000000e-02
1.322021484375000000e-01
-1.143646240234375000e-02
1.467285156250000000e-01
1.654052734375000000e-02
-2.819824218750000000e-01
2.770996093750000000e-01
4.721679687500000000e-01
7.275390625000000000e-02
-1.430664062500000000e+00
1.486816406250000000e-01
-5.039062500000000000e-01
-8.093261718750000000e-02
4.040527343750000000e-01
4.960937500000000000e-01
3.037109375000000000e-01
-7.928466796875000000e-02
3.273925781250000000e-01
3.403320312500000000e-01
3.244628906250000000e-01
-2.927246093750000000e-01
-4.565429687500000000e-01
-2.231445312500000000e-01
-1.359863281250000000e-01
5.249023437500000000e-01
-5.230712890625000000e-02
-2.224121093750000000e-01
-1.368408203125000000e-01
1.073608398437500000e-01
1.636962890625000000e-01
-9.558105468750000000e-02
3.632812500000000000e-01
-3.330078125000000000e-01
1.178588867187500000e-01
3.061523437500000000e-01
-1.445312500000000000e-01
2.585449218750000000e-01
1.779785156250000000e-01
-3.466796875000000000e-01
1.717529296875000000e-01
8.801269531250000000e-02
1.350097656250000000e-01
1.058349609375000000e-01
2.019042968750000000e-01
2.873535156250000000e-01
3.017578125000000000e-01
1.829833984375000000e-01
1.995849609375000000e-01
1.757812500000000000e-02
2.446289062500000000e-01
4.917968750000000000e+00
-2.524414062500000000e-01
-1.979064941406250000e-02
-2.368164062500000000e-01
-4.077148437500000000e-01
1.472473144531250000e-02
-3.237304687500000000e-01
1.375732421875000000e-01
1.151123046875000000e-01
-5.957031250000000000e-01
4.382324218750000000e-01
-8.782958984375000000e-02
-2.835083007812500000e-02
9.869384765625000000e-02
-4.162597656250000000e-02
5.126953125000000000e-01
-3.940582275390625000e-03
-1.527099609375000000e-01
-1.697998046875000000e-01
-1.109619140625000000e-01
1.385498046875000000e-01
2.147216796875000000e-01
-1.717529296875000000e-01
-2.475585937500000000e-01
-2.287597656250000000e-01
2.049560546875000000e-01
-8.239746093750000000e-02
-2.846679687500000000e-01
2.512207031250000000e-01
-2.814941406250000000e-01
2.512207031250000000e-01
-8.367919921875000000e-02
1.580810546875000000e-01
2.766418457031250000e-02
-3.095703125000000000e-01
2.491760253906250000e-02
-2.257080078125000000e-01
1.427001953125000000e-01
-4.360351562500000000e-01
-1.240844726562500000e-01
-4.672241210937500000e-02
-2.829589843750000000e-01
1.237182617187500000e-01
-1.407470703125000000e-01
2.630615234375000000e-02
4.709472656250000000e-01
9.625244140625000000e-02
-1.063842773437500000e-01
-2.203369140625000000e-01
-6.328125000000000000e-01
3.049316406250000000e-01
-1.122436523437500000e-01
-4.985351562500000000e-01
-1.466064453125000000e-01
-3.311157226562500000e-02
-1.986083984375000000e-01
1.635742187500000000e-01
1.260986328125000000e-01
-1.201171875000000000e-01
-4.794921875000000000e-01
1.910400390625000000e-01
-2.995605468750000000e-01
2.580566406250000000e-01
1.034545898437500000e-01
1.067504882812500000e-01
5.792236328125000000e-02
-3.320312500000000000e-02
1.802978515625000000e-01
-1.894531250000000000e-01
7.611083984375000000e-02
-8.837890625000000000e-02
-4.638671875000000000e-02
-1.228027343750000000e-01
9.747314453125000000e-02
6.127929687500000000e-02
1.757812500000000000e-01
5.825805664062500000e-02
4.326171875000000000e-01
2.724609375000000000e-01
4.770507812500000000e-01
-2.717590332031250000e-02
-3.991699218750000000e-02
2.125244140625000000e-01
3.051757812500000000e-01
-3.183593750000000000e-01
-7.934570312500000000e-02
-1.180419921875000000e-01
-2.993164062500000000e-01
-1.418457031250000000e-01
-4.370117187500000000e-01
-6.010742187500000000e-01
7.617187500000000000e-02
-1.817626953125000000e-01
9.136962890625000000e-02
7.684326171875000000e-02
3.505859375000000000e-01
1.362304687500000000e-01
2.784729003906250000e-02
2.734375000000000000e-01
-1.281738281250000000e-01
-8.624267578125000000e-02
1.810302734375000000e-01
3.994140625000000000e-01
-6.927490234375000000e-02
4.275512695312500000e-02
2.653808593750000000e-01
-2.114257812500000000e-01
1.398468017578125000e-02
-1.866455078125000000e-01
3.129959106445312500e-03
2.106933593750000000e-01
-1.936035156250000000e-01
1.269531250000000000e-01
-1.760253906250000000e-01
1.424560546875000000e-01
-7.824707031250000000e-02
-1.857910156250000000e-01
-3.808593750000000000e-02
1.250000000000000000e-01
1.055908203125000000e-02
1.486816406250000000e-01
-2.976074218750000000e-01
-1.013183593750000000e-01
-1.640625000000000000e-01
2.912597656250000000e-01
-1.336669921875000000e-01
1.768798828125000000e-01
-4.399414062500000000e-01
-1.141357421875000000e-01
-1.181030273437500000e-01
-6.634521484375000000e-02
7.904052734375000000e-02
1.964111328125000000e-01
2.768554687500000000e-01
-6.555175781250000000e-02
4.150390625000000000e-01
3.955078125000000000e-01
-3.686523437500000000e-02
-7.260742187500000000e-01
-1.798095703125000000e-01
5.725097656250000000e-02
-1.708984375000000000e-01
7.031250000000000000e-02
-2.500000000000000000e-01
1.638793945312500000e-02
2.534179687500000000e-01
-8.506774902343750000e-03
6.684570312500000000e-01
4.507446289062500000e-02
2.347946166992187500e-03
-5.953979492187500000e-02
-3.847656250000000000e-01
3.337402343750000000e-01
6.304931640625000000e-02
-1.041870117187500000e-01
1.041259765625000000e-01
-2.049255371093750000e-02
2.731933593750000000e-01
3.168945312500000000e-01
4.748535156250000000e-01
-1.463317871093750000e-02
-4.230957031250000000e-01
-6.597900390625000000e-02
-3.698730468750000000e-01
2.364501953125000000e-01
-8.160400390625000000e-02
-2.019042968750000000e-01
-3.593750000000000000e-01
3.041992187500000000e-01
-4.754638671875000000e-02
-6.945800781250000000e-02
3.195800781250000000e-01
8.020019531250000000e-02
5.120849609375000000e-02
2.070312500000000000e-01
-2.336425781250000000e-01
2.088623046875000000e-01
-1.540527343750000000e-01
5.253906250000000000e-01
4.914062500000000000e+00
1.009521484375000000e-01
1.030883789062500000e-01
3.730468750000000000e-01
2.382812500000000000e-01
7.104492187500000000e-02
5.742187500000000000e-01
1.797485351562500000e-02
4.934082031250000000e-01
3.896484375000000000e-01
6.728515625000000000e-01
3.576660156250000000e-02
-3.725585937500000000e-01
-9.393310546875000000e-02
1.145019531250000000e-01
-2.675781250000000000e-01
-1.141357421875000000e-01
-2.380859375000000000e+00
4.277343750000000000e-01
2.091064453125000000e-01
1.213378906250000000e-01
-2.226562500000000000e-01
2.214355468750000000e-01
9.228515625000000000e-02
1.872253417968750000e-02
-2.193603515625000000e-01
1.636962890625000000e-01
-2.614746093750000000e-01
3.474121093750000000e-01
1.625061035156250000e-02
1.057128906250000000e-01
-3.403320312500000000e-01
6.744384765625000000e-02
-1.817626953125000000e-01
2.028808593750000000e-01
2.114257812500000000e-01
-2.557373046875000000e-02
2.616882324218750000e-02
2.496337890625000000e-01
-1.360321044921875000e-02
-1.977539062500000000e-01
3.171386718750000000e-01
-8.537292480468750000e-03
8.544921875000000000e-02
-1.386718750000000000e-01
1.691894531250000000e-01
5.453491210937500000e-02
-3.457031250000000000e-01
-4.086303710937500000e-02
-3.842773437500000000e-01
2.558898925781250000e-02
-1.290283203125000000e-01
-7.507324218750000000e-02
-3.229980468750000000e-01
1.527099609375000000e-01
3.928222656250000000e-01
-5.679321289062500000e-02
-1.173095703125000000e-01
1.030731201171875000e-02
-1.329345703125000000e-01
7.086181640625000000e-02
2.257080078125000000e-01
-1.488037109375000000e-01
-3.791503906250000000e-01
4.016113281250000000e-02
1.800537109375000000e-01
-6.518554687500000000e-01
-1.168212890625000000e-01
-4.282226562500000000e-01
9.802246093750000000e-02
2.494812011718750000e-02
-3.745117187500000000e-01
1.611328125000000000e-01
-3.271484375000000000e-02
-1.795654296875000000e-01
-1.179199218750000000e-01
-6.640625000000000000e-01
2.752685546875000000e-02
-3.491210937500000000e-01
5.307617187500000000e-01
3.173828125000000000e-01
4.461669921875000000e-02
1.043701171875000000e-01
-9.863281250000000000e-02
1.572265625000000000e-01
9.515380859375000000e-02
-4.335937500000000000e-01
3.371582031250000000e-01
8.538818359375000000e-02
2.139892578125000000e-01
-4.833984375000000000e-02
1.564941406250000000e-01
-3.544921875000000000e-01
-5.102539062500000000e-01
4.486083984375000000e-02
-1.516113281250000000e-01
1.762695312500000000e-01
-3.352050781250000000e-01
3.593750000000000000e-01
-5.786132812500000000e-02
2.661132812500000000e-01
5.764770507812500000e-02
2.156982421875000000e-01
2.435302734375000000e-01
-5.694580078125000000e-02
6.173706054687500000e-02
-1.514892578125000000e-01
3.622055053710937500e-03
-6.402587890625000000e-02
2.841796875000000000e-01
6.866455078125000000e-02
-4.245605468750000000e-01
5.523681640625000000e-03
-1.762390136718750000e-02
-1.977539062500000000e-01
1.044311523437500000e-01
3.244018554687500000e-02
3.281250000000000000e-01
1.126708984375000000e-01
-1.931152343750000000e-01
9.326171875000000000e-02
2.465820312500000000e-01
-6.304931640625000000e-02
1.156806945800781250e-03
-1.785888671875000000e-01
3.161621093750000000e-02
-2.146911621093750000e-02
-1.655578613281250000e-02
-1.023101806640625000e-02
-4.687500000000000000e-01
-1.625976562500000000e-01
-4.194335937500000000e-01
-1.645507812500000000e-01
-2.475585937500000000e-01
-3.847656250000000000e-01
-5.856323242187500000e-02
-2.191162109375000000e-01
4.008789062500000000e-01
2.481689453125000000e-01
-4.275512695312500000e-02
-3.049316406250000000e-01
1.307373046875000000e-01
-3.659057617187500000e-02
1.636962890625000000e-01
1.119995117187500000e-01
2.080917358398437500e-03
-6.195068359375000000e-02
-1.876220703125000000e-01
-1.102905273437500000e-01
1.292228698730468750e-03
3.576660156250000000e-02
1.561279296875000000e-01
3.718261718750000000e-01
9.747314453125000000e-02
-1.793212890625000000e-01
-6.695556640625000000e-02
-2.761230468750000000e-01
6.231689453125000000e-02
1.513671875000000000e-01
-2.685546875000000000e-01
2.414550781250000000e-01
-1.286621093750000000e-01
-2.301025390625000000e-02
3.144531250000000000e-01
-4.162597656250000000e-01
2.071533203125000000e-01
4.718017578125000000e-02
1.719970703125000000e-01
5.087280273437500000e-02
-7.211914062500000000e-01
9.315490722656250000e-03
-1.573486328125000000e-01
-7.556915283203125000e-03
3.381347656250000000e-01
1.170043945312500000e-01
1.477050781250000000e-02
-8.093261718750000000e-02
-1.865234375000000000e-01
2.078247070312500000e-02
-9.295654296875000000e-02
2.818298339843750000e-02
8.364257812500000000e-01
3.591308593750000000e-01
2.480468750000000000e-01
2.890014648437500000e-02
4.838867187500000000e-01
-9.155273437500000000e-02
1.263427734375000000e-01
-1.812744140625000000e-01
-2.415466308593750000e-02
3.007812500000000000e-01
4.128417968750000000e-01
6.381835937500000000e-01
-1.177978515625000000e-01
-3.326416015625000000e-02
-4.133300781250000000e-01
-1.079101562500000000e-01
-2.658691406250000000e-01
2.119140625000000000e-01
-2.551269531250000000e-01
