7.238769531250000000e-02
4.840087890625000000e-02
-2.124023437500000000e-01
2.209472656250000000e-01
6.587982177734375000e-03
2.543945312500000000e-01
-2.814941406250000000e-01
-1.039062500000000000e+00
3.063964843750000000e-02
-1.154174804687500000e-01
-2.956542968750000000e-01
-1.655273437500000000e-01
1.926269531250000000e-01
4.403686523437500000e-02
-1.087646484375000000e-01
2.719116210937500000e-02
1.024169921875000000e-01
1.655578613281250000e-02
-1.149291992187500000e-01
-2.381591796875000000e-01
5.356445312500000000e-01
1.900634765625000000e-01
6.298828125000000000e-02
1.278076171875000000e-01
-2.585449218750000000e-01
7.318115234375000000e-02
-2.200927734375000000e-01
-1.766357421875000000e-01
-3.948974609375000000e-02
1.656494140625000000e-01
1.552734375000000000e-01
-5.969238281250000000e-02
-5.747070312500000000e-01
2.436523437500000000e-01
-1.078491210937500000e-01
-2.214050292968750000e-02
5.847167968750000000e-02
2.192382812500000000e-01
-8.764648437500000000e-02
-2.302246093750000000e-01
-3.181152343750000000e-01
2.138671875000000000e-01
-1.118774414062500000e-01
-2.120361328125000000e-01
-1.446533203125000000e-01
1.149902343750000000e-01
1.560058593750000000e-01
3.388671875000000000e-01
1.217651367187500000e-01
3.570556640625000000e-02
-9.375000000000000000e-02
-1.833496093750000000e-01
-2.010498046875000000e-01
-3.061523437500000000e-01
-9.704589843750000000e-03
-1.683349609375000000e-01
2.133178710937500000e-02
-1.239013671875000000e-01
-4.946289062500000000e-01
-1.943359375000000000e-01
-1.904296875000000000e-01
-2.724609375000000000e-01
-5.047607421875000000e-02
4.684448242187500000e-02
-3.215332031250000000e-01
-3.940429687500000000e-01
-3.146362304687500000e-02
6.372070312500000000e-02
1.134643554687500000e-01
-4.423828125000000000e-01
2.575683593750000000e-01
-1.998291015625000000e-01
2.197265625000000000e-01
2.751464843750000000e-01
-1.132812500000000000e-01
3.142089843750000000e-01
-2.450561523437500000e-02
-3.161621093750000000e-01
2.489013671875000000e-01
-2.114257812500000000e-01
-7.177734375000000000e-02
-1.904296875000000000e-01
6.181640625000000000e-01
1.923828125000000000e-01
-1.652832031250000000e-01
7.135009765625000000e-02
8.428955078125000000e-02
-9.484863281250000000e-02
2.299804687500000000e-01
-1.896972656250000000e-01
-3.300781250000000000e-01
-1.793212890625000000e-01
-1.629882812500000000e+00
3.790283203125000000e-02
-1.182556152343750000e-02
4.396972656250000000e-01
1.937255859375000000e-01
3.039550781250000000e-01
-2.429199218750000000e-02
-1.749267578125000000e-01
2.922058105468750000e-02
4.902343750000000000e-01
1.994628906250000000e-01
-5.688476562500000000e-01
-1.745605468750000000e-01
-2.926635742187500000e-02
-4.843139648437500000e-02
-3.337402343750000000e-01
-1.750488281250000000e-01
-4.055175781250000000e-01
9.509277343750000000e-02
6.076049804687500000e-02
-2.301025390625000000e-01
1.530761718750000000e-01
2.366943359375000000e-01
-2.778320312500000000e-01
5.029296875000000000e-02
9.075927734375000000e-02
-4.714965820312500000e-02
1.751708984375000000e-01
-6.088256835937500000e-02
-1.835937500000000000e-01
-2.130126953125000000e-01
1.914062500000000000e-01
3.298339843750000000e-01
-1.090087890625000000e-01
2.641296386718750000e-02
1.606445312500000000e-01
-2.216796875000000000e-01
-8.093261718750000000e-02
1.899414062500000000e-01
2.222900390625000000e-01
-1.248168945312500000e-01
5.812500000000000000e+00
-1.071166992187500000e-01
-1.416015625000000000e-01
-2.178955078125000000e-01
-2.780761718750000000e-01
-2.252197265625000000e-01
-1.983642578125000000e-01
-6.069946289062500000e-02
1.881103515625000000e-01
3.713378906250000000e-01
2.349853515625000000e-01
-5.337524414062500000e-02
3.688964843750000000e-01
2.409362792968750000e-02
-1.804199218750000000e-01
2.128906250000000000e-01
-1.968994140625000000e-01
4.584960937500000000e-01
7.159423828125000000e-02
-1.827392578125000000e-01
-1.865234375000000000e-01
-9.130859375000000000e-02
-2.327880859375000000e-01
-1.834716796875000000e-01
-4.302978515625000000e-02
-1.298828125000000000e-01
7.293701171875000000e-02
-1.225585937500000000e-01
9.368896484375000000e-03
-9.814453125000000000e-02
-1.032714843750000000e-01
6.965637207031250000e-03
4.119873046875000000e-02
-1.649169921875000000e-01
-3.151855468750000000e-01
-3.686523437500000000e-02
1.518554687500000000e-01
2.919921875000000000e-01
-4.031372070312500000e-02
1.402587890625000000e-01
3.564453125000000000e-01
-9.240722656250000000e-02
-3.354492187500000000e-01
1.119384765625000000e-01
1.333618164062500000e-02
2.885742187500000000e-01
-1.594238281250000000e-01
1.177978515625000000e-01
6.523437500000000000e-01
-8.282470703125000000e-02
-2.906799316406250000e-02
-2.038574218750000000e-01
-4.096679687500000000e-01
1.335449218750000000e-01
-3.283691406250000000e-01
2.922363281250000000e-01
2.900390625000000000e-01
-6.035156250000000000e-01
1.334381103515625000e-02
-2.602539062500000000e-01
2.365722656250000000e-01
-1.818847656250000000e-01
1.194458007812500000e-01
-8.618164062500000000e-02
1.434326171875000000e-01
-3.573608398437500000e-02
-7.685546875000000000e-01
2.186279296875000000e-01
5.606079101562500000e-02
1.751708984375000000e-02
-9.912109375000000000e-02
-1.131591796875000000e-01
2.233886718750000000e-02
-5.557250976562500000e-02
-2.315673828125000000e-01
-1.679687500000000000e-01
-4.688262939453125000e-03
1.311035156250000000e-01
8.526611328125000000e-02
-4.995727539062500000e-02
1.131057739257812500e-03
-1.488037109375000000e-01
8.953857421875000000e-02
1.378173828125000000e-01
-1.917724609375000000e-01
1.397705078125000000e-01
-3.488769531250000000e-01
4.254150390625000000e-02
-3.930664062500000000e-01
3.269042968750000000e-01
-6.538085937500000000e-01
3.090820312500000000e-01
4.196777343750000000e-01
4.638671875000000000e-02
3.344726562500000000e-01
-8.911132812500000000e-02
-7.727050781250000000e-02
1.118774414062500000e-01
1.901245117187500000e-02
-2.844238281250000000e-01
-1.189422607421875000e-02
4.016113281250000000e-01
-1.811523437500000000e-01
-5.841064453125000000e-02
1.046752929687500000e-01
-4.754638671875000000e-02
3.486328125000000000e-01
6.173706054687500000e-02
-3.691406250000000000e-01
2.875976562500000000e-01
5.554199218750000000e-02
2.928161621093750000e-02
2.607421875000000000e-01
-3.730468750000000000e-01
8.483886718750000000e-03
-7.153320312500000000e-02
1.097412109375000000e-01
2.268066406250000000e-01
-5.493164062500000000e-02
-6.057739257812500000e-03
2.768554687500000000e-01
2.216796875000000000e-01
7.409667968750000000e-02
-1.446533203125000000e-01
3.181457519531250000e-03
1.104736328125000000e-01
-1.279296875000000000e-01
4.840087890625000000e-02
-6.069946289062500000e-02
-2.573242187500000000e-01
2.866210937500000000e-01
-1.071777343750000000e-01
-1.909179687500000000e-01
-3.088378906250000000e-01
-1.448974609375000000e-01
1.014404296875000000e-01
-1.317138671875000000e-01
-1.290283203125000000e-01
-2.768554687500000000e-01
-2.300262451171875000e-03
-9.838867187500000000e-02
2.641601562500000000e-01
-9.590148925781250000e-03
-8.438110351562500000e-03
8.239746093750000000e-02
-3.952026367187500000e-02
-3.216552734375000000e-02
5.302734375000000000e-01
-1.625061035156250000e-02
1.167602539062500000e-01
-1.536865234375000000e-01
-2.048339843750000000e-01
2.670898437500000000e-01
2.871093750000000000e-01
-2.714843750000000000e-01
2.737426757812500000e-02
-3.229980468750000000e-01
2.763671875000000000e-01
-1.417236328125000000e-01
2.410888671875000000e-01
3.666992187500000000e-01
-5.893554687500000000e-01
-2.739257812500000000e-01
7.586669921875000000e-02
-4.411621093750000000e-01
9.552001953125000000e-03
8.288574218750000000e-02
2.746582031250000000e-01
-3.384399414062500000e-02
-2.673339843750000000e-01
2.618408203125000000e-02
-1.746826171875000000e-01
2.339172363281250000e-02
-7.702636718750000000e-02
-2.270507812500000000e-01
2.389526367187500000e-02
-4.791259765625000000e-02
1.115722656250000000e-01
-1.265869140625000000e-01
5.808593750000000000e+00
-2.744140625000000000e-01
-2.785644531250000000e-01
1.260986328125000000e-01
-5.166625976562500000e-02
-1.688232421875000000e-01
2.626953125000000000e-01
-3.857421875000000000e-02
1.291503906250000000e-01
4.165039062500000000e-01
3.886222839355468750e-05
-7.336425781250000000e-02
-3.364257812500000000e-01
-2.211914062500000000e-01
-4.243164062500000000e-01
1.263427734375000000e-01
2.556152343750000000e-01
-2.310546875000000000e+00
-2.474365234375000000e-01
4.086914062500000000e-01
-1.445312500000000000e-01
1.589355468750000000e-01
-2.861328125000000000e-01
-2.191162109375000000e-01
3.107910156250000000e-01
1.354980468750000000e-01
-3.769531250000000000e-01
-4.230957031250000000e-01
3.254394531250000000e-01
4.156494140625000000e-02
3.132324218750000000e-01
-1.112060546875000000e-01
1.159667968750000000e-01
-1.274414062500000000e-01
-2.050781250000000000e-01
1.369628906250000000e-01
-1.854248046875000000e-01
-1.602783203125000000e-01
2.568054199218750000e-02
-1.538085937500000000e-01
-1.535034179687500000e-02
1.447753906250000000e-01
4.838867187500000000e-01
1.091308593750000000e-01
-2.326660156250000000e-01
1.126708984375000000e-01
1.424560546875000000e-01
-1.137695312500000000e-01
-9.529113769531250000e-03
1.395263671875000000e-01
-8.117675781250000000e-02
6.298828125000000000e-02
1.298828125000000000e-01
-2.375488281250000000e-01
1.920166015625000000e-01
-1.384277343750000000e-01
-1.500244140625000000e-01
2.202148437500000000e-01
3.151855468750000000e-01
1.096801757812500000e-01
-8.740234375000000000e-02
3.845214843750000000e-02
-5.258178710937500000e-02
-2.200927734375000000e-01
-2.655029296875000000e-02
3.168945312500000000e-01
1.873779296875000000e-02
3.227539062500000000e-01
-1.597595214843750000e-02
-3.887176513671875000e-03
1.343994140625000000e-01
1.934814453125000000e-01
1.567382812500000000e-01
-2.476806640625000000e-01
4.155273437500000000e-01
-1.705322265625000000e-01
-3.962402343750000000e-01
1.957702636718750000e-02
-3.981933593750000000e-01
-6.280517578125000000e-02
-1.099243164062500000e-01
7.818603515625000000e-02
-2.200927734375000000e-01
3.088378906250000000e-01
-9.765625000000000000e-02
-2.829589843750000000e-01
-1.859130859375000000e-01
3.220214843750000000e-01
1.814270019531250000e-02
9.674072265625000000e-02
4.913330078125000000e-03
2.021789550781250000e-02
-2.634277343750000000e-01
-3.439331054687500000e-02
-6.701660156250000000e-02
-3.469238281250000000e-01
1.223754882812500000e-01
-1.672363281250000000e-01
1.790771484375000000e-01
9.002685546875000000e-02
-1.522216796875000000e-01
5.575561523437500000e-02
-1.406250000000000000e-01
3.906250000000000000e-01
-1.057128906250000000e-01
-1.689147949218750000e-02
2.507324218750000000e-01
5.429687500000000000e-01
2.242431640625000000e-01
3.530883789062500000e-02
2.441406250000000000e-02
-1.892089843750000000e-01
-4.602050781250000000e-02
2.418212890625000000e-01
-2.719726562500000000e-01
2.320861816406250000e-02
1.927185058593750000e-02
-8.416748046875000000e-02
-1.463623046875000000e-01
-2.108154296875000000e-01
-4.230957031250000000e-01
2.437744140625000000e-01
-1.616210937500000000e-01
-2.888183593750000000e-01
-4.592285156250000000e-01
-2.174072265625000000e-01
-8.398437500000000000e-02
1.921386718750000000e-01
-2.980957031250000000e-01
-1.828613281250000000e-01
1.364746093750000000e-01
-1.477050781250000000e-01
1.057739257812500000e-01
2.221679687500000000e-01
-5.813598632812500000e-02
-1.159667968750000000e-01
2.379150390625000000e-01
3.107910156250000000e-01
-2.978515625000000000e-01
3.115234375000000000e-01
1.358642578125000000e-01
1.802978515625000000e-01
-5.398559570312500000e-02
3.103027343750000000e-01
1.673583984375000000e-01
9.283447265625000000e-02
-3.022460937500000000e-01
-1.258544921875000000e-01
8.331298828125000000e-03
-1.483154296875000000e-01
-3.094482421875000000e-02
2.934570312500000000e-01
3.107910156250000000e-01
4.211425781250000000e-01
-8.703613281250000000e-02
-2.121582031250000000e-01
2.524414062500000000e-01
-1.535797119140625000e-02
3.039550781250000000e-01
-1.934814453125000000e-01
1.273193359375000000e-01
-2.033691406250000000e-01
1.240234375000000000e-01
-1.883544921875000000e-01
2.883300781250000000e-01
2.484130859375000000e-01
3.017578125000000000e-01
2.235107421875000000e-01
-7.696533203125000000e-02
-8.857421875000000000e-01
7.110595703125000000e-02
-2.817382812500000000e-01
4.228515625000000000e-01
4.568481445312500000e-02
-2.005004882812500000e-02
-6.695556640625000000e-02
-3.216552734375000000e-02
-3.212890625000000000e-01
-7.153320312500000000e-02
2.504882812500000000e-01
1.368408203125000000e-01
4.794921875000000000e-01
6.127929687500000000e-02
3.654785156250000000e-01
3.139648437500000000e-01
-3.220214843750000000e-01
-4.792480468750000000e-01
3.957519531250000000e-01
-6.259765625000000000e-01
-3.750000000000000000e-01
2.373046875000000000e-01
2.198486328125000000e-01
2.093505859375000000e-01
-1.383056640625000000e-01
-5.419921875000000000e-01
-3.823242187500000000e-01
-1.313476562500000000e-01
-5.389404296875000000e-02
-1.308593750000000000e-01
-1.889648437500000000e-01
