3.259277343750000000e-01
-2.800292968750000000e-01
2.337646484375000000e-01
2.274169921875000000e-01
-1.162109375000000000e-01
-1.687011718750000000e-01
9.750366210937500000e-03
-1.122070312500000000e+00
-1.389312744140625000e-02
5.058593750000000000e-01
2.849121093750000000e-01
1.022949218750000000e-01
8.685302734375000000e-02
-1.802978515625000000e-01
8.613586425781250000e-03
-5.062866210937500000e-02
2.526855468750000000e-01
3.491210937500000000e-01
-1.457519531250000000e-01
-2.846679687500000000e-01
-2.833557128906250000e-02
-1.781005859375000000e-01
1.345214843750000000e-01
3.593750000000000000e-01
2.805175781250000000e-01
5.725097656250000000e-02
-2.644348144531250000e-02
2.153320312500000000e-01
-1.145629882812500000e-01
5.498046875000000000e-01
-1.544189453125000000e-01
-6.628417968750000000e-02
-2.010498046875000000e-01
3.007812500000000000e-01
-7.666015625000000000e-02
1.434326171875000000e-01
1.282958984375000000e-01
3.430175781250000000e-01
-2.491455078125000000e-01
1.600646972656250000e-02
-2.225341796875000000e-01
-1.671142578125000000e-01
1.602783203125000000e-01
-1.160278320312500000e-01
1.894531250000000000e-01
2.866210937500000000e-01
2.365722656250000000e-01
3.344726562500000000e-01
3.039550781250000000e-01
-1.865234375000000000e-01
-2.139892578125000000e-01
-3.232421875000000000e-01
3.122558593750000000e-01
-1.199951171875000000e-01
1.614990234375000000e-01
2.199707031250000000e-01
8.947753906250000000e-02
-4.670410156250000000e-01
-5.244140625000000000e-01
1.704101562500000000e-01
2.156982421875000000e-01
-1.232910156250000000e-01
1.196899414062500000e-01
8.038330078125000000e-02
-4.287719726562500000e-02
-3.215332031250000000e-01
4.477539062500000000e-01
1.633300781250000000e-01
-2.178192138671875000e-03
2.800292968750000000e-01
5.587768554687500000e-02
-1.557617187500000000e-01
3.049316406250000000e-01
2.934570312500000000e-01
1.846923828125000000e-01
1.374511718750000000e-01
1.619873046875000000e-01
-2.329101562500000000e-01
9.173583984375000000e-02
6.091308593750000000e-02
-2.113342285156250000e-02
1.641845703125000000e-02
2.171630859375000000e-01
1.767578125000000000e-01
-2.211914062500000000e-01
2.602539062500000000e-01
1.881103515625000000e-01
-2.148437500000000000e-01
-3.410644531250000000e-01
3.361816406250000000e-01
4.135742187500000000e-01
-1.634216308593750000e-02
-1.602539062500000000e+00
6.782226562500000000e-01
5.865478515625000000e-02
-1.337890625000000000e-01
2.565917968750000000e-01
-4.528808593750000000e-02
7.226562500000000000e-02
1.999511718750000000e-01
1.253662109375000000e-01
3.486328125000000000e-01
-1.165771484375000000e-01
-2.095947265625000000e-01
-5.053710937500000000e-01
2.549743652343750000e-02
1.807861328125000000e-01
-1.074218750000000000e-01
-1.554870605468750000e-02
-1.560058593750000000e-01
3.534317016601562500e-03
1.378173828125000000e-01
1.045989990234375000e-02
-3.266601562500000000e-01
-2.169189453125000000e-01
-3.083496093750000000e-01
2.436523437500000000e-01
1.425781250000000000e-01
1.134033203125000000e-01
-1.224365234375000000e-01
-1.464843750000000000e-01
-2.753906250000000000e-01
7.989501953125000000e-02
3.212890625000000000e-01
-8.642578125000000000e-02
1.545410156250000000e-01
-1.669921875000000000e-01
8.746337890625000000e-02
5.041503906250000000e-02
3.256835937500000000e-01
2.653808593750000000e-01
3.901367187500000000e-01
-1.157836914062500000e-01
6.167968750000000000e+00
3.204345703125000000e-03
-1.125488281250000000e-01
-1.962890625000000000e-01
-6.752929687500000000e-01
1.837158203125000000e-01
-5.459594726562500000e-02
3.269042968750000000e-01
-2.437591552734375000e-03
1.542968750000000000e-01
7.031250000000000000e-02
-2.629394531250000000e-01
-4.516601562500000000e-02
1.815185546875000000e-01
-1.766967773437500000e-02
-2.034912109375000000e-01
-3.520507812500000000e-01
-1.540527343750000000e-01
-4.904174804687500000e-02
2.619628906250000000e-01
2.604980468750000000e-01
3.976440429687500000e-02
1.931152343750000000e-01
-4.254150390625000000e-02
1.793212890625000000e-01
-2.460937500000000000e-01
1.813964843750000000e-01
-1.654052734375000000e-01
8.953857421875000000e-02
3.598632812500000000e-01
-1.374511718750000000e-01
-3.728027343750000000e-01
-2.099609375000000000e-01
-1.756286621093750000e-02
-2.121582031250000000e-01
2.932128906250000000e-01
3.695678710937500000e-02
1.765136718750000000e-01
-3.054199218750000000e-01
2.324218750000000000e-01
-2.746582031250000000e-01
-2.692871093750000000e-01
2.043457031250000000e-01
-1.611328125000000000e-01
4.763183593750000000e-01
3.293457031250000000e-01
9.991455078125000000e-02
1.220703125000000000e-01
1.488037109375000000e-01
2.478027343750000000e-01
-4.425048828125000000e-02
-2.365722656250000000e-01
2.553710937500000000e-01
-1.081542968750000000e-01
1.647949218750000000e-01
5.609130859375000000e-02
1.060791015625000000e-01
5.200195312500000000e-01
-6.958007812500000000e-01
3.906250000000000000e-02
4.107666015625000000e-02
5.273437500000000000e-02
2.275390625000000000e-01
-1.613769531250000000e-01
-1.352539062500000000e-01
-2.035522460937500000e-02
-4.313964843750000000e-01
2.635192871093750000e-02
6.903076171875000000e-02
2.626953125000000000e-01
-2.617187500000000000e-01
1.822509765625000000e-01
7.125854492187500000e-03
-2.861328125000000000e-01
-1.625976562500000000e-01
2.670898437500000000e-01
-1.579589843750000000e-01
4.924316406250000000e-01
1.859130859375000000e-01
-3.142089843750000000e-01
-5.683593750000000000e-01
1.295166015625000000e-01
2.976074218750000000e-01
-2.851562500000000000e-01
-2.319335937500000000e-02
2.451171875000000000e-01
-1.546630859375000000e-01
-8.685302734375000000e-02
-1.730918884277343750e-03
1.456298828125000000e-01
-2.745056152343750000e-02
3.784179687500000000e-01
-4.251098632812500000e-02
-6.127929687500000000e-02
1.699829101562500000e-02
-1.362304687500000000e-01
3.063964843750000000e-01
6.518554687500000000e-02
1.450195312500000000e-01
2.543945312500000000e-01
-1.757812500000000000e-01
-9.625244140625000000e-02
1.844482421875000000e-01
9.136962890625000000e-02
4.730224609375000000e-02
1.917724609375000000e-01
-7.061767578125000000e-02
-1.013183593750000000e-01
1.485595703125000000e-01
3.422851562500000000e-01
-1.823730468750000000e-01
-3.860473632812500000e-02
-2.199707031250000000e-01
8.312988281250000000e-02
7.848739624023437500e-04
-1.497802734375000000e-01
-1.968994140625000000e-01
-6.066894531250000000e-02
1.352539062500000000e-01
1.185607910156250000e-02
-1.540527343750000000e-01
-4.594726562500000000e-01
4.013671875000000000e-01
-2.468261718750000000e-01
-6.713867187500000000e-02
1.983642578125000000e-02
-1.955566406250000000e-01
-1.736450195312500000e-02
4.220581054687500000e-02
5.210876464843750000e-03
5.520629882812500000e-02
-3.508300781250000000e-01
-1.425781250000000000e-01
2.478027343750000000e-01
-7.299804687500000000e-02
-3.198242187500000000e-01
1.776123046875000000e-01
-3.414916992187500000e-02
-3.864746093750000000e-01
-1.772460937500000000e-01
2.073974609375000000e-01
4.484863281250000000e-01
-1.535644531250000000e-01
-6.878662109375000000e-02
-4.000854492187500000e-02
-7.299804687500000000e-02
1.805114746093750000e-02
1.809082031250000000e-01
-3.371582031250000000e-01
-2.412796020507812500e-03
4.414062500000000000e-01
-2.536621093750000000e-01
1.611328125000000000e-01
2.639160156250000000e-01
-1.041259765625000000e-01
2.171630859375000000e-01
-9.694099426269531250e-04
1.286621093750000000e-01
1.641845703125000000e-01
-1.448822021484375000e-02
-1.302490234375000000e-01
3.881835937500000000e-02
-1.733398437500000000e-01
-2.821350097656250000e-02
-1.416015625000000000e-01
2.235107421875000000e-01
6.250000000000000000e-02
-1.557617187500000000e-01
-1.101074218750000000e-01
-5.737304687500000000e-01
-1.163482666015625000e-02
-1.862792968750000000e-01
4.697265625000000000e-01
1.252441406250000000e-01
-1.929931640625000000e-01
9.381103515625000000e-02
1.528320312500000000e-01
-3.212890625000000000e-01
-1.914062500000000000e-01
6.160156250000000000e+00
3.046875000000000000e-01
2.622604370117187500e-03
2.670288085937500000e-02
-8.435058593750000000e-02
1.569824218750000000e-01
4.079589843750000000e-01
3.916015625000000000e-01
3.156738281250000000e-01
3.552246093750000000e-01
2.070312500000000000e-01
1.291656494140625000e-02
-2.045898437500000000e-01
6.469726562500000000e-01
-1.137084960937500000e-01
-7.196044921875000000e-02
3.068847656250000000e-01
-2.478515625000000000e+00
4.690551757812500000e-02
-1.194458007812500000e-01
-5.056762695312500000e-02
-2.758789062500000000e-01
-6.433105468750000000e-02
1.419677734375000000e-01
-7.755279541015625000e-03
1.947021484375000000e-02
-3.134765625000000000e-01
-1.505126953125000000e-01
-9.948730468750000000e-03
-4.206542968750000000e-01
3.598632812500000000e-01
6.002807617187500000e-02
-2.702636718750000000e-01
1.574707031250000000e-01
3.405761718750000000e-01
-2.365722656250000000e-01
-1.250000000000000000e-01
-2.256774902343750000e-02
6.854248046875000000e-02
2.739257812500000000e-01
-4.397583007812500000e-02
-8.691406250000000000e-02
-5.865478515625000000e-02
1.617431640625000000e-01
-3.559570312500000000e-01
-1.138305664062500000e-01
1.367187500000000000e-02
2.946777343750000000e-01
-3.032226562500000000e-01
1.466064453125000000e-01
1.528320312500000000e-01
2.348632812500000000e-01
1.119384765625000000e-01
4.071044921875000000e-02
2.329101562500000000e-01
1.495361328125000000e-01
8.251953125000000000e-02
1.780700683593750000e-02
-1.468505859375000000e-01
-1.069335937500000000e-01
-4.245605468750000000e-01
3.850097656250000000e-01
9.889602661132812500e-04
-1.023559570312500000e-01
-7.830810546875000000e-02
-5.783081054687500000e-02
-1.992187500000000000e-01
1.556396484375000000e-02
-6.628417968750000000e-02
-2.243652343750000000e-01
3.796386718750000000e-01
-1.228027343750000000e-01
-3.323364257812500000e-02
-2.861328125000000000e-01
8.776855468750000000e-02
3.488540649414062500e-03
-7.568359375000000000e-02
-1.177978515625000000e-01
-2.158203125000000000e-01
1.568603515625000000e-01
-2.590179443359375000e-03
-1.223754882812500000e-01
2.485351562500000000e-01
6.378173828125000000e-02
3.071289062500000000e-01
-8.789062500000000000e-02
-5.502929687500000000e-01
3.334960937500000000e-01
-9.942626953125000000e-02
-1.094360351562500000e-01
1.066284179687500000e-01
3.020019531250000000e-01
-1.073608398437500000e-01
-1.176147460937500000e-01
7.800292968750000000e-02
1.885986328125000000e-01
1.330566406250000000e-01
-3.117675781250000000e-01
1.034545898437500000e-02
1.705322265625000000e-01
5.416870117187500000e-02
2.070312500000000000e-01
6.431579589843750000e-03
1.740722656250000000e-01
-2.651367187500000000e-01
2.059326171875000000e-01
3.144531250000000000e-01
-1.022338867187500000e-02
2.093505859375000000e-01
-1.643066406250000000e-01
-3.330078125000000000e-01
-2.976074218750000000e-01
1.595458984375000000e-01
-5.844116210937500000e-02
-1.579589843750000000e-01
-2.315673828125000000e-01
2.059326171875000000e-01
1.955566406250000000e-01
-2.614746093750000000e-01
-1.333007812500000000e-01
-2.726745605468750000e-02
1.668701171875000000e-01
-5.336914062500000000e-01
-2.133789062500000000e-01
-4.558105468750000000e-01
1.268310546875000000e-01
-2.956542968750000000e-01
1.594238281250000000e-01
2.143859863281250000e-02
3.775024414062500000e-02
-1.433105468750000000e-01
-3.327636718750000000e-01
1.383056640625000000e-01
-2.661132812500000000e-01
1.595458984375000000e-01
-3.459472656250000000e-01
5.190429687500000000e-01
1.584472656250000000e-01
-1.056518554687500000e-01
-1.551055908203125000e-02
3.286132812500000000e-01
2.204589843750000000e-01
-2.276611328125000000e-02
2.890625000000000000e-01
2.285156250000000000e-01
-8.630371093750000000e-02
1.386718750000000000e-01
2.336120605468750000e-02
-1.049194335937500000e-01
5.990600585937500000e-02
-3.498535156250000000e-01
-8.099365234375000000e-02
-1.420898437500000000e-01
-4.357910156250000000e-01
1.028442382812500000e-01
-1.530761718750000000e-01
-3.640136718750000000e-01
-2.410888671875000000e-01
-1.203613281250000000e-01
-1.287841796875000000e-01
-2.072753906250000000e-01
7.867431640625000000e-02
1.286315917968750000e-02
1.470947265625000000e-01
-9.942626953125000000e-02
1.229858398437500000e-01
2.152099609375000000e-01
-1.463623046875000000e-01
-4.132080078125000000e-02
-3.784179687500000000e-01
-1.697998046875000000e-01
-1.838378906250000000e-01
6.512451171875000000e-02
4.827880859375000000e-02
-6.994628906250000000e-02
2.561035156250000000e-01
3.439331054687500000e-02
-2.600097656250000000e-01
-5.034179687500000000e-01
1.171264648437500000e-01
-2.336425781250000000e-01
6.899414062500000000e-01
2.526855468750000000e-01
4.910278320312500000e-02
2.147216796875000000e-01
1.762695312500000000e-01
-6.988525390625000000e-02
2.376708984375000000e-01
6.201171875000000000e-02
-1.199951171875000000e-01
2.624511718750000000e-01
2.897949218750000000e-01
1.582336425781250000e-02
-3.015136718750000000e-01
4.204101562500000000e-01
-1.330566406250000000e-01
-9.350585937500000000e-02
-2.150878906250000000e-01
-7.153320312500000000e-01
-7.202148437500000000e-02
