-1.256103515625000000e-01
-2.446289062500000000e-01
-3.019714355468750000e-02
-2.065429687500000000e-01
-2.272949218750000000e-01
2.106933593750000000e-01
-2.296142578125000000e-01
-1.063476562500000000e+00
-1.058959960937500000e-01
2.292480468750000000e-01
-1.467285156250000000e-01
-3.608398437500000000e-01
8.135986328125000000e-02
6.702423095703125000e-03
-1.036987304687500000e-01
3.188476562500000000e-01
1.097412109375000000e-01
1.673583984375000000e-01
-2.519531250000000000e-01
-1.804199218750000000e-01
4.543457031250000000e-01
1.593017578125000000e-01
1.088867187500000000e-01
2.341308593750000000e-01
-3.149414062500000000e-01
4.810333251953125000e-03
1.828613281250000000e-01
1.010742187500000000e-01
-8.361816406250000000e-02
3.244628906250000000e-01
2.075195312500000000e-01
-5.117187500000000000e-01
-3.391113281250000000e-01
1.680908203125000000e-01
-3.449707031250000000e-01
-1.066284179687500000e-01
1.033020019531250000e-02
2.670898437500000000e-01
-1.786804199218750000e-02
-1.591796875000000000e-01
1.312255859375000000e-01
-2.313232421875000000e-01
-3.102111816406250000e-02
-1.040039062500000000e-01
1.582031250000000000e-01
3.303222656250000000e-01
2.788085937500000000e-01
4.240722656250000000e-01
4.055175781250000000e-01
3.435058593750000000e-01
-3.701171875000000000e-01
-2.045898437500000000e-01
1.170043945312500000e-01
2.371826171875000000e-01
1.227416992187500000e-01
6.701660156250000000e-02
-1.034545898437500000e-01
-1.549072265625000000e-01
-7.012939453125000000e-02
3.811035156250000000e-01
3.771972656250000000e-01
3.262329101562500000e-02
9.228515625000000000e-02
5.484008789062500000e-02
4.401855468750000000e-01
-1.564941406250000000e-01
-1.417236328125000000e-01
3.302001953125000000e-02
-9.405517578125000000e-02
1.422119140625000000e-01
3.144531250000000000e-01
-1.636962890625000000e-01
-6.799316406250000000e-02
-5.972290039062500000e-02
-2.209472656250000000e-01
-9.417724609375000000e-02
6.933593750000000000e-02
-1.671142578125000000e-01
-1.828613281250000000e-01
-5.454101562500000000e-01
2.810058593750000000e-01
-2.135009765625000000e-01
-2.783203125000000000e-01
5.166015625000000000e-01
-2.514648437500000000e-01
-1.034545898437500000e-02
3.787231445312500000e-02
-5.742187500000000000e-01
1.199340820312500000e-01
3.359375000000000000e-01
1.974487304687500000e-02
-3.264160156250000000e-01
-1.518554687500000000e+00
3.171386718750000000e-01
-4.449462890625000000e-02
-2.475585937500000000e-01
-1.041259765625000000e-01
3.012695312500000000e-01
-1.145629882812500000e-01
2.281494140625000000e-01
9.069824218750000000e-02
3.920898437500000000e-01
-8.282661437988281250e-04
-2.357177734375000000e-01
-6.054687500000000000e-02
3.559570312500000000e-01
6.152343750000000000e-02
6.396484375000000000e-02
-8.935546875000000000e-02
-2.232666015625000000e-01
1.163330078125000000e-01
7.592773437500000000e-02
-2.279052734375000000e-01
2.181396484375000000e-01
4.077148437500000000e-02
-2.971191406250000000e-01
2.142333984375000000e-01
-2.639160156250000000e-01
-3.972167968750000000e-01
-1.107788085937500000e-01
-1.875000000000000000e-01
-2.998046875000000000e-01
-1.499176025390625000e-02
1.817626953125000000e-01
1.539306640625000000e-01
-2.457275390625000000e-01
6.671142578125000000e-02
3.997802734375000000e-03
-5.810546875000000000e-02
1.077880859375000000e-01
-6.341552734375000000e-02
4.035644531250000000e-01
-3.662109375000000000e-01
5.257812500000000000e+00
-1.420898437500000000e-01
-5.917968750000000000e-01
-6.082153320312500000e-02
-3.920898437500000000e-01
2.344970703125000000e-01
-1.877441406250000000e-01
-2.931213378906250000e-02
-8.044433593750000000e-02
-2.377319335937500000e-02
4.006347656250000000e-01
-5.000000000000000000e-01
-3.710937500000000000e-02
1.770019531250000000e-01
-1.843261718750000000e-02
-1.654052734375000000e-01
-5.737304687500000000e-01
4.130859375000000000e-01
2.324218750000000000e-01
2.418212890625000000e-01
-4.013061523437500000e-02
-3.350830078125000000e-02
-3.686523437500000000e-01
-2.531738281250000000e-01
4.650878906250000000e-02
4.729003906250000000e-01
1.028442382812500000e-01
4.438476562500000000e-01
-2.232666015625000000e-01
1.221313476562500000e-01
1.155395507812500000e-01
-2.641601562500000000e-01
-3.955078125000000000e-01
-2.542114257812500000e-02
3.789062500000000000e-01
2.119140625000000000e-01
-5.038452148437500000e-02
4.353027343750000000e-01
3.051757812500000000e-01
-3.330078125000000000e-01
1.345214843750000000e-01
-1.559257507324218750e-03
-3.049316406250000000e-01
-2.541503906250000000e-01
5.639648437500000000e-02
1.572265625000000000e-01
-3.347167968750000000e-01
-1.586914062500000000e-02
3.078613281250000000e-01
-1.702880859375000000e-01
-3.337402343750000000e-01
1.666259765625000000e-01
1.849365234375000000e-02
2.810058593750000000e-01
-1.122436523437500000e-01
2.363281250000000000e-01
-3.107910156250000000e-01
3.332519531250000000e-02
-2.509765625000000000e-01
-4.669189453125000000e-02
-1.134033203125000000e-01
-4.962158203125000000e-02
4.143066406250000000e-01
3.771972656250000000e-02
1.995849609375000000e-01
3.125000000000000000e-02
1.483154296875000000e-01
3.817749023437500000e-02
1.276855468750000000e-01
1.178741455078125000e-02
1.160888671875000000e-01
4.803466796875000000e-02
-4.948730468750000000e-01
3.193359375000000000e-01
7.092285156250000000e-02
-1.889648437500000000e-01
2.207031250000000000e-01
1.743164062500000000e-01
4.079589843750000000e-01
5.986328125000000000e-01
8.508300781250000000e-02
1.915283203125000000e-01
2.966308593750000000e-01
3.120117187500000000e-01
-1.389160156250000000e-01
-8.215332031250000000e-02
-5.141601562500000000e-01
-2.135009765625000000e-01
-1.462554931640625000e-02
-1.575927734375000000e-01
5.166625976562500000e-02
-9.301757812500000000e-02
-3.909301757812500000e-02
-7.800292968750000000e-02
2.883911132812500000e-02
3.718261718750000000e-01
-2.622070312500000000e-01
2.071533203125000000e-01
3.457031250000000000e-01
1.197509765625000000e-01
-2.220458984375000000e-01
1.771240234375000000e-01
2.185058593750000000e-01
2.360839843750000000e-01
1.319580078125000000e-01
-7.800292968750000000e-02
-4.792213439941406250e-04
4.099121093750000000e-01
5.654907226562500000e-02
2.861328125000000000e-01
-7.916259765625000000e-02
-4.074096679687500000e-02
-1.345214843750000000e-01
5.932617187500000000e-02
1.477050781250000000e-01
7.727050781250000000e-02
-1.300811767578125000e-02
-1.890869140625000000e-01
3.449707031250000000e-01
1.803588867187500000e-02
6.967773437500000000e-01
-2.875976562500000000e-01
9.625244140625000000e-02
1.252441406250000000e-01
-3.979492187500000000e-01
-1.579589843750000000e-01
1.660156250000000000e-01
-1.745605468750000000e-02
2.679443359375000000e-02
1.556396484375000000e-01
-1.767578125000000000e-01
4.716796875000000000e-01
1.901855468750000000e-01
-3.210449218750000000e-02
-1.392822265625000000e-01
-9.606933593750000000e-02
-2.574157714843750000e-02
-9.234619140625000000e-02
-1.904296875000000000e-02
4.646301269531250000e-03
-6.481933593750000000e-02
-4.580078125000000000e-01
-1.728515625000000000e-01
3.103027343750000000e-01
-1.445312500000000000e-01
2.514648437500000000e-02
-3.410644531250000000e-01
2.844238281250000000e-01
1.080932617187500000e-01
1.600341796875000000e-01
2.076416015625000000e-01
-1.071166992187500000e-01
1.313476562500000000e-01
7.537841796875000000e-02
-1.256942749023437500e-03
-2.504882812500000000e-01
-5.292968750000000000e-01
-1.918792724609375000e-03
-9.289550781250000000e-02
5.957031250000000000e-02
6.884765625000000000e-02
2.097167968750000000e-01
2.880859375000000000e-01
-6.000976562500000000e-01
-1.741943359375000000e-01
-2.276611328125000000e-01
-5.214843750000000000e-01
2.346191406250000000e-01
-1.143798828125000000e-01
-1.563720703125000000e-01
-1.555633544921875000e-02
-1.831054687500000000e-02
4.525756835937500000e-02
-1.165008544921875000e-02
-2.252197265625000000e-01
1.729736328125000000e-01
2.016601562500000000e-01
-7.849121093750000000e-02
4.655761718750000000e-01
5.250000000000000000e+00
-3.703613281250000000e-01
-7.531738281250000000e-02
3.354492187500000000e-01
-3.384399414062500000e-02
-7.116699218750000000e-02
1.595458984375000000e-01
1.280517578125000000e-01
2.055664062500000000e-01
2.929687500000000000e-01
-4.324340820312500000e-02
4.038085937500000000e-01
8.740234375000000000e-02
4.104003906250000000e-01
5.358886718750000000e-02
-4.132080078125000000e-02
2.709960937500000000e-01
-2.169921875000000000e+00
4.023437500000000000e-01
2.071533203125000000e-01
9.637451171875000000e-02
3.078613281250000000e-01
-5.249023437500000000e-01
1.259765625000000000e-01
1.667480468750000000e-01
-2.349853515625000000e-01
-9.674072265625000000e-03
-4.998779296875000000e-02
1.582031250000000000e-01
2.935791015625000000e-02
-1.590576171875000000e-01
1.535415649414062500e-03
4.768066406250000000e-01
-2.398681640625000000e-01
-3.310546875000000000e-01
3.068847656250000000e-01
2.802734375000000000e-01
3.454589843750000000e-02
3.974609375000000000e-01
5.697631835937500000e-02
4.367065429687500000e-02
-2.817382812500000000e-01
1.629638671875000000e-02
-1.223144531250000000e-01
4.912109375000000000e-01
1.260986328125000000e-01
4.983520507812500000e-02
-5.123901367187500000e-02
8.148193359375000000e-02
4.721679687500000000e-01
2.059326171875000000e-01
4.837036132812500000e-02
1.112060546875000000e-01
-1.418457031250000000e-01
2.420654296875000000e-01
3.283691406250000000e-02
-8.776855468750000000e-02
-3.097534179687500000e-02
1.461181640625000000e-01
-2.192382812500000000e-01
-3.874511718750000000e-01
7.385253906250000000e-02
1.944580078125000000e-01
-1.489257812500000000e-01
-4.782104492187500000e-02
-2.166748046875000000e-01
-2.185058593750000000e-01
-4.566192626953125000e-03
5.834960937500000000e-02
-1.195068359375000000e-01
1.882324218750000000e-01
-4.130859375000000000e-01
3.540039062500000000e-01
1.087036132812500000e-01
6.970214843750000000e-02
1.516113281250000000e-01
1.102294921875000000e-01
3.878784179687500000e-02
-4.243164062500000000e-01
1.656494140625000000e-01
-5.444335937500000000e-01
8.709716796875000000e-02
3.115234375000000000e-01
3.349609375000000000e-01
1.408691406250000000e-01
-3.691406250000000000e-01
-2.770996093750000000e-01
3.269042968750000000e-01
-1.156005859375000000e-01
2.381591796875000000e-01
5.889892578125000000e-02
-4.990234375000000000e-01
-7.843017578125000000e-02
-3.115234375000000000e-01
6.459960937500000000e-01
-9.075927734375000000e-02
6.707763671875000000e-02
-4.983520507812500000e-02
-4.191894531250000000e-01
7.885742187500000000e-02
-1.250000000000000000e-01
6.289062500000000000e-01
-1.964111328125000000e-01
1.281738281250000000e-01
7.067871093750000000e-02
-2.412109375000000000e-01
-2.028808593750000000e-01
1.540527343750000000e-01
9.533691406250000000e-02
-2.258300781250000000e-01
-7.165527343750000000e-02
-2.966308593750000000e-01
-2.595214843750000000e-01
-2.922058105468750000e-02
-6.196289062500000000e-01
-4.152832031250000000e-01
1.795654296875000000e-01
-2.939453125000000000e-01
-1.770019531250000000e-01
-2.866210937500000000e-01
2.372741699218750000e-02
2.104492187500000000e-01
7.050781250000000000e-01
-2.250976562500000000e-01
2.382812500000000000e-01
7.244873046875000000e-02
-1.560058593750000000e-01
-1.511383056640625000e-02
1.185302734375000000e-01
-3.010253906250000000e-01
-8.117675781250000000e-02
-3.461914062500000000e-01
-1.994628906250000000e-01
2.204589843750000000e-01
-1.385498046875000000e-01
2.998352050781250000e-02
1.590576171875000000e-01
1.546478271484375000e-02
-2.215576171875000000e-01
-1.373291015625000000e-01
2.775573730468750000e-02
2.761230468750000000e-01
-1.522216796875000000e-01
2.485351562500000000e-01
2.205810546875000000e-01
-2.359619140625000000e-01
3.442382812500000000e-02
-4.987792968750000000e-01
2.379150390625000000e-01
1.779785156250000000e-01
-5.493164062500000000e-02
1.729736328125000000e-01
2.697753906250000000e-01
2.142333984375000000e-01
7.983398437500000000e-02
-6.805419921875000000e-02
1.633300781250000000e-01
1.414794921875000000e-01
-7.501220703125000000e-02
-2.200927734375000000e-01
-2.106933593750000000e-01
-2.792358398437500000e-02
-2.585449218750000000e-01
2.371826171875000000e-01
-1.916503906250000000e-01
2.810058593750000000e-01
6.390380859375000000e-02
3.337402343750000000e-01
1.539306640625000000e-01
-3.530273437500000000e-01
-6.616210937500000000e-02
-3.469238281250000000e-01
3.364562988281250000e-03
-2.285156250000000000e-01
2.433776855468750000e-02
1.312255859375000000e-01
-8.685302734375000000e-02
-3.139648437500000000e-01
1.354980468750000000e-01
4.387207031250000000e-01
-3.354492187500000000e-01
5.058593750000000000e-01
-3.193359375000000000e-01
-1.984863281250000000e-01
2.836914062500000000e-01
6.293945312500000000e-01
-2.748107910156250000e-02
6.167602539062500000e-02
9.143066406250000000e-02
1.881103515625000000e-01
3.310546875000000000e-01
-6.781005859375000000e-02
4.046630859375000000e-02
7.641601562500000000e-02
2.103271484375000000e-01
-3.920898437500000000e-01
-3.381347656250000000e-02
-2.106933593750000000e-01
-2.932128906250000000e-01
3.137207031250000000e-01
