2.113037109375000000e-01
-2.553710937500000000e-01
9.399414062500000000e-02
2.131347656250000000e-01
-2.607421875000000000e-01
1.115722656250000000e-01
-3.977050781250000000e-01
-1.235351562500000000e+00
-2.211914062500000000e-01
3.698730468750000000e-01
5.639648437500000000e-02
-1.264648437500000000e-01
-2.041015625000000000e-01
-5.718994140625000000e-02
4.028320312500000000e-01
2.709960937500000000e-01
1.387939453125000000e-01
-3.460693359375000000e-02
-3.217773437500000000e-01
-6.252288818359375000e-03
2.573242187500000000e-01
-5.850219726562500000e-02
1.518554687500000000e-01
-2.188720703125000000e-01
6.317138671875000000e-02
1.702880859375000000e-01
-1.464843750000000000e-01
2.332763671875000000e-01
-1.201782226562500000e-01
-3.594970703125000000e-02
6.066894531250000000e-02
-1.910400390625000000e-01
-2.734375000000000000e-01
2.370605468750000000e-01
1.420898437500000000e-01
4.951171875000000000e-01
-6.118774414062500000e-02
5.297851562500000000e-01
-1.962890625000000000e-01
-1.304931640625000000e-01
-2.941894531250000000e-01
-1.536865234375000000e-01
2.238769531250000000e-01
-9.942626953125000000e-02
1.573486328125000000e-01
1.416015625000000000e-01
-2.946777343750000000e-01
3.549194335937500000e-02
2.374267578125000000e-01
-5.389404296875000000e-02
2.368164062500000000e-01
-3.325195312500000000e-01
-3.662109375000000000e-04
-5.160522460937500000e-02
5.187988281250000000e-02
-1.699218750000000000e-01
2.656250000000000000e-01
1.302490234375000000e-01
-2.191162109375000000e-01
3.452148437500000000e-01
6.222534179687500000e-02
-1.062622070312500000e-01
5.844726562500000000e-01
1.845703125000000000e-01
1.712646484375000000e-01
-1.184692382812500000e-01
-1.684570312500000000e-01
-2.702636718750000000e-01
4.315185546875000000e-02
-4.091796875000000000e-01
1.280517578125000000e-01
-3.137207031250000000e-01
5.673217773437500000e-02
3.405761718750000000e-01
-8.135986328125000000e-02
1.755371093750000000e-01
7.189941406250000000e-02
2.763671875000000000e-01
-4.006347656250000000e-01
-1.373291015625000000e-01
-2.661132812500000000e-01
3.884277343750000000e-01
-1.929931640625000000e-01
4.506835937500000000e-01
-9.411621093750000000e-02
2.025146484375000000e-01
-2.182617187500000000e-01
-3.720703125000000000e-01
2.500000000000000000e-01
-7.125854492187500000e-03
-3.947753906250000000e-01
3.630371093750000000e-01
-1.529296875000000000e+00
5.908203125000000000e-01
1.262207031250000000e-01
-1.127929687500000000e-01
-1.977539062500000000e-01
-3.793334960937500000e-02
-6.976318359375000000e-02
7.385253906250000000e-02
2.116699218750000000e-01
6.481933593750000000e-02
3.195190429687500000e-02
1.472473144531250000e-02
-5.336914062500000000e-01
-1.511230468750000000e-01
4.272460937500000000e-02
1.866455078125000000e-01
-4.331054687500000000e-01
8.117675781250000000e-02
-1.966552734375000000e-01
-1.012573242187500000e-01
-1.295166015625000000e-01
8.489990234375000000e-02
1.225585937500000000e-01
-8.294677734375000000e-02
-7.598876953125000000e-03
3.999023437500000000e-01
1.546630859375000000e-01
1.275634765625000000e-01
2.208251953125000000e-01
-5.742187500000000000e-01
-6.759643554687500000e-03
-1.652832031250000000e-01
3.012695312500000000e-01
-2.275390625000000000e-01
-2.507324218750000000e-01
-1.251983642578125000e-02
2.443847656250000000e-01
4.455566406250000000e-01
2.256774902343750000e-02
-9.729003906250000000e-02
6.567382812500000000e-02
5.718750000000000000e+00
-3.908691406250000000e-01
-2.373046875000000000e-01
-1.006469726562500000e-01
-1.141967773437500000e-01
2.241210937500000000e-01
6.082153320312500000e-02
1.723632812500000000e-01
9.710693359375000000e-02
-9.490966796875000000e-02
-2.040100097656250000e-02
-2.008056640625000000e-01
-2.463378906250000000e-01
9.545898437500000000e-02
-3.950195312500000000e-01
-2.121582031250000000e-01
-2.770996093750000000e-01
3.645019531250000000e-01
-1.809692382812500000e-02
-3.912353515625000000e-02
2.670898437500000000e-01
1.528320312500000000e-01
-7.647705078125000000e-02
2.330322265625000000e-01
3.852539062500000000e-01
3.295898437500000000e-01
1.636962890625000000e-01
9.466552734375000000e-02
4.223632812500000000e-01
5.700683593750000000e-02
1.865234375000000000e-01
3.691406250000000000e-01
7.080078125000000000e-02
3.152465820312500000e-02
-1.212768554687500000e-01
6.878662109375000000e-02
-2.528381347656250000e-02
2.099609375000000000e-01
-1.856689453125000000e-01
-3.317871093750000000e-01
5.117797851562500000e-02
-3.823242187500000000e-01
-1.419677734375000000e-01
-2.980957031250000000e-01
-3.198242187500000000e-02
-1.730957031250000000e-01
-3.415527343750000000e-01
-6.234741210937500000e-02
-5.558013916015625000e-03
-1.238403320312500000e-01
-7.342529296875000000e-02
1.374511718750000000e-01
-3.381347656250000000e-02
-1.109008789062500000e-01
8.441162109375000000e-02
-1.959228515625000000e-01
-7.061767578125000000e-02
3.942871093750000000e-02
-1.772460937500000000e-01
-2.687072753906250000e-02
-1.253662109375000000e-01
-1.635742187500000000e-02
4.644775390625000000e-02
1.106567382812500000e-01
2.641601562500000000e-01
-3.674316406250000000e-01
-4.230957031250000000e-01
1.834716796875000000e-01
5.404663085937500000e-02
1.533203125000000000e-01
1.607666015625000000e-01
1.143798828125000000e-01
-1.219482421875000000e-01
1.531982421875000000e-01
-1.167297363281250000e-02
-3.784179687500000000e-02
-3.982543945312500000e-02
2.973632812500000000e-01
5.434570312500000000e-01
-4.707336425781250000e-03
3.010559082031250000e-02
-5.242919921875000000e-02
3.566894531250000000e-01
2.709960937500000000e-01
-1.005554199218750000e-02
1.573486328125000000e-01
-2.651367187500000000e-01
-6.908416748046875000e-03
-8.959960937500000000e-02
-1.823730468750000000e-01
-4.309082031250000000e-01
1.042480468750000000e-01
-3.691406250000000000e-01
7.482910156250000000e-02
-2.536621093750000000e-01
1.511230468750000000e-01
-7.147216796875000000e-02
2.575683593750000000e-02
-9.497070312500000000e-02
3.488769531250000000e-01
3.198242187500000000e-01
1.884765625000000000e-01
4.318847656250000000e-01
2.390136718750000000e-01
1.066284179687500000e-01
2.174377441406250000e-02
-1.624755859375000000e-01
-2.095947265625000000e-01
2.727050781250000000e-01
4.299316406250000000e-01
-1.745605468750000000e-02
2.680664062500000000e-01
9.197998046875000000e-02
-5.405273437500000000e-01
-1.345214843750000000e-01
-1.707763671875000000e-01
-6.048583984375000000e-02
-2.402343750000000000e-01
1.784667968750000000e-01
2.929687500000000000e-01
4.812011718750000000e-01
-1.106567382812500000e-01
1.864013671875000000e-01
-1.619873046875000000e-01
-3.344726562500000000e-01
1.776123046875000000e-02
7.220458984375000000e-02
1.718750000000000000e-01
-2.028808593750000000e-01
2.202148437500000000e-01
1.141357421875000000e-01
-1.772460937500000000e-01
1.564941406250000000e-01
-1.051025390625000000e-01
-5.893554687500000000e-01
1.509857177734375000e-02
1.831054687500000000e-02
2.849121093750000000e-01
1.181640625000000000e-01
-6.005859375000000000e-02
2.595214843750000000e-01
2.445068359375000000e-01
5.199432373046875000e-03
-1.511230468750000000e-01
-1.028442382812500000e-01
3.283691406250000000e-01
2.054443359375000000e-01
2.697753906250000000e-01
2.055664062500000000e-01
-8.050537109375000000e-02
5.764770507812500000e-02
1.353759765625000000e-01
7.507324218750000000e-02
1.768798828125000000e-01
-2.727050781250000000e-01
1.036987304687500000e-01
-2.376708984375000000e-01
-4.263305664062500000e-02
-2.685546875000000000e-01
-2.839355468750000000e-01
1.959228515625000000e-02
-4.397583007812500000e-02
1.273193359375000000e-01
-2.561035156250000000e-01
-2.636718750000000000e-01
7.983398437500000000e-02
1.527786254882812500e-03
2.626953125000000000e-01
1.346435546875000000e-01
8.422851562500000000e-02
1.458740234375000000e-01
2.822265625000000000e-01
6.958007812500000000e-02
-2.966308593750000000e-01
-1.322021484375000000e-01
7.550048828125000000e-02
-8.166503906250000000e-02
3.583984375000000000e-01
5.191802978515625000e-03
5.710937500000000000e+00
1.466064453125000000e-01
-4.119873046875000000e-02
4.602050781250000000e-01
-1.328125000000000000e-01
1.456298828125000000e-01
-4.806518554687500000e-02
8.709716796875000000e-02
8.349609375000000000e-02
3.845214843750000000e-01
-1.223144531250000000e-01
-4.675292968750000000e-02
5.781250000000000000e-01
1.754150390625000000e-01
2.319335937500000000e-01
-6.274414062500000000e-01
2.480468750000000000e-01
-2.525390625000000000e+00
-6.683349609375000000e-02
8.874511718750000000e-02
-7.598876953125000000e-02
-3.841400146484375000e-03
-4.843139648437500000e-02
-1.617431640625000000e-01
5.987548828125000000e-02
3.652954101562500000e-02
4.990234375000000000e-01
-4.328613281250000000e-01
1.721191406250000000e-01
1.110839843750000000e-01
-1.243896484375000000e-01
-4.372558593750000000e-01
-1.916503906250000000e-01
-1.252441406250000000e-01
7.381439208984375000e-03
-1.112670898437500000e-01
-2.087402343750000000e-01
-1.480865478515625000e-02
-1.881103515625000000e-01
3.574218750000000000e-01
-1.239624023437500000e-01
8.532714843750000000e-02
-1.232910156250000000e-01
3.369140625000000000e-01
-9.948730468750000000e-02
-6.811523437500000000e-02
2.160644531250000000e-01
1.182861328125000000e-01
3.261718750000000000e-01
-1.054687500000000000e-01
7.318115234375000000e-02
1.130676269531250000e-02
1.397705078125000000e-01
-3.471679687500000000e-01
5.268554687500000000e-01
8.514404296875000000e-02
6.161499023437500000e-02
-3.114318847656250000e-02
-3.796386718750000000e-02
-2.941894531250000000e-01
-1.563720703125000000e-01
4.785156250000000000e-01
-1.443481445312500000e-02
-2.995300292968750000e-02
-3.178710937500000000e-01
4.287109375000000000e-01
-2.266845703125000000e-01
3.959960937500000000e-01
-8.807373046875000000e-02
-1.555175781250000000e-01
-5.581665039062500000e-02
1.914062500000000000e-01
-4.574584960937500000e-02
-4.787597656250000000e-01
2.113037109375000000e-01
3.521728515625000000e-02
-1.328125000000000000e-01
-1.352539062500000000e-01
-6.298828125000000000e-01
-6.919860839843750000e-03
-2.351074218750000000e-01
-1.500244140625000000e-01
2.983398437500000000e-01
-8.435058593750000000e-02
1.905517578125000000e-01
1.625976562500000000e-01
-2.460937500000000000e-01
8.750000000000000000e-01
-4.064941406250000000e-02
1.921081542968750000e-02
3.618164062500000000e-01
-1.756591796875000000e-01
6.658935546875000000e-02
-1.859130859375000000e-01
1.981201171875000000e-01
-2.814941406250000000e-01
3.527832031250000000e-01
-1.845703125000000000e-01
3.459472656250000000e-01
3.219604492187500000e-02
3.015136718750000000e-01
3.901367187500000000e-01
-4.161834716796875000e-03
-3.268432617187500000e-02
2.169189453125000000e-01
1.110076904296875000e-02
-4.559326171875000000e-02
-2.839355468750000000e-01
-2.668457031250000000e-01
-1.710205078125000000e-01
-8.233642578125000000e-02
-5.444335937500000000e-01
2.705078125000000000e-01
2.187500000000000000e-01
6.596679687500000000e-01
-3.522949218750000000e-01
2.358398437500000000e-01
-7.623291015625000000e-02
-3.710937500000000000e-01
-1.828613281250000000e-01
6.060791015625000000e-02
3.002929687500000000e-01
1.247558593750000000e-01
2.456054687500000000e-01
-1.859130859375000000e-01
2.614746093750000000e-01
-4.035644531250000000e-01
4.162597656250000000e-01
-1.447753906250000000e-01
1.000976562500000000e-01
-8.203125000000000000e-02
-8.276367187500000000e-02
8.856201171875000000e-02
6.353759765625000000e-02
6.927490234375000000e-02
1.497802734375000000e-01
-4.663085937500000000e-02
9.069824218750000000e-02
3.903198242187500000e-02
-7.423400878906250000e-03
2.670898437500000000e-01
-3.845214843750000000e-01
9.130859375000000000e-02
-7.629394531250000000e-02
2.890625000000000000e-01
-1.704101562500000000e-01
-8.148193359375000000e-02
-2.583007812500000000e-01
1.600341796875000000e-01
5.087890625000000000e-01
1.610107421875000000e-01
5.364990234375000000e-02
2.590332031250000000e-01
-4.299316406250000000e-01
9.179687500000000000e-02
6.408691406250000000e-02
8.923339843750000000e-02
4.727172851562500000e-02
-6.597900390625000000e-02
-5.522460937500000000e-01
8.349609375000000000e-02
1.655578613281250000e-03
9.619140625000000000e-02
5.327148437500000000e-01
2.485656738281250000e-02
1.018676757812500000e-01
1.293945312500000000e-01
2.546386718750000000e-01
-4.428100585937500000e-02
-2.695312500000000000e-01
-2.939453125000000000e-01
3.061523437500000000e-01
-1.468505859375000000e-01
9.680175781250000000e-02
5.520629882812500000e-02
1.915283203125000000e-01
1.295166015625000000e-01
-1.083374023437500000e-01
-2.410888671875000000e-01
8.728027343750000000e-02
5.273437500000000000e-01
7.500000000000000000e-01
-1.485595703125000000e-01
1.240234375000000000e-01
5.258789062500000000e-01
2.066650390625000000e-01
-1.201782226562500000e-01
1.022949218750000000e-01
1.135253906250000000e-01
-1.174926757812500000e-01
1.885986328125000000e-01
-5.654907226562500000e-02
-2.934570312500000000e-01
-1.837158203125000000e-02
-5.572509765625000000e-02
2.064208984375000000e-01
-6.874084472656250000e-03
-1.192016601562500000e-01
1.024780273437500000e-01
-4.838867187500000000e-01
