-3.310546875000000000e-01
3.779296875000000000e-01
3.500366210937500000e-02
1.326904296875000000e-01
-3.703613281250000000e-01
3.762817382812500000e-02
-1.907348632812500000e-02
-9.570312500000000000e-01
-3.818359375000000000e-01
7.818603515625000000e-02
-4.147949218750000000e-01
-3.102111816406250000e-02
1.109008789062500000e-01
8.776855468750000000e-02
1.777343750000000000e-01
-1.260986328125000000e-01
1.802978515625000000e-01
4.028320312500000000e-01
-1.557617187500000000e-01
-1.374511718750000000e-01
1.864624023437500000e-02
-4.571533203125000000e-02
6.855468750000000000e-01
4.226684570312500000e-02
-4.641723632812500000e-02
6.198120117187500000e-02
-2.880859375000000000e-01
-1.451110839843750000e-02
-4.815673828125000000e-02
1.279296875000000000e-01
7.788085937500000000e-02
-2.797851562500000000e-01
2.242431640625000000e-01
3.112792968750000000e-01
3.240966796875000000e-02
4.873046875000000000e-01
1.286621093750000000e-01
1.586914062500000000e-01
9.008789062500000000e-02
4.364013671875000000e-03
-1.696777343750000000e-01
2.570800781250000000e-01
9.895324707031250000e-03
-4.067993164062500000e-02
1.381835937500000000e-01
1.997070312500000000e-01
1.844482421875000000e-01
-3.253173828125000000e-02
-4.512786865234375000e-03
9.509277343750000000e-02
-5.263671875000000000e-01
1.889648437500000000e-01
1.423339843750000000e-01
-9.381103515625000000e-02
6.298828125000000000e-02
-3.530273437500000000e-01
-4.924316406250000000e-01
-1.116333007812500000e-01
-1.621093750000000000e-01
3.725585937500000000e-01
-3.768920898437500000e-02
-2.064208984375000000e-01
-2.534179687500000000e-01
6.611328125000000000e-01
-9.667968750000000000e-02
1.475830078125000000e-01
3.151855468750000000e-01
-2.488708496093750000e-02
-8.813476562500000000e-02
1.336669921875000000e-01
-5.456542968750000000e-02
-1.004638671875000000e-01
-1.923828125000000000e-01
-1.768798828125000000e-01
-2.316894531250000000e-01
-1.577758789062500000e-02
-1.779785156250000000e-01
-6.848144531250000000e-02
-1.054077148437500000e-01
-4.130859375000000000e-01
-1.141967773437500000e-01
-1.803588867187500000e-02
-4.544067382812500000e-02
1.774902343750000000e-01
2.027587890625000000e-01
-1.644287109375000000e-01
5.349731445312500000e-02
-5.185546875000000000e-01
-1.763916015625000000e-01
1.605224609375000000e-01
-2.543945312500000000e-01
1.297607421875000000e-01
-1.429687500000000000e+00
3.662109375000000000e-01
-9.741210937500000000e-02
-3.022460937500000000e-01
2.365112304687500000e-02
7.824707031250000000e-02
2.980957031250000000e-01
-1.384277343750000000e-01
1.890869140625000000e-01
-1.013183593750000000e-01
4.577636718750000000e-03
-2.114257812500000000e-01
-3.405761718750000000e-01
-1.704101562500000000e-01
8.941650390625000000e-02
-3.552246093750000000e-02
-5.815429687500000000e-01
-1.181030273437500000e-01
-7.586669921875000000e-02
-1.524658203125000000e-01
9.753417968750000000e-02
-2.244873046875000000e-01
2.746582031250000000e-01
-3.085937500000000000e-01
5.913085937500000000e-01
5.639648437500000000e-01
-5.366210937500000000e-01
2.944946289062500000e-02
2.780761718750000000e-01
-3.730468750000000000e-01
-2.154541015625000000e-01
1.672363281250000000e-01
3.662109375000000000e-02
3.986816406250000000e-01
-4.608154296875000000e-03
-3.312988281250000000e-01
-4.995727539062500000e-02
2.396240234375000000e-01
1.510009765625000000e-01
6.829833984375000000e-02
-2.154541015625000000e-01
5.300781250000000000e+00
-1.623535156250000000e-01
-3.017578125000000000e-01
1.669921875000000000e-01
-3.378906250000000000e-01
2.109375000000000000e-01
1.643066406250000000e-01
-3.074645996093750000e-02
-1.953125000000000000e-01
-1.230468750000000000e-01
-6.890869140625000000e-02
-2.875976562500000000e-01
-1.057739257812500000e-01
1.210212707519531250e-03
4.577636718750000000e-01
-8.544921875000000000e-02
-5.449218750000000000e-01
2.462768554687500000e-02
-3.447265625000000000e-01
-1.212158203125000000e-01
1.232299804687500000e-01
7.208251953125000000e-02
1.536865234375000000e-01
-1.654052734375000000e-02
1.999511718750000000e-01
1.135253906250000000e-01
1.856689453125000000e-01
-1.386718750000000000e-01
-9.979248046875000000e-02
-1.096801757812500000e-01
-4.965209960937500000e-02
2.734375000000000000e-01
2.850341796875000000e-02
-1.978759765625000000e-01
-1.529541015625000000e-01
7.392578125000000000e-01
-7.824707031250000000e-02
2.521972656250000000e-01
-1.209716796875000000e-01
-1.208496093750000000e-01
7.050781250000000000e-01
-4.648437500000000000e-01
2.951660156250000000e-01
-1.927490234375000000e-01
2.966308593750000000e-01
1.508789062500000000e-01
-4.946289062500000000e-01
5.258789062500000000e-01
-9.143066406250000000e-02
-9.796142578125000000e-02
3.958129882812500000e-02
-1.887207031250000000e-01
-6.010742187500000000e-01
5.595703125000000000e-01
-6.353759765625000000e-02
-1.076660156250000000e-01
3.686523437500000000e-02
9.594726562500000000e-02
-2.641296386718750000e-02
1.459960937500000000e-01
2.885742187500000000e-01
-8.233642578125000000e-02
1.890869140625000000e-01
4.756927490234375000e-03
7.055664062500000000e-02
-1.026000976562500000e-01
-2.607421875000000000e-01
-1.297760009765625000e-02
3.952636718750000000e-01
-2.521972656250000000e-01
-8.316040039062500000e-03
-2.871093750000000000e-01
1.570129394531250000e-02
4.394531250000000000e-02
1.472473144531250000e-02
1.519775390625000000e-01
9.454345703125000000e-02
7.968750000000000000e-01
3.666992187500000000e-01
1.354980468750000000e-01
-2.592773437500000000e-01
3.137207031250000000e-01
-4.830932617187500000e-02
1.077270507812500000e-01
-2.327880859375000000e-01
-4.301757812500000000e-01
1.403808593750000000e-01
-1.231079101562500000e-01
-4.229736328125000000e-02
-2.087402343750000000e-01
5.642700195312500000e-02
4.150390625000000000e-01
-1.014404296875000000e-01
2.998046875000000000e-01
-1.861572265625000000e-01
-2.260742187500000000e-01
-1.440429687500000000e-01
2.744140625000000000e-01
-1.588134765625000000e-01
-1.547813415527343750e-03
-2.558593750000000000e-01
2.375793457031250000e-02
2.039794921875000000e-01
-5.688476562500000000e-02
-3.830566406250000000e-01
1.577148437500000000e-01
-1.207275390625000000e-01
4.657745361328125000e-03
-2.583312988281250000e-02
-1.756286621093750000e-02
-2.159423828125000000e-01
-1.965332031250000000e-01
1.131591796875000000e-01
-2.364501953125000000e-01
-3.159179687500000000e-01
2.127685546875000000e-01
-1.318359375000000000e-01
-2.812500000000000000e-01
3.662109375000000000e-01
-8.224487304687500000e-03
1.596069335937500000e-02
-5.960083007812500000e-02
-3.723144531250000000e-02
-2.313232421875000000e-01
2.352905273437500000e-02
-3.887939453125000000e-02
4.206542968750000000e-01
8.569335937500000000e-02
1.647949218750000000e-01
-3.105468750000000000e-01
-8.807373046875000000e-02
2.795410156250000000e-01
-1.622009277343750000e-02
2.425537109375000000e-01
-2.546386718750000000e-01
-9.570312500000000000e-02
3.942871093750000000e-02
-1.823730468750000000e-01
-2.418212890625000000e-01
3.615722656250000000e-01
2.370605468750000000e-01
-2.592773437500000000e-01
-2.125549316406250000e-02
2.464599609375000000e-01
-3.323364257812500000e-02
-1.865234375000000000e-01
3.630371093750000000e-01
2.534179687500000000e-01
-1.066284179687500000e-01
-1.347656250000000000e-01
1.120605468750000000e-01
-1.352539062500000000e-01
-7.824707031250000000e-02
1.484375000000000000e-01
-3.374023437500000000e-01
4.648437500000000000e-01
-9.362792968750000000e-02
2.880859375000000000e-01
-7.354736328125000000e-02
2.144775390625000000e-01
3.591308593750000000e-01
-6.513595581054687500e-04
-4.360198974609375000e-03
-2.944335937500000000e-01
-4.401855468750000000e-01
-3.098144531250000000e-01
-6.021118164062500000e-02
-8.013916015625000000e-02
1.517333984375000000e-01
1.930236816406250000e-02
-4.992675781250000000e-02
3.120117187500000000e-01
-3.353118896484375000e-03
-8.294677734375000000e-02
2.056884765625000000e-01
-2.641601562500000000e-01
1.423339843750000000e-01
-2.883300781250000000e-01
6.230468750000000000e-01
5.300781250000000000e+00
-2.995300292968750000e-02
-2.404785156250000000e-01
-1.171264648437500000e-01
-1.561737060546875000e-02
2.207031250000000000e-01
1.694335937500000000e-01
-2.261962890625000000e-01
2.391357421875000000e-01
5.541992187500000000e-01
2.528381347656250000e-02
1.431884765625000000e-01
-6.402587890625000000e-02
3.799438476562500000e-02
1.618652343750000000e-01
1.390380859375000000e-01
1.586914062500000000e-01
-1.652343750000000000e+00
3.671875000000000000e-01
-5.529785156250000000e-02
-9.143066406250000000e-02
1.937866210937500000e-02
2.219238281250000000e-01
3.537597656250000000e-01
2.044677734375000000e-01
-2.561035156250000000e-01
1.646728515625000000e-01
-1.684570312500000000e-01
-4.565429687500000000e-01
5.780029296875000000e-02
-5.773925781250000000e-02
-6.958007812500000000e-02
1.752929687500000000e-01
-4.807128906250000000e-01
-3.146972656250000000e-01
1.964111328125000000e-01
5.947875976562500000e-02
1.239624023437500000e-01
1.864013671875000000e-01
-1.329345703125000000e-01
-4.099121093750000000e-01
-4.962158203125000000e-02
-2.521972656250000000e-01
-5.587768554687500000e-02
-3.266601562500000000e-01
1.375732421875000000e-01
-2.141113281250000000e-01
-1.896972656250000000e-01
-3.051757812500000000e-01
9.252929687500000000e-02
1.309814453125000000e-01
4.016113281250000000e-02
3.586425781250000000e-01
-9.635925292968750000e-03
1.994628906250000000e-01
-3.842163085937500000e-02
-2.517089843750000000e-01
1.462402343750000000e-01
-7.007598876953125000e-03
2.665710449218750000e-02
1.827392578125000000e-01
3.012695312500000000e-01
-4.141235351562500000e-02
3.067016601562500000e-02
-1.979980468750000000e-01
-1.885986328125000000e-01
-2.276611328125000000e-01
-2.602539062500000000e-01
7.879638671875000000e-02
-1.499023437500000000e-01
3.457641601562500000e-02
-2.993164062500000000e-01
4.658203125000000000e-01
-2.358398437500000000e-01
-4.101562500000000000e-02
2.378845214843750000e-02
-7.147216796875000000e-02
-7.366943359375000000e-02
-1.953125000000000000e-01
1.184692382812500000e-01
2.580566406250000000e-01
-4.438476562500000000e-01
1.960449218750000000e-01
7.513427734375000000e-02
1.148681640625000000e-01
-4.061889648437500000e-02
1.818847656250000000e-01
5.649414062500000000e-01
5.584716796875000000e-02
1.052856445312500000e-01
2.406005859375000000e-01
7.708740234375000000e-02
-4.548339843750000000e-01
5.483398437500000000e-01
-2.416992187500000000e-02
4.159545898437500000e-02
2.668457031250000000e-01
1.838378906250000000e-01
2.534179687500000000e-01
2.169189453125000000e-01
-4.555664062500000000e-01
4.194335937500000000e-01
1.348114013671875000e-02
-2.174072265625000000e-01
-1.811523437500000000e-01
-2.392578125000000000e-01
-1.062622070312500000e-01
-2.911376953125000000e-02
-3.669433593750000000e-01
1.045532226562500000e-01
3.536987304687500000e-02
-4.306640625000000000e-01
-1.079101562500000000e-01
2.497558593750000000e-01
-3.273925781250000000e-01
-2.802734375000000000e-01
1.577148437500000000e-01
6.439208984375000000e-02
2.666015625000000000e-01
-7.196044921875000000e-02
-9.143066406250000000e-02
9.460449218750000000e-03
1.774902343750000000e-01
-3.591308593750000000e-01
-5.239257812500000000e-01
7.073974609375000000e-02
-2.915039062500000000e-01
3.334960937500000000e-01
-2.641601562500000000e-01
-1.352539062500000000e-01
-1.612548828125000000e-01
5.773925781250000000e-02
-3.192138671875000000e-02
2.519531250000000000e-01
-7.635498046875000000e-02
-3.718261718750000000e-01
6.768798828125000000e-02
2.512207031250000000e-01
2.558593750000000000e-01
-3.997802734375000000e-02
-2.478027343750000000e-01
-1.156616210937500000e-01
-2.128906250000000000e-01
3.618164062500000000e-01
3.308105468750000000e-01
4.121093750000000000e-01
-2.290039062500000000e-01
-5.820312500000000000e-01
-1.512145996093750000e-02
4.299926757812500000e-02
7.586669921875000000e-02
7.904052734375000000e-02
1.060791015625000000e-01
9.106445312500000000e-02
1.580810546875000000e-01
-2.871093750000000000e-01
1.386718750000000000e-01
1.137695312500000000e-01
-4.033203125000000000e-01
-2.186279296875000000e-01
1.733398437500000000e-01
-2.349853515625000000e-01
4.895019531250000000e-02
5.043945312500000000e-01
-4.663085937500000000e-01
2.324218750000000000e-01
2.822265625000000000e-01
8.087158203125000000e-04
9.552001953125000000e-02
-3.693847656250000000e-01
3.308105468750000000e-01
2.519531250000000000e-01
4.632568359375000000e-02
1.409912109375000000e-01
6.274414062500000000e-02
1.045989990234375000e-02
3.161621093750000000e-01
-1.297607421875000000e-01
-2.766113281250000000e-01
7.543945312500000000e-02
-2.508544921875000000e-02
9.365234375000000000e-01
7.806396484375000000e-02
1.611328125000000000e-01
-4.028320312500000000e-02
-2.171630859375000000e-01
2.507324218750000000e-01
-2.907714843750000000e-01
4.336547851562500000e-02
1.035156250000000000e-01
9.490966796875000000e-02
1.361083984375000000e-01
2.480468750000000000e-01
1.605224609375000000e-01
-5.507812500000000000e-01
-2.067871093750000000e-01
-1.726074218750000000e-01
-2.058105468750000000e-01
3.204345703125000000e-03
-2.712402343750000000e-01
