-4.510498046875000000e-02
-3.122558593750000000e-01
2.307128906250000000e-01
-3.430175781250000000e-01
-2.574157714843750000e-02
1.765136718750000000e-01
-2.370605468750000000e-01
-6.748046875000000000e-01
-3.044433593750000000e-01
4.493713378906250000e-03
2.700195312500000000e-01
2.124023437500000000e-02
4.061889648437500000e-02
9.777832031250000000e-02
8.934020996093750000e-03
-2.442932128906250000e-02
1.646728515625000000e-01
-1.157836914062500000e-01
-2.985839843750000000e-01
-4.060058593750000000e-01
3.542480468750000000e-01
2.045898437500000000e-01
3.259277343750000000e-01
3.991699218750000000e-01
-3.518066406250000000e-01
2.646484375000000000e-01
-1.372070312500000000e-01
1.187133789062500000e-01
3.427734375000000000e-01
2.573242187500000000e-01
2.634277343750000000e-01
-6.768798828125000000e-02
-4.959106445312500000e-02
-3.713378906250000000e-01
-2.775878906250000000e-01
2.324218750000000000e-01
4.804687500000000000e-01
6.586914062500000000e-01
-1.757812500000000000e-01
-7.519531250000000000e-02
-3.986816406250000000e-01
-7.250976562500000000e-02
7.171630859375000000e-02
-2.266845703125000000e-01
2.612304687500000000e-01
4.284667968750000000e-01
-3.195190429687500000e-02
1.467285156250000000e-01
2.937011718750000000e-01
-2.639160156250000000e-01
7.403564453125000000e-02
-1.133422851562500000e-01
2.939453125000000000e-01
-6.530761718750000000e-03
6.390380859375000000e-02
-4.204101562500000000e-01
1.374511718750000000e-01
-1.353454589843750000e-02
-3.715820312500000000e-01
-1.593017578125000000e-02
4.772949218750000000e-01
-7.299804687500000000e-02
-3.476562500000000000e-01
-9.375000000000000000e-02
-7.287597656250000000e-02
-3.997802734375000000e-02
7.049560546875000000e-02
5.019531250000000000e-01
-3.552246093750000000e-01
-1.964111328125000000e-01
-2.487792968750000000e-01
-4.626464843750000000e-01
1.461029052734375000e-02
2.148437500000000000e-01
1.236572265625000000e-01
-2.719726562500000000e-01
1.363525390625000000e-01
-2.430419921875000000e-01
-2.368164062500000000e-01
-3.984375000000000000e-01
-3.232421875000000000e-01
-1.544189453125000000e-01
1.032104492187500000e-01
3.083496093750000000e-01
-3.645019531250000000e-01
-6.378173828125000000e-02
-1.116943359375000000e-01
-8.227539062500000000e-02
-1.010742187500000000e-01
3.730468750000000000e-01
5.233764648437500000e-02
-9.851074218750000000e-02
-1.349609375000000000e+00
7.846679687500000000e-01
-2.807617187500000000e-01
-1.773681640625000000e-01
-9.625244140625000000e-02
7.653808593750000000e-02
-1.203613281250000000e-01
1.271057128906250000e-02
3.544921875000000000e-01
-9.112548828125000000e-02
2.005615234375000000e-01
-5.566406250000000000e-01
3.218650817871093750e-04
1.839599609375000000e-01
7.702636718750000000e-02
2.159118652343750000e-02
-3.955078125000000000e-01
-4.003906250000000000e-01
-1.923828125000000000e-01
1.455078125000000000e-01
1.608886718750000000e-01
-1.937866210937500000e-02
2.849121093750000000e-01
-2.879333496093750000e-02
2.692871093750000000e-01
-1.080322265625000000e-01
1.812744140625000000e-01
-8.081054687500000000e-02
9.350585937500000000e-02
1.094818115234375000e-02
-1.282958984375000000e-01
2.338867187500000000e-01
-1.394042968750000000e-01
1.190948486328125000e-02
1.068115234375000000e-01
-1.534423828125000000e-01
8.386230468750000000e-02
3.215332031250000000e-01
4.095458984375000000e-02
3.947753906250000000e-01
-2.207946777343750000e-02
5.398437500000000000e+00
-2.322998046875000000e-01
-1.437988281250000000e-01
-9.252929687500000000e-02
-3.991699218750000000e-01
1.494140625000000000e-01
3.476562500000000000e-01
1.123046875000000000e-02
-1.751708984375000000e-01
-1.687011718750000000e-01
5.351562500000000000e-01
1.154785156250000000e-01
5.538940429687500000e-02
-1.939697265625000000e-01
-1.145629882812500000e-01
1.839599609375000000e-01
1.761474609375000000e-01
1.536865234375000000e-01
-9.704589843750000000e-02
-6.256103515625000000e-02
-6.463623046875000000e-02
-2.683105468750000000e-01
1.293945312500000000e-02
-1.098632812500000000e-01
-1.501464843750000000e-02
-1.146850585937500000e-01
1.520996093750000000e-01
-4.772949218750000000e-01
-4.968261718750000000e-01
3.596191406250000000e-01
-5.691528320312500000e-02
-1.362304687500000000e-01
-2.382812500000000000e-01
-2.510070800781250000e-02
-2.241210937500000000e-01
1.834716796875000000e-01
1.192016601562500000e-01
1.477050781250000000e-01
6.481933593750000000e-02
2.807617187500000000e-01
-1.546478271484375000e-02
-1.429443359375000000e-01
1.850585937500000000e-01
1.452636718750000000e-01
4.565429687500000000e-01
-2.731933593750000000e-01
-5.978393554687500000e-02
7.757568359375000000e-02
3.662109375000000000e-01
6.024169921875000000e-02
-2.585449218750000000e-01
-1.422119140625000000e-01
-4.326171875000000000e-01
7.641601562500000000e-01
-8.013916015625000000e-02
3.066406250000000000e-01
3.081054687500000000e-01
2.166748046875000000e-01
-2.156066894531250000e-02
-7.147216796875000000e-02
3.234863281250000000e-01
-3.618164062500000000e-01
3.378906250000000000e-01
-4.638671875000000000e-01
2.753906250000000000e-01
1.912841796875000000e-01
7.086181640625000000e-02
4.072265625000000000e-01
1.009521484375000000e-01
7.501220703125000000e-02
-9.173583984375000000e-02
8.673095703125000000e-02
1.950683593750000000e-01
-1.416015625000000000e-01
-1.248168945312500000e-01
-2.122802734375000000e-01
5.474853515625000000e-02
7.587890625000000000e-01
-1.429443359375000000e-01
-2.248535156250000000e-01
3.552246093750000000e-01
4.010009765625000000e-02
5.194091796875000000e-02
-3.900146484375000000e-02
-2.342529296875000000e-01
-1.456298828125000000e-01
-3.381347656250000000e-02
-1.102294921875000000e-01
-2.401123046875000000e-01
-1.673583984375000000e-01
-1.667480468750000000e-01
1.014404296875000000e-01
-3.581542968750000000e-01
-2.890625000000000000e-01
1.607666015625000000e-01
4.687500000000000000e-02
-4.062500000000000000e-01
-1.674804687500000000e-01
6.008911132812500000e-02
-1.903076171875000000e-01
-3.105163574218750000e-02
-2.161865234375000000e-01
-4.876708984375000000e-02
1.663818359375000000e-01
-1.627197265625000000e-01
1.035156250000000000e-01
5.088806152343750000e-03
-2.354736328125000000e-01
2.457275390625000000e-01
-1.022949218750000000e-01
-4.077148437500000000e-02
3.085937500000000000e-01
-8.380126953125000000e-02
-2.766113281250000000e-01
4.377441406250000000e-01
-2.695312500000000000e-01
2.644348144531250000e-02
-2.883300781250000000e-01
1.539306640625000000e-01
-4.550781250000000000e-01
1.978759765625000000e-01
9.393310546875000000e-02
-4.089355468750000000e-02
-8.496093750000000000e-02
-1.920166015625000000e-01
9.100341796875000000e-02
-1.683349609375000000e-01
-1.119384765625000000e-01
4.382324218750000000e-01
-2.022705078125000000e-01
-1.172485351562500000e-01
-1.436767578125000000e-01
-7.128906250000000000e-02
-2.561950683593750000e-02
-2.381591796875000000e-01
3.266601562500000000e-01
1.781005859375000000e-01
-1.264648437500000000e-01
-3.281250000000000000e-01
3.151855468750000000e-01
2.758789062500000000e-01
-5.825805664062500000e-02
-3.266601562500000000e-01
1.147460937500000000e-01
8.361816406250000000e-03
1.297607421875000000e-01
-2.541503906250000000e-01
2.048339843750000000e-01
2.998352050781250000e-03
2.597656250000000000e-01
6.561279296875000000e-02
-3.874511718750000000e-01
-4.351806640625000000e-02
1.707763671875000000e-01
-2.743530273437500000e-02
-5.029296875000000000e-02
2.301025390625000000e-02
9.838867187500000000e-02
-9.729003906250000000e-02
1.932373046875000000e-01
3.234863281250000000e-01
-1.560058593750000000e-01
6.220703125000000000e-01
-3.811035156250000000e-01
-1.633300781250000000e-01
2.093505859375000000e-01
1.861572265625000000e-01
3.082275390625000000e-02
-2.897949218750000000e-01
1.374511718750000000e-01
-1.861572265625000000e-01
-3.339843750000000000e-01
-1.103515625000000000e-01
4.484863281250000000e-01
-8.111572265625000000e-02
-3.222656250000000000e-01
-8.441162109375000000e-02
1.391601562500000000e-01
1.704101562500000000e-01
5.390625000000000000e+00
3.540039062500000000e-01
-3.239746093750000000e-01
3.281250000000000000e-01
1.021728515625000000e-01
-5.346679687500000000e-01
4.269409179687500000e-02
-2.056884765625000000e-01
3.173828125000000000e-01
4.262695312500000000e-01
-1.216430664062500000e-01
2.529907226562500000e-02
8.679199218750000000e-02
2.551269531250000000e-01
-1.527404785156250000e-02
4.321289062500000000e-01
1.816406250000000000e-01
-1.514648437500000000e+00
1.444091796875000000e-01
-5.551147460937500000e-02
-9.967041015625000000e-02
-1.182250976562500000e-01
7.196044921875000000e-02
2.080078125000000000e-01
-5.825805664062500000e-02
1.148071289062500000e-01
-3.491210937500000000e-01
2.083740234375000000e-01
2.413330078125000000e-01
-4.006347656250000000e-01
-5.825805664062500000e-02
-5.219726562500000000e-01
1.416015625000000000e-01
-5.541992187500000000e-02
3.874511718750000000e-01
1.990966796875000000e-01
-1.187133789062500000e-01
3.738403320312500000e-02
1.966552734375000000e-01
-3.347778320312500000e-02
1.494140625000000000e-01
-1.831054687500000000e-01
-1.359863281250000000e-01
6.145477294921875000e-03
9.027099609375000000e-02
6.206054687500000000e-01
1.213378906250000000e-01
3.261718750000000000e-01
2.154541015625000000e-02
1.549072265625000000e-01
2.543945312500000000e-01
-1.463623046875000000e-01
4.648437500000000000e-01
-5.175781250000000000e-01
-1.700439453125000000e-01
1.832275390625000000e-01
-9.515380859375000000e-02
-1.661376953125000000e-01
5.734252929687500000e-02
2.587890625000000000e-01
1.362304687500000000e-01
3.354492187500000000e-01
-3.635253906250000000e-01
-2.641601562500000000e-01
-1.246337890625000000e-01
1.744384765625000000e-01
2.866210937500000000e-01
3.143310546875000000e-02
-4.290771484375000000e-02
4.403686523437500000e-02
1.153945922851562500e-03
-6.752929687500000000e-01
-1.293945312500000000e-01
-4.860839843750000000e-01
-3.315429687500000000e-01
-5.351562500000000000e-01
-1.513671875000000000e-01
1.831054687500000000e-02
-8.295898437500000000e-01
3.815917968750000000e-01
-2.169189453125000000e-01
-1.181640625000000000e-01
4.351806640625000000e-02
3.530273437500000000e-01
3.022460937500000000e-01
-2.739257812500000000e-01
2.172851562500000000e-01
2.152099609375000000e-01
1.950683593750000000e-01
-1.538085937500000000e-01
1.993408203125000000e-01
-4.922485351562500000e-02
-2.939453125000000000e-01
1.540527343750000000e-01
-2.565002441406250000e-02
-2.558593750000000000e-01
4.062500000000000000e-01
4.949951171875000000e-02
7.751464843750000000e-02
2.137451171875000000e-01
2.478027343750000000e-01
2.984619140625000000e-02
1.350097656250000000e-01
-6.750488281250000000e-02
-9.071350097656250000e-03
-4.827880859375000000e-02
3.696289062500000000e-01
7.080078125000000000e-02
1.110839843750000000e-02
-4.125976562500000000e-02
-2.851562500000000000e-01
-3.378906250000000000e-01
-9.161376953125000000e-02
-3.239746093750000000e-01
-6.744384765625000000e-02
-2.807617187500000000e-01
2.081298828125000000e-01
-9.136962890625000000e-02
-2.346191406250000000e-01
-2.384948730468750000e-02
-4.278564453125000000e-02
-7.885742187500000000e-02
-3.205566406250000000e-01
-1.034545898437500000e-01
-2.690429687500000000e-01
3.513183593750000000e-01
4.565429687500000000e-02
-1.742362976074218750e-03
-3.376464843750000000e-01
3.067016601562500000e-02
-2.335205078125000000e-01
5.456542968750000000e-02
1.107025146484375000e-02
2.573242187500000000e-01
-1.302490234375000000e-01
-4.326171875000000000e-01
-1.278076171875000000e-01
5.508422851562500000e-02
-8.666992187500000000e-02
1.346435546875000000e-01
-6.066894531250000000e-02
3.881835937500000000e-01
-3.786621093750000000e-01
-5.850219726562500000e-02
-5.453491210937500000e-02
-2.349853515625000000e-01
9.600830078125000000e-02
-3.305664062500000000e-01
2.346801757812500000e-02
2.546386718750000000e-01
2.615356445312500000e-02
2.469482421875000000e-01
5.195312500000000000e-01
1.084594726562500000e-01
-2.556152343750000000e-01
-1.719970703125000000e-01
-4.758300781250000000e-01
8.319091796875000000e-02
-1.789550781250000000e-01
2.072753906250000000e-01
-2.109375000000000000e-01
-7.116699218750000000e-02
1.479492187500000000e-01
-1.000366210937500000e-01
-5.999755859375000000e-02
7.513427734375000000e-02
2.819824218750000000e-01
-3.356933593750000000e-01
-6.835937500000000000e-02
-3.996582031250000000e-01
3.305664062500000000e-01
-7.285156250000000000e-01
7.696533203125000000e-02
8.483886718750000000e-02
-1.857910156250000000e-01
-4.091796875000000000e-01
4.194335937500000000e-01
-7.257080078125000000e-02
3.942871093750000000e-01
5.283203125000000000e-01
-2.110595703125000000e-01
3.415527343750000000e-01
-1.234130859375000000e-01
1.406250000000000000e-01
1.354980468750000000e-01
2.610778808593750000e-02
-3.937988281250000000e-01
-1.359863281250000000e-01
-1.003417968750000000e-01
1.284027099609375000e-02
3.676757812500000000e-01
1.954345703125000000e-01
-1.045532226562500000e-01
7.904052734375000000e-02
-6.204223632812500000e-02
-9.613037109375000000e-02
-4.487304687500000000e-01
4.916992187500000000e-01
4.290771484375000000e-02
-1.771240234375000000e-01
