4.223632812500000000e-02
1.308593750000000000e-01
7.891845703125000000e-02
-5.023193359375000000e-02
-2.341308593750000000e-01
1.781005859375000000e-01
-2.369384765625000000e-01
-5.648803710937500000e-02
-1.955566406250000000e-01
1.033935546875000000e-01
1.136474609375000000e-01
-4.140625000000000000e-01
5.606079101562500000e-02
-3.144531250000000000e-01
5.068359375000000000e-01
1.104736328125000000e-01
1.875000000000000000e-01
5.429077148437500000e-02
-6.179809570312500000e-02
-2.055664062500000000e-01
1.194458007812500000e-01
5.458984375000000000e-01
3.010253906250000000e-01
-3.656387329101562500e-03
-2.358398437500000000e-01
4.133300781250000000e-01
3.361816406250000000e-01
-7.446289062500000000e-02
-1.250000000000000000e-01
1.949462890625000000e-01
1.682128906250000000e-01
-5.126953125000000000e-01
1.256103515625000000e-01
-8.819580078125000000e-02
-3.110351562500000000e-01
2.775878906250000000e-01
-4.928588867187500000e-02
4.648437500000000000e-01
1.248779296875000000e-01
1.232910156250000000e-01
-3.315429687500000000e-01
-1.576232910156250000e-02
-2.031250000000000000e-01
-1.084594726562500000e-01
1.184082031250000000e-01
1.804199218750000000e-01
3.811645507812500000e-02
4.608154296875000000e-02
1.854248046875000000e-01
-9.759521484375000000e-02
-5.804443359375000000e-02
2.237548828125000000e-01
-2.071533203125000000e-01
2.742004394531250000e-02
3.869628906250000000e-02
-3.476562500000000000e-01
1.420593261718750000e-02
5.224609375000000000e-02
-5.786132812500000000e-02
3.444824218750000000e-01
-1.107215881347656250e-03
7.678222656250000000e-02
1.080932617187500000e-01
-1.532745361328125000e-02
-2.414550781250000000e-01
-4.963378906250000000e-01
-2.700195312500000000e-01
8.563232421875000000e-02
-6.768798828125000000e-02
-2.766113281250000000e-01
-1.733398437500000000e-01
-1.287841796875000000e-01
-1.632080078125000000e-01
3.361816406250000000e-01
-1.207275390625000000e-01
1.951904296875000000e-01
1.506347656250000000e-01
2.592773437500000000e-01
-1.101684570312500000e-01
3.341674804687500000e-02
-9.625244140625000000e-02
-2.429199218750000000e-01
7.849121093750000000e-02
3.007812500000000000e-01
-1.273193359375000000e-01
4.605102539062500000e-02
-1.498413085937500000e-02
-2.514648437500000000e-01
3.962402343750000000e-01
2.844238281250000000e-01
1.405029296875000000e-01
1.838378906250000000e-01
-1.330078125000000000e+00
6.259765625000000000e-01
-4.272460937500000000e-03
2.453613281250000000e-02
-1.494140625000000000e-01
-1.916503906250000000e-02
5.828857421875000000e-03
1.106567382812500000e-01
2.351074218750000000e-01
2.788085937500000000e-01
-1.043090820312500000e-01
2.309570312500000000e-01
-3.391113281250000000e-01
2.705383300781250000e-02
-1.722412109375000000e-01
-2.459716796875000000e-01
-3.161621093750000000e-01
-1.259765625000000000e-01
-5.139160156250000000e-02
-1.541900634765625000e-02
1.901855468750000000e-01
-7.885742187500000000e-02
4.755859375000000000e-01
-5.749511718750000000e-02
-2.824401855468750000e-02
3.732910156250000000e-01
-2.973632812500000000e-01
6.640625000000000000e-02
3.449707031250000000e-01
-1.975097656250000000e-01
-4.617309570312500000e-02
3.524780273437500000e-02
-1.706542968750000000e-01
-1.403808593750000000e-01
-3.194808959960937500e-03
-2.722167968750000000e-01
-3.962402343750000000e-01
2.325439453125000000e-01
2.558593750000000000e-01
2.673339843750000000e-01
-2.028808593750000000e-01
5.261718750000000000e+00
-4.055023193359375000e-03
-5.058593750000000000e-01
5.453491210937500000e-02
-6.508789062500000000e-01
-3.366699218750000000e-01
1.038818359375000000e-01
-1.885986328125000000e-01
3.110351562500000000e-01
1.370849609375000000e-01
3.996582031250000000e-01
-8.593750000000000000e-02
-3.210449218750000000e-02
1.436767578125000000e-01
-3.554687500000000000e-01
5.441284179687500000e-02
-2.027587890625000000e-01
6.641387939453125000e-03
3.461914062500000000e-01
2.038574218750000000e-02
3.132324218750000000e-01
5.068359375000000000e-01
-3.349609375000000000e-01
-1.351165771484375000e-02
-4.030761718750000000e-01
4.570312500000000000e-01
-8.721923828125000000e-02
1.300048828125000000e-01
2.851562500000000000e-01
1.061401367187500000e-01
-4.464721679687500000e-02
2.496337890625000000e-01
1.893615722656250000e-02
1.734619140625000000e-01
1.535644531250000000e-01
3.376464843750000000e-01
3.701782226562500000e-02
2.052001953125000000e-01
-1.464843750000000000e-01
2.944335937500000000e-01
2.204589843750000000e-01
-6.049804687500000000e-01
-3.139648437500000000e-01
-2.031250000000000000e-01
1.066894531250000000e-01
1.298828125000000000e-01
1.137084960937500000e-01
2.117919921875000000e-01
2.890625000000000000e-01
-3.757324218750000000e-01
-4.685058593750000000e-01
4.938964843750000000e-01
-1.082763671875000000e-01
4.877929687500000000e-01
-3.430175781250000000e-01
2.795410156250000000e-01
-1.289062500000000000e-01
3.398437500000000000e-01
1.611328125000000000e-01
-1.968994140625000000e-01
1.778564453125000000e-01
-2.163085937500000000e-01
1.095581054687500000e-01
-3.789062500000000000e-01
3.366699218750000000e-01
1.746826171875000000e-01
9.167480468750000000e-02
1.593017578125000000e-01
1.477050781250000000e-01
9.112548828125000000e-02
2.366943359375000000e-01
-1.848144531250000000e-01
-4.233398437500000000e-01
1.976318359375000000e-01
-1.822509765625000000e-01
9.178161621093750000e-03
2.299804687500000000e-01
6.030273437500000000e-01
2.561035156250000000e-01
1.051025390625000000e-01
-8.697509765625000000e-03
-2.267456054687500000e-02
-1.930236816406250000e-02
1.512451171875000000e-01
-1.671142578125000000e-01
-3.964843750000000000e-01
-3.259277343750000000e-01
-7.592773437500000000e-02
-1.678466796875000000e-01
-4.169921875000000000e-01
1.966552734375000000e-01
5.902099609375000000e-02
-3.847656250000000000e-01
-9.136962890625000000e-02
-1.279296875000000000e-01
2.312011718750000000e-01
-2.836914062500000000e-01
8.679199218750000000e-02
2.602539062500000000e-01
3.759765625000000000e-01
-9.100341796875000000e-02
-2.174377441406250000e-02
-6.860351562500000000e-02
-8.819580078125000000e-02
1.497802734375000000e-01
9.710693359375000000e-02
-1.346435546875000000e-01
5.869140625000000000e-01
8.026123046875000000e-02
3.552246093750000000e-02
1.965332031250000000e-01
6.689453125000000000e-02
6.945800781250000000e-02
-1.457519531250000000e-01
-1.516113281250000000e-01
-5.728149414062500000e-02
9.741210937500000000e-02
-2.817382812500000000e-01
1.320800781250000000e-01
4.205322265625000000e-02
7.598876953125000000e-02
1.656494140625000000e-01
-1.102905273437500000e-01
-2.851562500000000000e-01
-7.148437500000000000e-01
-7.263183593750000000e-02
4.367675781250000000e-01
-6.813049316406250000e-03
-1.185302734375000000e-01
4.177246093750000000e-01
-9.722900390625000000e-02
1.059722900390625000e-02
8.117675781250000000e-03
-2.670898437500000000e-01
-2.103271484375000000e-01
-1.318359375000000000e-01
2.120971679687500000e-02
-3.217773437500000000e-01
-5.102539062500000000e-01
4.406738281250000000e-01
1.049194335937500000e-01
1.007080078125000000e-02
-3.402709960937500000e-02
2.462158203125000000e-01
-8.435058593750000000e-02
6.108398437500000000e-01
-6.586914062500000000e-01
4.020996093750000000e-01
2.961425781250000000e-01
5.288085937500000000e-01
2.939453125000000000e-01
-7.781982421875000000e-02
1.414794921875000000e-01
3.300781250000000000e-01
-2.717285156250000000e-01
1.414794921875000000e-01
-1.085205078125000000e-01
1.110839843750000000e-02
-2.260742187500000000e-01
2.066650390625000000e-01
6.951904296875000000e-02
-9.533691406250000000e-02
2.066650390625000000e-01
-9.028320312500000000e-01
1.007843017578125000e-02
-7.647705078125000000e-02
-1.244506835937500000e-01
1.707763671875000000e-01
-3.268432617187500000e-02
-1.345214843750000000e-01
-5.148315429687500000e-02
-3.668212890625000000e-02
-2.072753906250000000e-01
-1.209106445312500000e-01
9.094238281250000000e-02
9.284973144531250000e-03
2.320556640625000000e-01
-4.233398437500000000e-01
6.523437500000000000e-01
5.261718750000000000e+00
4.755859375000000000e-01
-2.595214843750000000e-01
2.011718750000000000e-01
-1.907958984375000000e-01
4.135742187500000000e-01
-7.220458984375000000e-02
2.939453125000000000e-01
-1.828613281250000000e-01
3.513183593750000000e-01
-2.188110351562500000e-02
2.785644531250000000e-01
-1.242065429687500000e-01
3.142089843750000000e-01
4.155273437500000000e-01
2.474365234375000000e-01
1.702880859375000000e-02
-1.482421875000000000e+00
4.675292968750000000e-01
2.756347656250000000e-01
-1.987304687500000000e-01
1.478271484375000000e-01
1.005859375000000000e-01
2.040100097656250000e-02
2.666015625000000000e-01
-7.843017578125000000e-02
-4.803466796875000000e-02
1.645507812500000000e-01
1.385498046875000000e-01
2.600097656250000000e-01
1.518249511718750000e-02
-5.605468750000000000e-01
-7.263183593750000000e-02
-3.164062500000000000e-01
2.402343750000000000e-01
8.502197265625000000e-02
5.313110351562500000e-02
4.632568359375000000e-02
6.630859375000000000e-01
-1.084594726562500000e-01
-2.128906250000000000e-01
-8.532714843750000000e-02
-2.294921875000000000e-01
2.440185546875000000e-01
2.126464843750000000e-01
7.244873046875000000e-02
-2.033691406250000000e-01
2.822875976562500000e-02
2.153320312500000000e-01
-1.966552734375000000e-01
-1.981201171875000000e-01
-1.163330078125000000e-01
1.574707031250000000e-02
-3.654785156250000000e-01
3.068542480468750000e-02
-4.818725585937500000e-02
-2.136230468750000000e-01
-2.407226562500000000e-01
1.651611328125000000e-01
3.608398437500000000e-01
1.863098144531250000e-02
-1.657714843750000000e-01
-1.412353515625000000e-01
-2.387695312500000000e-01
-6.985664367675781250e-04
5.862426757812500000e-02
1.689147949218750000e-02
-2.619628906250000000e-01
-1.256103515625000000e-01
2.609252929687500000e-02
1.944580078125000000e-01
-5.185546875000000000e-01
2.117919921875000000e-01
1.408691406250000000e-01
-3.918457031250000000e-01
1.552734375000000000e-01
2.644042968750000000e-01
-2.114257812500000000e-01
-8.491210937500000000e-01
4.084472656250000000e-01
-2.983398437500000000e-01
-7.431640625000000000e-01
-4.638671875000000000e-02
3.745117187500000000e-01
3.474121093750000000e-01
-3.857421875000000000e-01
-2.666015625000000000e-01
5.878906250000000000e-01
2.037353515625000000e-01
-1.861572265625000000e-01
1.589355468750000000e-01
1.864013671875000000e-01
-1.669921875000000000e-01
4.595947265625000000e-02
2.587890625000000000e-01
-6.610107421875000000e-02
2.393798828125000000e-01
1.198120117187500000e-01
4.116210937500000000e-01
-2.461242675781250000e-02
1.123657226562500000e-01
1.156005859375000000e-01
-2.639160156250000000e-01
7.714843750000000000e-02
-3.215332031250000000e-01
-5.112304687500000000e-01
-3.044433593750000000e-01
4.130859375000000000e-01
-2.955627441406250000e-02
-1.006469726562500000e-01
-2.474365234375000000e-01
-3.835449218750000000e-01
1.956787109375000000e-01
5.093383789062500000e-02
-2.824707031250000000e-01
-2.761230468750000000e-01
7.562255859375000000e-02
-4.023437500000000000e-01
-9.393310546875000000e-02
5.413818359375000000e-02
-9.086608886718750000e-03
6.204223632812500000e-02
6.372070312500000000e-02
-3.359375000000000000e-01
-5.377197265625000000e-02
4.616699218750000000e-01
-1.360321044921875000e-02
3.698730468750000000e-01
-1.802062988281250000e-02
-1.077880859375000000e-01
-2.958679199218750000e-02
1.000213623046875000e-02
-3.989257812500000000e-01
5.048828125000000000e-01
-1.102294921875000000e-01
-4.343261718750000000e-01
2.805175781250000000e-01
-3.298339843750000000e-01
-3.341674804687500000e-02
1.221313476562500000e-01
-2.409667968750000000e-01
2.822265625000000000e-01
2.992248535156250000e-02
8.508300781250000000e-02
1.490478515625000000e-01
2.004394531250000000e-01
1.464843750000000000e-02
-1.078491210937500000e-01
1.740722656250000000e-01
2.420654296875000000e-01
-2.700195312500000000e-01
5.538940429687500000e-02
4.987792968750000000e-01
-4.978179931640625000e-04
2.310791015625000000e-01
-1.367187500000000000e-01
-1.147460937500000000e-01
2.059936523437500000e-02
-6.634521484375000000e-02
-1.518554687500000000e-01
-6.561279296875000000e-02
2.260742187500000000e-01
3.117675781250000000e-01
9.552001953125000000e-02
1.256103515625000000e-01
2.697753906250000000e-01
2.462158203125000000e-01
-5.682373046875000000e-02
2.280273437500000000e-01
-8.666992187500000000e-01
1.049804687500000000e-02
-3.303222656250000000e-01
7.983398437500000000e-02
1.036987304687500000e-01
-3.957519531250000000e-01
1.271057128906250000e-02
-1.894531250000000000e-01
-2.171630859375000000e-01
4.965820312500000000e-01
6.292724609375000000e-02
-2.990722656250000000e-01
6.538085937500000000e-01
9.246826171875000000e-02
-2.268066406250000000e-01
1.197509765625000000e-01
1.131591796875000000e-01
-1.870117187500000000e-01
1.012573242187500000e-01
-9.490966796875000000e-02
1.857910156250000000e-01
1.492919921875000000e-01
3.618164062500000000e-01
6.439208984375000000e-02
5.105590820312500000e-02
-1.822509765625000000e-01
-3.034973144531250000e-02
-6.059570312500000000e-01
-2.998046875000000000e-01
2.517089843750000000e-01
-2.261962890625000000e-01
