2.449951171875000000e-01
-4.519042968750000000e-01
2.039794921875000000e-01
-3.640136718750000000e-01
-1.066284179687500000e-01
-9.362792968750000000e-02
-2.836914062500000000e-01
-5.400390625000000000e-01
-2.883300781250000000e-01
7.336425781250000000e-02
2.204589843750000000e-01
-2.109375000000000000e-01
2.910156250000000000e-01
-1.035766601562500000e-01
3.081054687500000000e-01
-1.538085937500000000e-01
1.484375000000000000e-01
6.408691406250000000e-02
1.301574707031250000e-02
-1.950683593750000000e-01
-6.616210937500000000e-02
2.208251953125000000e-01
1.789550781250000000e-01
1.932373046875000000e-01
-2.454833984375000000e-01
2.712402343750000000e-01
1.105957031250000000e-01
-1.364898681640625000e-02
-1.129150390625000000e-01
1.909179687500000000e-01
1.062011718750000000e-01
-2.316894531250000000e-01
-1.286315917968750000e-02
-5.786132812500000000e-01
-4.228515625000000000e-01
1.740722656250000000e-01
3.369140625000000000e-01
1.088256835937500000e-01
-1.833496093750000000e-01
-1.826171875000000000e-01
-8.691406250000000000e-02
4.653930664062500000e-02
-1.539306640625000000e-01
-6.457519531250000000e-02
2.375488281250000000e-01
2.366943359375000000e-01
-4.514160156250000000e-01
2.849121093750000000e-01
4.758300781250000000e-01
-7.690429687500000000e-02
1.617431640625000000e-01
-2.822265625000000000e-01
3.354492187500000000e-01
2.489013671875000000e-01
1.975097656250000000e-01
-3.105468750000000000e-01
1.694335937500000000e-01
2.075195312500000000e-01
-4.187011718750000000e-01
1.395263671875000000e-01
8.007812500000000000e-02
-1.471710205078125000e-02
-1.892089843750000000e-01
-2.280273437500000000e-01
-4.000854492187500000e-02
-2.083740234375000000e-01
1.229858398437500000e-01
1.348876953125000000e-01
8.331298828125000000e-02
-4.077148437500000000e-02
-2.387695312500000000e-01
-3.339843750000000000e-01
-2.081298828125000000e-01
-5.877685546875000000e-02
2.797851562500000000e-01
2.920150756835937500e-03
8.422851562500000000e-02
-2.836914062500000000e-01
-3.554687500000000000e-01
-9.832763671875000000e-02
-2.788085937500000000e-01
6.530761718750000000e-02
-8.691406250000000000e-02
2.805175781250000000e-01
-3.811035156250000000e-01
-1.927490234375000000e-01
-3.100585937500000000e-02
-1.723632812500000000e-01
-2.629394531250000000e-01
4.919433593750000000e-01
-1.772460937500000000e-01
-1.721191406250000000e-02
-1.319335937500000000e+00
2.790527343750000000e-01
-2.165527343750000000e-01
-1.680908203125000000e-01
-4.135742187500000000e-01
5.664062500000000000e-02
1.405029296875000000e-01
-2.299804687500000000e-01
5.493164062500000000e-01
3.222656250000000000e-01
2.812500000000000000e-01
-3.178710937500000000e-01
-2.060546875000000000e-01
-4.562377929687500000e-02
1.018066406250000000e-01
2.357482910156250000e-02
-3.715820312500000000e-01
-5.856323242187500000e-02
-5.105590820312500000e-02
-1.432037353515625000e-02
7.637023925781250000e-03
6.256103515625000000e-02
2.951660156250000000e-01
9.857177734375000000e-02
-4.360198974609375000e-03
1.335449218750000000e-01
-3.330230712890625000e-03
1.318359375000000000e-01
1.563720703125000000e-01
1.045532226562500000e-01
-8.386230468750000000e-02
4.721679687500000000e-01
-3.509521484375000000e-02
-2.229309082031250000e-02
-9.979248046875000000e-03
-2.790527343750000000e-01
-1.978759765625000000e-01
2.587890625000000000e-01
9.906005859375000000e-02
2.254638671875000000e-01
-1.652832031250000000e-01
5.152343750000000000e+00
-5.166015625000000000e-01
-3.044433593750000000e-01
-5.114746093750000000e-02
-4.350585937500000000e-01
-1.138916015625000000e-01
3.181152343750000000e-01
1.297607421875000000e-01
4.513549804687500000e-02
1.706542968750000000e-01
4.682617187500000000e-01
-1.964111328125000000e-01
-2.622070312500000000e-01
-5.920410156250000000e-02
-1.806640625000000000e-01
2.419433593750000000e-01
1.079101562500000000e-01
-2.680664062500000000e-01
-1.075439453125000000e-01
-3.906250000000000000e-01
9.020996093750000000e-02
-1.910400390625000000e-01
-3.437500000000000000e-01
-5.624389648437500000e-02
1.076049804687500000e-01
1.062622070312500000e-01
6.573486328125000000e-02
-1.312255859375000000e-01
-2.221679687500000000e-01
3.842773437500000000e-01
1.440429687500000000e-01
7.958984375000000000e-02
5.374145507812500000e-02
-4.840087890625000000e-02
-1.914062500000000000e-01
6.425781250000000000e-01
2.856445312500000000e-01
-6.107330322265625000e-03
1.730957031250000000e-01
4.008789062500000000e-01
-4.244995117187500000e-02
-1.259765625000000000e-01
-9.979248046875000000e-02
-1.916503906250000000e-01
3.676757812500000000e-01
-2.255859375000000000e-01
4.495239257812500000e-02
-3.115234375000000000e-01
4.726562500000000000e-01
-8.789062500000000000e-02
-1.882934570312500000e-02
4.974365234375000000e-03
-4.848632812500000000e-01
5.932617187500000000e-01
-9.820556640625000000e-02
3.393554687500000000e-01
6.475830078125000000e-02
1.326904296875000000e-01
4.133300781250000000e-01
2.038574218750000000e-02
3.281250000000000000e-01
-7.586669921875000000e-02
2.976074218750000000e-01
-4.562988281250000000e-01
3.471679687500000000e-01
2.663574218750000000e-01
1.445312500000000000e-01
2.924804687500000000e-01
4.647827148437500000e-02
-1.431884765625000000e-01
8.758544921875000000e-03
2.819824218750000000e-01
-2.739257812500000000e-01
1.210784912109375000e-02
-1.649169921875000000e-01
-2.462158203125000000e-01
6.542968750000000000e-02
3.884277343750000000e-01
-1.212768554687500000e-01
-1.450195312500000000e-01
1.716308593750000000e-01
-5.300903320312500000e-02
1.773681640625000000e-01
7.250976562500000000e-02
-4.077148437500000000e-02
-4.586791992187500000e-02
-2.371826171875000000e-01
-1.541748046875000000e-01
-2.885742187500000000e-01
-3.974609375000000000e-01
-3.723144531250000000e-01
1.418457031250000000e-01
-6.634521484375000000e-02
9.002685546875000000e-02
-3.092956542968750000e-02
1.712646484375000000e-01
-3.603515625000000000e-01
2.858886718750000000e-01
-1.486816406250000000e-01
-6.951904296875000000e-02
3.552246093750000000e-01
-2.785644531250000000e-01
2.607421875000000000e-01
3.542480468750000000e-01
-2.089843750000000000e-01
1.137084960937500000e-01
3.648757934570312500e-03
1.962890625000000000e-01
1.613769531250000000e-01
-6.518554687500000000e-02
-2.163696289062500000e-02
2.636718750000000000e-01
-3.471679687500000000e-01
-1.669921875000000000e-01
-1.200103759765625000e-02
7.153320312500000000e-02
1.483154296875000000e-01
-2.585449218750000000e-01
1.201782226562500000e-01
-2.932128906250000000e-01
2.025146484375000000e-01
1.315917968750000000e-01
-1.879882812500000000e-01
-1.397705078125000000e-02
-3.920898437500000000e-01
-4.745483398437500000e-02
2.053833007812500000e-02
3.300781250000000000e-01
2.663574218750000000e-01
9.613037109375000000e-02
1.285400390625000000e-01
-1.876220703125000000e-01
-1.035156250000000000e-01
-2.531738281250000000e-01
-7.198333740234375000e-03
1.091308593750000000e-01
2.409667968750000000e-01
1.618957519531250000e-02
-3.913574218750000000e-01
4.968261718750000000e-01
3.984375000000000000e-01
2.946777343750000000e-01
-1.054687500000000000e-01
4.082031250000000000e-01
-3.613281250000000000e-02
3.410644531250000000e-01
-5.273437500000000000e-01
2.275390625000000000e-01
3.745117187500000000e-01
6.899414062500000000e-01
3.723144531250000000e-01
-3.581542968750000000e-01
2.008056640625000000e-01
3.249511718750000000e-01
-4.042968750000000000e-01
4.145507812500000000e-01
-2.380371093750000000e-01
2.485351562500000000e-01
3.182983398437500000e-02
-2.500915527343750000e-02
8.996582031250000000e-02
-2.049560546875000000e-01
5.996093750000000000e-01
-7.358398437500000000e-01
-1.148681640625000000e-01
1.276855468750000000e-01
4.167480468750000000e-01
-3.845214843750000000e-01
-1.501464843750000000e-01
1.829833984375000000e-01
-5.224609375000000000e-02
-3.376464843750000000e-01
-8.215332031250000000e-02
2.858886718750000000e-01
1.427001953125000000e-01
-3.908691406250000000e-01
-9.960937500000000000e-02
3.247070312500000000e-01
3.842773437500000000e-01
5.140625000000000000e+00
1.109619140625000000e-01
-3.942871093750000000e-01
2.088623046875000000e-01
-2.089843750000000000e-01
-7.543945312500000000e-01
5.801391601562500000e-02
-7.641601562500000000e-02
2.766113281250000000e-01
3.784179687500000000e-01
-1.687011718750000000e-01
2.574157714843750000e-02
-1.185913085937500000e-01
3.154296875000000000e-01
6.106567382812500000e-02
3.500366210937500000e-02
2.739257812500000000e-01
-1.438476562500000000e+00
2.239990234375000000e-01
3.988647460937500000e-02
-8.923339843750000000e-02
1.390380859375000000e-01
-8.148193359375000000e-02
1.513671875000000000e-01
7.531738281250000000e-02
2.348632812500000000e-01
-2.012939453125000000e-01
1.020507812500000000e-01
4.331054687500000000e-01
-3.930664062500000000e-01
-1.997070312500000000e-01
-6.630859375000000000e-01
-9.271240234375000000e-02
4.214477539062500000e-02
3.286132812500000000e-01
1.550292968750000000e-01
7.209777832031250000e-03
1.632690429687500000e-03
4.187011718750000000e-01
-4.550170898437500000e-02
-1.643371582031250000e-02
-2.139892578125000000e-01
-7.824707031250000000e-02
2.846679687500000000e-01
1.311035156250000000e-01
4.812011718750000000e-01
5.395507812500000000e-02
2.271728515625000000e-01
4.650878906250000000e-01
-4.870891571044921875e-04
-3.176269531250000000e-01
-8.782958984375000000e-02
3.315429687500000000e-01
-5.556640625000000000e-01
-1.087646484375000000e-01
6.192016601562500000e-02
2.437591552734375000e-03
-7.769775390625000000e-02
3.100585937500000000e-01
4.521484375000000000e-01
-2.273559570312500000e-03
1.943359375000000000e-01
-1.065063476562500000e-01
-1.329345703125000000e-01
-1.784667968750000000e-01
-1.275634765625000000e-01
1.369628906250000000e-01
-2.646484375000000000e-01
-4.989624023437500000e-02
-4.289550781250000000e-01
1.550292968750000000e-02
-3.378906250000000000e-01
-8.044433593750000000e-02
-2.282714843750000000e-01
-4.409179687500000000e-01
-5.678710937500000000e-01
1.463623046875000000e-01
-1.154785156250000000e-01
-1.029296875000000000e+00
6.186523437500000000e-01
-1.373291015625000000e-01
-2.988281250000000000e-01
-1.017456054687500000e-01
3.312988281250000000e-01
2.216796875000000000e-01
-3.417968750000000000e-01
-1.013183593750000000e-01
7.001953125000000000e-01
2.873535156250000000e-01
-1.623535156250000000e-01
3.896484375000000000e-01
-8.752441406250000000e-02
-2.995605468750000000e-01
1.713867187500000000e-01
1.728515625000000000e-01
-1.197509765625000000e-01
5.014648437500000000e-01
4.248046875000000000e-02
2.822265625000000000e-01
3.500976562500000000e-01
2.122802734375000000e-01
2.433776855468750000e-02
6.204223632812500000e-02
1.856689453125000000e-01
-1.381835937500000000e-01
-1.106567382812500000e-01
2.076416015625000000e-01
-1.464843750000000000e-01
3.474121093750000000e-01
6.970214843750000000e-02
-3.164062500000000000e-01
-3.437500000000000000e-01
-8.776855468750000000e-02
-1.278076171875000000e-01
-1.676025390625000000e-01
-1.461181640625000000e-01
2.327880859375000000e-01
-3.352050781250000000e-01
-4.644775390625000000e-02
-2.825927734375000000e-02
-4.547119140625000000e-02
1.435546875000000000e-01
-5.097656250000000000e-01
-3.422851562500000000e-01
-9.429931640625000000e-02
4.572753906250000000e-01
-2.817382812500000000e-01
-1.252441406250000000e-01
-1.065673828125000000e-01
7.336425781250000000e-02
-2.093505859375000000e-01
2.925109863281250000e-02
2.275390625000000000e-01
1.535644531250000000e-01
-1.768798828125000000e-01
-4.570312500000000000e-01
9.191894531250000000e-02
-4.391479492187500000e-02
-3.079223632812500000e-02
2.000732421875000000e-01
2.321243286132812500e-03
1.564941406250000000e-01
-2.639160156250000000e-01
-1.688232421875000000e-01
-1.290283203125000000e-01
-2.844238281250000000e-02
-2.030029296875000000e-01
-1.303710937500000000e-01
4.251098632812500000e-02
4.513549804687500000e-02
-1.328125000000000000e-01
3.369140625000000000e-01
1.558837890625000000e-01
1.321411132812500000e-02
-1.446533203125000000e-01
-1.061401367187500000e-01
-2.751464843750000000e-01
7.110595703125000000e-02
-4.367065429687500000e-02
8.862304687500000000e-02
-6.179809570312500000e-02
1.337890625000000000e-01
3.183593750000000000e-01
-2.553710937500000000e-01
2.471923828125000000e-01
3.054809570312500000e-02
2.575683593750000000e-01
-3.415527343750000000e-01
4.055786132812500000e-02
-2.910156250000000000e-01
3.698730468750000000e-01
-5.522460937500000000e-01
2.662658691406250000e-02
-6.372070312500000000e-02
-1.136474609375000000e-01
-5.465698242187500000e-02
1.924133300781250000e-02
7.564544677734375000e-03
4.279785156250000000e-01
4.685058593750000000e-01
-5.214843750000000000e-01
2.600097656250000000e-01
-2.180175781250000000e-01
7.788085937500000000e-02
2.303466796875000000e-01
2.244567871093750000e-02
-5.981445312500000000e-01
-1.040649414062500000e-01
-2.048339843750000000e-01
-8.227539062500000000e-02
2.247619628906250000e-02
4.082031250000000000e-01
-6.457519531250000000e-02
5.792236328125000000e-02
-1.017456054687500000e-01
7.464599609375000000e-02
-3.974609375000000000e-01
8.471679687500000000e-01
1.442871093750000000e-01
-2.519531250000000000e-01
