4.550170898437500000e-02
9.429931640625000000e-03
-2.033691406250000000e-01
-1.048583984375000000e-01
-2.680664062500000000e-01
2.868652343750000000e-01
-2.160644531250000000e-01
-8.374023437500000000e-02
-2.639160156250000000e-01
7.452392578125000000e-02
-1.999511718750000000e-01
-6.896972656250000000e-02
-1.195526123046875000e-02
-3.063964843750000000e-01
4.089355468750000000e-01
9.985351562500000000e-02
4.568481445312500000e-02
-4.672241210937500000e-02
-5.278320312500000000e-01
1.483154296875000000e-01
1.425781250000000000e-01
2.807617187500000000e-02
-3.227539062500000000e-01
9.307861328125000000e-03
-1.306152343750000000e-01
4.568481445312500000e-02
-3.422851562500000000e-01
1.248779296875000000e-01
-5.364990234375000000e-02
2.666015625000000000e-01
1.801757812500000000e-01
-1.302490234375000000e-01
-2.971191406250000000e-01
-4.245605468750000000e-01
-5.849609375000000000e-01
-1.270751953125000000e-01
1.339111328125000000e-01
3.210449218750000000e-01
-3.704833984375000000e-02
9.513854980468750000e-03
-1.149291992187500000e-01
9.838867187500000000e-02
4.418945312500000000e-01
-2.052001953125000000e-01
1.125488281250000000e-01
3.356933593750000000e-01
4.287109375000000000e-01
1.584472656250000000e-01
7.031250000000000000e-02
1.994628906250000000e-01
1.085815429687500000e-01
1.447753906250000000e-01
2.452392578125000000e-01
-9.197998046875000000e-02
-4.792480468750000000e-01
-2.343750000000000000e-01
1.024780273437500000e-01
3.093261718750000000e-01
-2.043457031250000000e-01
4.196777343750000000e-01
-6.646728515625000000e-02
-5.960083007812500000e-02
4.235839843750000000e-02
-3.048706054687500000e-02
-1.821289062500000000e-01
-4.497070312500000000e-01
3.217773437500000000e-01
-8.285522460937500000e-03
-3.813476562500000000e-01
-2.200927734375000000e-01
-2.597656250000000000e-01
-1.899414062500000000e-01
-1.293945312500000000e-01
3.151855468750000000e-01
3.867187500000000000e-01
-7.244873046875000000e-02
3.815917968750000000e-01
-1.942138671875000000e-01
8.935546875000000000e-02
2.773437500000000000e-01
-1.350097656250000000e-01
-5.505371093750000000e-02
2.227783203125000000e-01
1.332855224609375000e-02
-6.323242187500000000e-02
1.552734375000000000e-01
1.286621093750000000e-01
-1.452636718750000000e-01
-2.573242187500000000e-01
-2.198486328125000000e-01
-8.721923828125000000e-02
-4.948730468750000000e-01
-1.215820312500000000e+00
3.681640625000000000e-01
8.477783203125000000e-02
4.289550781250000000e-01
7.841796875000000000e-01
3.027343750000000000e-02
-5.911254882812500000e-02
6.155395507812500000e-02
2.890625000000000000e-01
-2.211914062500000000e-01
-2.460937500000000000e-01
-3.288574218750000000e-01
-2.276611328125000000e-01
2.052001953125000000e-01
6.045532226562500000e-02
3.317871093750000000e-01
-8.587646484375000000e-02
1.804199218750000000e-01
1.783752441406250000e-02
-5.615234375000000000e-02
-1.730957031250000000e-01
1.826171875000000000e-01
-3.503417968750000000e-01
-6.323242187500000000e-02
4.404296875000000000e-01
3.818359375000000000e-01
3.897094726562500000e-02
3.713378906250000000e-01
2.561035156250000000e-01
-4.521484375000000000e-01
-1.968994140625000000e-01
-8.752441406250000000e-02
2.244873046875000000e-01
-4.760742187500000000e-01
1.109619140625000000e-01
-5.102539062500000000e-01
3.674316406250000000e-01
4.045410156250000000e-01
4.025878906250000000e-01
-9.417724609375000000e-02
-3.476562500000000000e-01
4.402343750000000000e+00
-1.940917968750000000e-01
1.860351562500000000e-01
-9.283447265625000000e-02
-6.220703125000000000e-01
-1.035766601562500000e-01
-1.838684082031250000e-02
2.939453125000000000e-01
-7.757568359375000000e-02
-3.121948242187500000e-02
3.264160156250000000e-01
6.176757812500000000e-02
1.297607421875000000e-01
1.656494140625000000e-01
-7.182617187500000000e-01
-2.287597656250000000e-01
-9.039306640625000000e-02
-8.685302734375000000e-02
1.168823242187500000e-01
2.602539062500000000e-01
2.125244140625000000e-01
2.120361328125000000e-01
-7.458496093750000000e-02
-7.641601562500000000e-02
-1.948242187500000000e-01
2.164306640625000000e-01
1.713867187500000000e-01
1.853027343750000000e-01
3.706054687500000000e-01
2.598571777343750000e-02
-1.422119140625000000e-01
1.135864257812500000e-01
1.130676269531250000e-02
1.109619140625000000e-01
-9.047851562500000000e-01
-8.361816406250000000e-02
-3.281250000000000000e-01
-1.152801513671875000e-02
-1.216430664062500000e-01
-1.119384765625000000e-01
2.915039062500000000e-01
-3.291015625000000000e-01
1.157226562500000000e-01
-6.677246093750000000e-02
-4.001464843750000000e-01
2.022705078125000000e-01
-3.947753906250000000e-01
9.527587890625000000e-02
2.319335937500000000e-01
-1.441955566406250000e-02
-3.041992187500000000e-01
1.491699218750000000e-01
1.313476562500000000e-01
2.958984375000000000e-01
-4.228515625000000000e-01
3.930664062500000000e-01
-1.910400390625000000e-01
2.504882812500000000e-01
2.667236328125000000e-02
-2.145996093750000000e-01
-3.676757812500000000e-01
-1.422119140625000000e-01
-1.789550781250000000e-01
4.360961914062500000e-02
1.820068359375000000e-01
-2.529296875000000000e-01
-2.427978515625000000e-01
-1.251220703125000000e-01
1.097412109375000000e-01
-5.938720703125000000e-02
4.396972656250000000e-01
-4.431152343750000000e-01
5.587768554687500000e-02
2.263183593750000000e-01
-1.348876953125000000e-02
-2.183837890625000000e-01
-2.338867187500000000e-01
7.890625000000000000e-01
5.878906250000000000e-01
1.034545898437500000e-01
3.354492187500000000e-01
1.929931640625000000e-01
-2.263183593750000000e-01
1.045532226562500000e-01
-5.377197265625000000e-02
2.658691406250000000e-01
-2.707519531250000000e-01
2.624511718750000000e-02
-8.752441406250000000e-02
-3.937988281250000000e-01
8.538818359375000000e-02
1.127929687500000000e-01
-1.021728515625000000e-01
2.343750000000000000e-01
-7.873535156250000000e-02
-4.079589843750000000e-01
1.099853515625000000e-01
-6.347656250000000000e-01
4.675292968750000000e-01
1.690673828125000000e-01
1.957702636718750000e-02
-6.640625000000000000e-02
7.312011718750000000e-02
-2.583007812500000000e-01
3.142089843750000000e-01
-1.873970031738281250e-03
-3.973388671875000000e-02
-1.249694824218750000e-02
8.953857421875000000e-02
5.590820312500000000e-01
2.011718750000000000e-01
1.386718750000000000e-01
2.403564453125000000e-01
1.107788085937500000e-01
-2.802734375000000000e-01
-2.355957031250000000e-01
1.142578125000000000e-01
-8.416748046875000000e-02
-7.775878906250000000e-02
4.775390625000000000e-01
-1.046752929687500000e-02
-5.258789062500000000e-01
3.029785156250000000e-01
4.342651367187500000e-02
1.213073730468750000e-02
-8.209228515625000000e-02
1.156616210937500000e-01
-1.870117187500000000e-01
1.896972656250000000e-01
1.977539062500000000e-02
-3.265380859375000000e-02
-2.292480468750000000e-01
-4.948730468750000000e-01
-7.757568359375000000e-02
-1.280517578125000000e-01
-4.748535156250000000e-01
5.157470703125000000e-02
-9.130859375000000000e-02
2.624511718750000000e-01
1.119384765625000000e-01
2.772521972656250000e-02
-1.945800781250000000e-01
-3.264160156250000000e-01
-9.527587890625000000e-02
4.135742187500000000e-01
-7.666015625000000000e-02
2.668762207031250000e-02
3.415527343750000000e-01
-6.451416015625000000e-02
2.696990966796875000e-03
2.481689453125000000e-01
-1.407470703125000000e-01
2.961425781250000000e-01
-3.524780273437500000e-02
-1.193237304687500000e-01
3.789062500000000000e-01
-1.606750488281250000e-02
1.059570312500000000e-01
-6.127929687500000000e-01
-1.508789062500000000e-01
5.084228515625000000e-02
-3.278808593750000000e-01
3.283691406250000000e-01
-5.688476562500000000e-01
-4.079589843750000000e-01
-5.180664062500000000e-01
-2.343750000000000000e-01
-2.612304687500000000e-01
-4.233398437500000000e-01
3.735351562500000000e-02
1.582031250000000000e-01
4.270019531250000000e-01
2.032470703125000000e-01
-1.307373046875000000e-01
-2.863769531250000000e-01
-8.087158203125000000e-02
2.543945312500000000e-01
-1.671142578125000000e-01
3.051757812500000000e-01
4.398437500000000000e+00
2.966308593750000000e-01
-2.580566406250000000e-01
2.768554687500000000e-01
5.017089843750000000e-02
4.562988281250000000e-01
2.832031250000000000e-01
2.075195312500000000e-02
2.219238281250000000e-01
4.008789062500000000e-01
1.589965820312500000e-02
-3.509521484375000000e-02
-1.481933593750000000e-01
-5.392456054687500000e-02
9.246826171875000000e-02
-8.766174316406250000e-03
-1.735839843750000000e-01
-1.325195312500000000e+00
1.630859375000000000e-01
3.315429687500000000e-01
2.287597656250000000e-01
-2.590332031250000000e-01
-1.733398437500000000e-01
2.709960937500000000e-01
2.651367187500000000e-01
-2.800292968750000000e-01
3.767089843750000000e-01
3.303222656250000000e-01
-1.397705078125000000e-01
-3.488769531250000000e-01
1.835937500000000000e-01
-1.932373046875000000e-01
-1.235961914062500000e-01
2.269287109375000000e-01
-2.169189453125000000e-01
2.435302734375000000e-01
2.174377441406250000e-02
-2.797851562500000000e-01
4.616699218750000000e-01
-2.359619140625000000e-01
2.985839843750000000e-01
1.435546875000000000e-01
-2.939453125000000000e-01
-1.077270507812500000e-01
-1.622009277343750000e-02
3.085327148437500000e-02
3.262329101562500000e-02
1.384277343750000000e-01
-3.277587890625000000e-02
-2.602539062500000000e-01
6.618499755859375000e-03
2.106933593750000000e-01
-1.035766601562500000e-01
3.747558593750000000e-02
2.280273437500000000e-01
9.552001953125000000e-02
1.861572265625000000e-01
-3.862304687500000000e-01
-1.418457031250000000e-01
-1.244506835937500000e-01
-2.839355468750000000e-01
-1.446533203125000000e-01
-4.768066406250000000e-01
2.075195312500000000e-01
2.116699218750000000e-01
-1.864013671875000000e-01
-1.484375000000000000e-01
-1.736450195312500000e-02
-4.387207031250000000e-01
-9.320068359375000000e-02
9.552001953125000000e-02
-9.002685546875000000e-02
1.413574218750000000e-01
1.210327148437500000e-01
-3.874511718750000000e-01
1.262207031250000000e-01
6.555175781250000000e-02
1.929931640625000000e-01
-4.526367187500000000e-01
3.010253906250000000e-01
-3.132324218750000000e-01
-3.559570312500000000e-01
-5.160522460937500000e-02
3.076171875000000000e-01
3.652343750000000000e-01
-3.039550781250000000e-01
-3.552246093750000000e-01
2.785644531250000000e-01
5.878906250000000000e-01
-2.814941406250000000e-01
1.381835937500000000e-01
6.035156250000000000e-01
-3.935546875000000000e-01
-4.421386718750000000e-01
8.673095703125000000e-02
-1.324462890625000000e-01
-7.026367187500000000e-01
1.528320312500000000e-01
2.067871093750000000e-01
3.706054687500000000e-01
-7.019042968750000000e-02
2.958984375000000000e-01
-2.064208984375000000e-01
-2.161865234375000000e-01
-2.792968750000000000e-01
-3.698730468750000000e-01
6.568908691406250000e-03
7.595062255859375000e-03
-1.613769531250000000e-01
4.129028320312500000e-02
6.359863281250000000e-02
-2.456054687500000000e-01
2.543945312500000000e-01
-3.601074218750000000e-01
-1.657104492187500000e-02
1.132812500000000000e-01
-2.246093750000000000e-02
1.287841796875000000e-01
2.203369140625000000e-01
-2.271728515625000000e-01
-7.482910156250000000e-02
3.151855468750000000e-01
-1.837158203125000000e-01
-1.365966796875000000e-01
-1.881103515625000000e-01
-1.640625000000000000e-01
-1.451416015625000000e-01
3.759765625000000000e-01
-3.044433593750000000e-01
1.777343750000000000e-01
-1.882324218750000000e-01
-2.252197265625000000e-01
-1.846923828125000000e-01
2.941894531250000000e-01
-3.598632812500000000e-01
-2.377929687500000000e-01
9.130859375000000000e-02
3.535156250000000000e-01
4.278564453125000000e-02
-3.686523437500000000e-02
1.455078125000000000e-01
1.708984375000000000e-01
2.167968750000000000e-01
3.715820312500000000e-01
4.758300781250000000e-01
3.474121093750000000e-01
3.527832031250000000e-01
2.736816406250000000e-01
-1.864624023437500000e-02
4.187011718750000000e-01
3.234863281250000000e-01
1.921386718750000000e-01
4.702148437500000000e-01
-1.079711914062500000e-01
-8.007812500000000000e-02
-4.827880859375000000e-02
1.187133789062500000e-01
4.104003906250000000e-01
1.596679687500000000e-01
-3.876953125000000000e-01
-9.350585937500000000e-02
-1.188354492187500000e-01
-2.536621093750000000e-01
-7.415771484375000000e-02
6.219482421875000000e-02
-5.950927734375000000e-02
2.146911621093750000e-02
5.893554687500000000e-01
4.396972656250000000e-01
-8.305664062500000000e-01
2.116699218750000000e-01
3.955078125000000000e-01
1.507568359375000000e-01
2.167968750000000000e-01
-2.863769531250000000e-01
-1.466064453125000000e-01
7.824707031250000000e-02
-4.365234375000000000e-01
2.445983886718750000e-02
-1.728515625000000000e-01
-8.197021484375000000e-02
8.505859375000000000e-01
1.728515625000000000e-01
-3.183593750000000000e-01
3.166503906250000000e-01
-1.226196289062500000e-01
-2.001953125000000000e-01
2.861328125000000000e-01
-1.144409179687500000e-01
2.437744140625000000e-01
3.549575805664062500e-03
-2.213134765625000000e-01
1.284179687500000000e-01
-2.817382812500000000e-01
-1.246337890625000000e-01
4.522800445556640625e-04
-1.750488281250000000e-01
-3.310546875000000000e-01
-3.081054687500000000e-01
1.981201171875000000e-01
