-1.627197265625000000e-01
-4.632568359375000000e-02
-4.440307617187500000e-02
7.531738281250000000e-02
-1.484375000000000000e-01
2.196044921875000000e-01
-8.612060546875000000e-02
-1.174804687500000000e+00
-1.145629882812500000e-01
-2.100830078125000000e-01
-1.031494140625000000e-01
3.828125000000000000e-01
-1.574707031250000000e-01
-1.464843750000000000e-01
1.973876953125000000e-01
-1.499023437500000000e-01
7.446289062500000000e-02
3.056640625000000000e-01
-3.040313720703125000e-03
-4.919433593750000000e-01
9.844970703125000000e-02
1.730957031250000000e-01
-2.349853515625000000e-01
3.833007812500000000e-01
-9.619140625000000000e-02
3.071289062500000000e-01
-3.976440429687500000e-02
-1.319580078125000000e-01
-6.799316406250000000e-02
-8.520507812500000000e-02
-1.934814453125000000e-01
9.025573730468750000e-03
-7.623291015625000000e-02
2.250976562500000000e-01
-9.985351562500000000e-02
-1.922607421875000000e-02
1.613769531250000000e-01
-1.757812500000000000e-01
-3.569335937500000000e-01
-6.811523437500000000e-02
5.639648437500000000e-02
-8.911132812500000000e-02
1.403808593750000000e-01
-2.758789062500000000e-01
-2.077102661132812500e-03
3.095703125000000000e-01
2.023925781250000000e-01
-8.605957031250000000e-02
2.531738281250000000e-01
6.793212890625000000e-02
-1.159057617187500000e-01
1.744384765625000000e-01
-3.964233398437500000e-02
-1.021118164062500000e-01
-2.754211425781250000e-02
8.660888671875000000e-02
-7.025146484375000000e-02
8.245849609375000000e-02
-4.721679687500000000e-01
4.907226562500000000e-01
2.653808593750000000e-01
-2.624511718750000000e-01
-7.708740234375000000e-02
-1.461181640625000000e-01
-1.749267578125000000e-01
8.392333984375000000e-03
-2.739257812500000000e-01
1.075439453125000000e-01
7.775878906250000000e-02
-9.277343750000000000e-02
2.998046875000000000e-01
-1.384277343750000000e-01
-8.605957031250000000e-02
3.585815429687500000e-02
-9.967041015625000000e-02
2.800292968750000000e-01
1.949462890625000000e-01
-2.322998046875000000e-01
2.658691406250000000e-01
-5.756835937500000000e-01
1.029205322265625000e-02
-3.829956054687500000e-02
-2.705078125000000000e-01
2.658691406250000000e-01
1.974487304687500000e-02
5.551757812500000000e-01
2.409667968750000000e-01
-3.054199218750000000e-01
-1.541900634765625000e-02
3.063964843750000000e-01
-4.492187500000000000e-01
-2.376708984375000000e-01
-1.524414062500000000e+00
2.121582031250000000e-01
-4.092407226562500000e-02
-2.575683593750000000e-01
-1.694335937500000000e-01
1.018066406250000000e-01
-1.270751953125000000e-01
1.347656250000000000e-01
-2.653808593750000000e-01
-8.666992187500000000e-02
7.653808593750000000e-02
-5.748748779296875000e-03
-2.036132812500000000e-01
-1.187133789062500000e-01
3.515625000000000000e-01
-5.541992187500000000e-01
4.632568359375000000e-02
-1.517333984375000000e-01
2.792968750000000000e-01
1.295166015625000000e-01
-1.364746093750000000e-01
1.906738281250000000e-01
1.217041015625000000e-01
-2.124023437500000000e-01
2.269287109375000000e-01
2.452392578125000000e-01
5.102539062500000000e-02
-7.995605468750000000e-02
6.155395507812500000e-02
-1.339111328125000000e-01
1.630859375000000000e-01
5.508422851562500000e-02
-4.031372070312500000e-02
-2.517089843750000000e-01
-1.060485839843750000e-02
-8.666992187500000000e-03
-2.119140625000000000e-01
3.884887695312500000e-02
2.679443359375000000e-02
-1.765136718750000000e-01
-8.926391601562500000e-03
5.464843750000000000e+00
-1.778564453125000000e-01
-1.387939453125000000e-01
-2.291259765625000000e-01
-3.315429687500000000e-01
2.451171875000000000e-01
-1.435852050781250000e-02
-6.585693359375000000e-02
-9.208679199218750000e-03
4.476928710937500000e-02
1.135864257812500000e-01
1.024780273437500000e-01
1.004028320312500000e-01
3.117675781250000000e-01
-2.504882812500000000e-01
-5.709838867187500000e-02
-2.360839843750000000e-01
4.831542968750000000e-01
-3.076171875000000000e-01
1.944580078125000000e-01
-3.601074218750000000e-01
-1.049194335937500000e-01
-2.404785156250000000e-01
-1.855468750000000000e-01
1.856994628906250000e-02
7.269287109375000000e-02
3.305664062500000000e-01
1.741943359375000000e-01
9.490966796875000000e-02
-2.714538574218750000e-02
-1.440429687500000000e-01
-8.917236328125000000e-02
-1.579589843750000000e-01
-3.776855468750000000e-01
-1.442871093750000000e-01
9.222412109375000000e-02
-1.335906982421875000e-02
2.841796875000000000e-01
1.549072265625000000e-01
-5.676269531250000000e-03
1.804199218750000000e-01
-3.620605468750000000e-01
-2.146911621093750000e-02
-3.127441406250000000e-01
2.731933593750000000e-01
2.333068847656250000e-02
-1.203002929687500000e-01
4.145507812500000000e-01
5.830078125000000000e-01
1.345214843750000000e-01
-3.696289062500000000e-01
-3.439941406250000000e-01
3.826904296875000000e-02
1.691894531250000000e-01
2.347412109375000000e-01
5.976562500000000000e-01
-4.975585937500000000e-01
1.345214843750000000e-01
-2.998046875000000000e-01
-3.730468750000000000e-01
-8.044433593750000000e-02
-9.346008300781250000e-03
2.471923828125000000e-01
-6.198120117187500000e-02
1.618957519531250000e-02
-1.329345703125000000e-01
2.152099609375000000e-01
-8.831787109375000000e-02
2.807617187500000000e-01
3.179931640625000000e-02
1.275634765625000000e-01
-4.089355468750000000e-02
-2.834472656250000000e-01
2.575683593750000000e-01
5.703125000000000000e-01
5.313110351562500000e-02
2.260742187500000000e-01
2.785644531250000000e-01
5.239257812500000000e-01
2.086181640625000000e-01
-7.122802734375000000e-02
2.832031250000000000e-01
5.638122558593750000e-03
1.090698242187500000e-01
-1.885986328125000000e-01
-1.838378906250000000e-01
-1.614990234375000000e-01
3.948974609375000000e-02
-4.907226562500000000e-02
1.793212890625000000e-01
-7.147216796875000000e-02
6.909179687500000000e-02
-3.352050781250000000e-01
2.279052734375000000e-01
3.534317016601562500e-03
2.708435058593750000e-02
-8.099365234375000000e-02
1.678466796875000000e-01
2.438964843750000000e-01
3.353881835937500000e-02
-4.498291015625000000e-02
8.197021484375000000e-02
3.200683593750000000e-01
9.113550186157226562e-05
2.445068359375000000e-01
7.275390625000000000e-02
2.073669433593750000e-02
4.003906250000000000e-01
5.458984375000000000e-01
3.420410156250000000e-01
-1.679687500000000000e-01
-3.364257812500000000e-01
-3.037109375000000000e-01
4.172363281250000000e-01
-9.851074218750000000e-02
1.276855468750000000e-01
5.932617187500000000e-02
5.273437500000000000e-02
6.704101562500000000e-01
-1.979980468750000000e-01
3.229980468750000000e-01
4.528808593750000000e-02
5.009765625000000000e-01
2.775878906250000000e-01
-4.401855468750000000e-01
-1.115112304687500000e-01
1.968994140625000000e-01
1.411437988281250000e-02
2.441406250000000000e-01
3.408203125000000000e-01
1.805114746093750000e-02
2.122802734375000000e-01
-1.835937500000000000e-01
-1.441650390625000000e-01
2.887725830078125000e-03
1.957702636718750000e-02
2.619934082031250000e-02
5.746459960937500000e-02
-1.024169921875000000e-01
1.710510253906250000e-02
7.891845703125000000e-02
4.171752929687500000e-02
-4.477539062500000000e-01
2.761230468750000000e-01
3.219604492187500000e-02
8.697509765625000000e-02
-2.790527343750000000e-01
3.193359375000000000e-01
2.204589843750000000e-01
6.008911132812500000e-02
-5.270385742187500000e-02
4.669189453125000000e-02
-2.568359375000000000e-01
2.093505859375000000e-01
-1.434326171875000000e-01
4.899902343750000000e-01
-3.088378906250000000e-01
1.259765625000000000e-01
5.468750000000000000e-02
2.644042968750000000e-01
5.657958984375000000e-02
1.249389648437500000e-01
1.866149902343750000e-02
-3.103027343750000000e-01
2.382278442382812500e-03
-6.652832031250000000e-02
-2.154541015625000000e-01
-1.083374023437500000e-01
2.429199218750000000e-01
8.489990234375000000e-02
3.652343750000000000e-01
-1.388549804687500000e-02
3.381347656250000000e-01
-1.105957031250000000e-01
-3.781738281250000000e-01
-4.924316406250000000e-01
2.636718750000000000e-01
-2.318115234375000000e-01
7.244873046875000000e-02
5.457031250000000000e+00
2.315673828125000000e-01
-2.064208984375000000e-01
1.777343750000000000e-01
-2.988281250000000000e-01
1.140747070312500000e-01
2.924804687500000000e-01
2.790527343750000000e-01
1.431884765625000000e-01
4.162597656250000000e-01
-1.114501953125000000e-01
2.858886718750000000e-01
-2.352294921875000000e-01
-1.324462890625000000e-02
2.299804687500000000e-01
-6.649017333984375000e-03
-5.856323242187500000e-02
-2.001953125000000000e+00
4.631347656250000000e-01
2.661132812500000000e-01
2.763671875000000000e-01
9.320068359375000000e-02
-2.889633178710937500e-03
1.939697265625000000e-01
-2.284240722656250000e-02
-4.696655273437500000e-02
-4.943847656250000000e-02
-2.956542968750000000e-01
-5.161285400390625000e-03
-1.167602539062500000e-01
7.781982421875000000e-02
-3.161621093750000000e-01
3.720703125000000000e-01
-1.311035156250000000e-01
-2.880859375000000000e-01
3.981933593750000000e-01
-1.160278320312500000e-01
4.421997070312500000e-02
3.117370605468750000e-02
-1.468505859375000000e-01
2.359619140625000000e-01
-1.092529296875000000e-01
-6.130981445312500000e-02
1.333007812500000000e-01
-2.267456054687500000e-02
-9.460449218750000000e-02
1.390380859375000000e-01
4.714355468750000000e-01
-2.374267578125000000e-01
3.291015625000000000e-01
2.856445312500000000e-01
-1.231384277343750000e-02
1.193847656250000000e-01
-1.151123046875000000e-01
9.210205078125000000e-02
-4.501342773437500000e-03
-2.783203125000000000e-01
-2.773437500000000000e-01
-1.172485351562500000e-01
1.994628906250000000e-01
-3.186035156250000000e-01
3.110351562500000000e-01
1.989746093750000000e-01
1.340332031250000000e-01
2.868652343750000000e-02
4.062500000000000000e-01
-2.056884765625000000e-01
-1.229248046875000000e-01
-4.129028320312500000e-02
-4.072265625000000000e-01
2.014160156250000000e-01
-4.018554687500000000e-01
3.339843750000000000e-01
8.796691894531250000e-03
-1.281738281250000000e-01
2.098388671875000000e-01
3.280639648437500000e-02
1.647949218750000000e-02
-1.192626953125000000e-01
-1.224975585937500000e-01
-2.297363281250000000e-01
-2.142333984375000000e-02
4.489135742187500000e-02
6.367187500000000000e-01
1.358642578125000000e-01
-3.161621093750000000e-01
-3.002929687500000000e-01
5.019531250000000000e-01
1.040039062500000000e-01
6.161499023437500000e-02
7.824707031250000000e-02
-3.603515625000000000e-01
2.827148437500000000e-01
-1.372070312500000000e-01
3.488769531250000000e-01
2.943420410156250000e-02
-4.312133789062500000e-02
-2.941894531250000000e-01
-2.584838867187500000e-02
3.413085937500000000e-01
-2.868652343750000000e-01
7.963867187500000000e-01
-1.026611328125000000e-01
3.901367187500000000e-01
-4.306640625000000000e-01
-6.337890625000000000e-01
-3.398437500000000000e-01
1.455307006835937500e-03
7.482910156250000000e-02
-8.709716796875000000e-02
-1.278076171875000000e-01
-4.833984375000000000e-01
-1.354980468750000000e-01
3.041992187500000000e-01
-4.970703125000000000e-01
-5.815429687500000000e-01
2.634277343750000000e-01
-1.561279296875000000e-01
2.150878906250000000e-01
-3.283691406250000000e-02
-6.616210937500000000e-02
5.415039062500000000e-01
3.076171875000000000e-01
-2.756347656250000000e-01
-1.494598388671875000e-02
1.091308593750000000e-01
-2.924804687500000000e-01
3.142089843750000000e-01
-4.770507812500000000e-01
1.042480468750000000e-01
-1.646728515625000000e-01
-4.404296875000000000e-01
5.187988281250000000e-02
1.701660156250000000e-01
1.358642578125000000e-01
-2.204589843750000000e-01
1.712646484375000000e-01
2.015380859375000000e-01
-1.254882812500000000e-01
2.795410156250000000e-01
-2.348327636718750000e-02
1.232910156250000000e-02
-1.561279296875000000e-01
4.135742187500000000e-01
3.596191406250000000e-01
-3.044433593750000000e-01
1.080932617187500000e-01
-3.281250000000000000e-01
1.192016601562500000e-01
-1.209716796875000000e-01
5.191040039062500000e-02
-8.705139160156250000e-03
7.806396484375000000e-02
1.364746093750000000e-01
3.566894531250000000e-01
-2.673339843750000000e-01
2.438964843750000000e-01
-3.012084960937500000e-02
-2.309570312500000000e-01
-2.027587890625000000e-01
-4.553222656250000000e-02
-7.250976562500000000e-02
-2.490234375000000000e-01
2.573242187500000000e-01
-5.546875000000000000e-01
-1.126861572265625000e-02
4.189453125000000000e-01
2.851562500000000000e-01
7.104492187500000000e-02
-2.261962890625000000e-01
-5.325317382812500000e-02
1.350097656250000000e-01
1.484375000000000000e-01
-2.810668945312500000e-02
-2.105712890625000000e-01
2.778320312500000000e-01
-5.870819091796875000e-03
-2.139892578125000000e-01
6.121826171875000000e-02
2.751464843750000000e-01
-2.734375000000000000e-01
8.759765625000000000e-01
-3.750000000000000000e-01
1.640319824218750000e-02
2.059326171875000000e-01
3.256835937500000000e-01
-3.659667968750000000e-01
-3.176269531250000000e-01
-2.910156250000000000e-01
3.007507324218750000e-02
2.298583984375000000e-01
1.469726562500000000e-01
-2.175292968750000000e-01
-3.664550781250000000e-01
3.632812500000000000e-01
-1.846923828125000000e-01
-1.949462890625000000e-01
-2.124023437500000000e-01
-4.580078125000000000e-01
-4.201660156250000000e-01
