-5.700683593750000000e-02
-2.714843750000000000e-01
-2.122802734375000000e-01
-8.644104003906250000e-03
-3.044433593750000000e-01
2.308349609375000000e-01
-2.912902832031250000e-02
-1.133789062500000000e+00
-1.649169921875000000e-01
-1.860046386718750000e-02
4.266357421875000000e-02
2.824707031250000000e-01
-8.953857421875000000e-02
-3.227539062500000000e-01
1.289062500000000000e-01
3.776855468750000000e-01
3.254394531250000000e-01
1.271972656250000000e-01
-4.736328125000000000e-01
2.101135253906250000e-02
1.354980468750000000e-01
1.669921875000000000e-01
1.141357421875000000e-02
1.735839843750000000e-01
-2.612304687500000000e-01
-1.777343750000000000e-01
-7.110595703125000000e-02
3.750610351562500000e-02
-1.566162109375000000e-01
3.105468750000000000e-01
-4.711914062500000000e-01
2.288818359375000000e-01
1.262207031250000000e-01
1.609802246093750000e-02
-1.539306640625000000e-01
-2.841186523437500000e-02
-1.843261718750000000e-01
-3.603515625000000000e-01
4.318237304687500000e-02
9.025573730468750000e-03
-1.608886718750000000e-01
7.366943359375000000e-02
1.717529296875000000e-01
-4.107666015625000000e-02
2.958984375000000000e-01
1.038208007812500000e-01
-5.953979492187500000e-02
1.766967773437500000e-02
-3.461914062500000000e-01
1.879882812500000000e-01
1.663818359375000000e-01
-1.119384765625000000e-01
1.273193359375000000e-01
-1.597900390625000000e-01
3.515625000000000000e-02
-2.690429687500000000e-01
6.213378906250000000e-02
1.704101562500000000e-01
-4.631347656250000000e-01
3.093261718750000000e-01
5.527343750000000000e-01
-6.298828125000000000e-01
1.047973632812500000e-01
9.613037109375000000e-02
5.294799804687500000e-02
-4.460449218750000000e-01
1.214599609375000000e-01
-1.290893554687500000e-02
3.449707031250000000e-01
-4.335937500000000000e-01
3.259277343750000000e-01
-3.762207031250000000e-01
-7.055664062500000000e-02
1.570129394531250000e-02
-1.019287109375000000e-01
1.011352539062500000e-01
3.961181640625000000e-02
2.493896484375000000e-01
-8.312988281250000000e-02
-3.122558593750000000e-01
-1.607666015625000000e-01
2.249755859375000000e-01
-2.076416015625000000e-01
4.748535156250000000e-01
3.308105468750000000e-01
-3.710937500000000000e-01
-1.909179687500000000e-01
-3.979492187500000000e-01
-1.374511718750000000e-01
-3.945922851562500000e-02
-1.516113281250000000e-01
-3.610839843750000000e-01
-1.562500000000000000e+00
3.403320312500000000e-01
-1.126098632812500000e-01
3.862304687500000000e-01
1.661376953125000000e-01
-2.266845703125000000e-01
-2.186279296875000000e-01
-6.161499023437500000e-02
-9.088134765625000000e-02
6.063842773437500000e-02
7.280273437500000000e-01
-3.845214843750000000e-01
-2.093505859375000000e-01
-7.366943359375000000e-02
-9.228515625000000000e-02
-3.581542968750000000e-01
-9.552001953125000000e-03
2.174072265625000000e-01
2.705383300781250000e-02
1.794433593750000000e-01
-1.111602783203125000e-02
7.583618164062500000e-03
-4.714355468750000000e-01
-9.313964843750000000e-02
3.131103515625000000e-02
2.039794921875000000e-01
4.973144531250000000e-01
-2.709960937500000000e-01
-4.396972656250000000e-01
-1.285400390625000000e-01
2.048339843750000000e-01
-3.176269531250000000e-01
1.255035400390625000e-02
-6.562500000000000000e-01
7.647705078125000000e-02
1.292724609375000000e-01
5.590820312500000000e-01
2.827148437500000000e-01
5.950927734375000000e-02
1.037597656250000000e-01
2.741699218750000000e-01
5.628906250000000000e+00
-3.369140625000000000e-01
-1.157836914062500000e-01
-4.550781250000000000e-01
-7.338867187500000000e-01
-2.484130859375000000e-02
2.709960937500000000e-01
-3.811645507812500000e-02
9.020996093750000000e-02
1.175689697265625000e-02
1.489257812500000000e-01
-1.644287109375000000e-01
-1.146850585937500000e-01
2.491455078125000000e-01
-1.422119140625000000e-01
-2.282714843750000000e-01
-2.607727050781250000e-02
2.526855468750000000e-01
-2.352905273437500000e-02
1.307373046875000000e-01
3.203125000000000000e-01
2.618408203125000000e-02
4.772949218750000000e-02
2.481689453125000000e-01
3.593750000000000000e-01
-1.270751953125000000e-01
-3.854370117187500000e-02
-1.695556640625000000e-01
1.080932617187500000e-01
-1.285400390625000000e-01
1.986083984375000000e-01
-5.649414062500000000e-01
-5.264282226562500000e-02
8.209228515625000000e-02
-2.099609375000000000e-01
-1.706542968750000000e-01
3.454589843750000000e-02
-9.014892578125000000e-02
-1.538085937500000000e-01
5.960083007812500000e-02
1.892089843750000000e-01
-4.660644531250000000e-01
1.772460937500000000e-01
-6.240234375000000000e-01
-8.557128906250000000e-02
-2.238464355468750000e-02
-2.132415771484375000e-03
5.718231201171875000e-03
1.534423828125000000e-01
1.928710937500000000e-01
1.279296875000000000e-01
-1.051635742187500000e-01
7.592773437500000000e-02
2.426757812500000000e-01
-1.229095458984375000e-02
1.408691406250000000e-01
-1.599121093750000000e-01
1.956787109375000000e-01
4.843750000000000000e-01
-3.142089843750000000e-01
-2.468261718750000000e-01
2.866210937500000000e-01
-1.634521484375000000e-01
-5.984497070312500000e-02
-2.956542968750000000e-01
-1.629638671875000000e-01
1.800537109375000000e-01
-1.723632812500000000e-01
-1.567382812500000000e-01
-1.256103515625000000e-01
2.966308593750000000e-01
7.165527343750000000e-02
-1.259765625000000000e-01
-1.605224609375000000e-01
-3.044433593750000000e-01
-3.945312500000000000e-01
-3.195190429687500000e-02
2.773437500000000000e-01
2.276611328125000000e-01
2.366943359375000000e-01
-6.451416015625000000e-02
-8.978271484375000000e-02
-3.631591796875000000e-02
3.486328125000000000e-01
-2.541503906250000000e-01
-1.541900634765625000e-02
3.442382812500000000e-02
-6.039428710937500000e-02
-2.412109375000000000e-01
2.622070312500000000e-01
-2.358398437500000000e-01
1.500244140625000000e-01
-2.054443359375000000e-01
1.352691650390625000e-02
-7.812500000000000000e-02
2.700195312500000000e-01
-5.923461914062500000e-02
-8.599853515625000000e-02
3.059387207031250000e-02
5.596923828125000000e-02
-4.504394531250000000e-01
3.920898437500000000e-01
7.745361328125000000e-02
9.661865234375000000e-02
-8.190917968750000000e-02
-1.931152343750000000e-01
-1.860351562500000000e-01
5.366210937500000000e-01
5.180664062500000000e-01
-6.984710693359375000e-03
-3.405761718750000000e-01
-5.239257812500000000e-01
-9.017944335937500000e-03
5.761718750000000000e-01
-1.506805419921875000e-02
3.295898437500000000e-01
1.265869140625000000e-01
-9.889602661132812500e-04
2.651367187500000000e-01
-2.961425781250000000e-01
4.453125000000000000e-01
2.027587890625000000e-01
3.686523437500000000e-01
3.316879272460937500e-03
-1.765136718750000000e-01
-1.606750488281250000e-02
3.527832031250000000e-01
1.986083984375000000e-01
3.471679687500000000e-01
-1.586914062500000000e-02
-6.103515625000000000e-02
3.132324218750000000e-01
-2.827148437500000000e-01
-2.580261230468750000e-02
-1.065673828125000000e-01
-1.619873046875000000e-01
-3.059082031250000000e-01
7.275390625000000000e-02
2.120361328125000000e-01
2.326660156250000000e-01
-5.593872070312500000e-02
4.248046875000000000e-02
6.225585937500000000e-02
7.165527343750000000e-02
1.369628906250000000e-01
2.127685546875000000e-01
-1.596679687500000000e-01
1.235961914062500000e-01
5.488281250000000000e-01
1.318359375000000000e-01
-1.772460937500000000e-01
-2.209472656250000000e-01
2.761230468750000000e-01
4.814453125000000000e-01
-1.225585937500000000e-01
3.977050781250000000e-01
4.016113281250000000e-02
3.464355468750000000e-01
2.253723144531250000e-02
1.655273437500000000e-01
2.614746093750000000e-01
1.958007812500000000e-01
-2.675781250000000000e-01
-3.767089843750000000e-01
-8.117675781250000000e-02
-6.311035156250000000e-02
1.395263671875000000e-01
1.004638671875000000e-01
8.033752441406250000e-03
-5.899047851562500000e-02
-1.509094238281250000e-02
-2.416992187500000000e-02
-2.148437500000000000e-01
3.818359375000000000e-01
2.381591796875000000e-01
-2.465820312500000000e-01
1.331787109375000000e-01
-1.477050781250000000e-01
-1.700439453125000000e-01
5.617187500000000000e+00
-3.872680664062500000e-02
-1.710205078125000000e-01
1.676025390625000000e-01
-1.943359375000000000e-01
-9.942626953125000000e-02
2.937011718750000000e-01
2.758789062500000000e-01
3.957519531250000000e-01
1.650390625000000000e-01
7.696533203125000000e-02
1.077880859375000000e-01
-9.529113769531250000e-03
1.444091796875000000e-01
1.411132812500000000e-01
-1.118774414062500000e-01
-2.032470703125000000e-01
-2.226562500000000000e+00
1.289062500000000000e-01
1.401367187500000000e-01
-1.104125976562500000e-01
1.307373046875000000e-01
8.648681640625000000e-02
-1.762695312500000000e-01
-7.144927978515625000e-03
-1.893310546875000000e-01
-1.253662109375000000e-01
-1.788330078125000000e-01
1.118164062500000000e-01
5.267333984375000000e-02
2.676391601562500000e-02
1.704101562500000000e-01
6.298828125000000000e-02
2.890625000000000000e-01
-5.895996093750000000e-02
2.174072265625000000e-01
-1.862792968750000000e-01
1.791992187500000000e-01
4.233398437500000000e-01
1.694335937500000000e-01
8.947753906250000000e-02
7.736206054687500000e-03
6.370544433593750000e-03
-1.669921875000000000e-01
-1.209106445312500000e-01
1.275634765625000000e-01
9.454345703125000000e-02
4.262695312500000000e-01
-1.139526367187500000e-01
-3.000488281250000000e-01
1.738281250000000000e-01
-2.205810546875000000e-01
-1.242065429687500000e-01
-2.849121093750000000e-01
-1.356201171875000000e-01
-1.236572265625000000e-01
-1.899414062500000000e-01
1.260986328125000000e-01
-2.983398437500000000e-01
2.065429687500000000e-01
-1.984863281250000000e-01
-1.658935546875000000e-01
7.720947265625000000e-02
6.057739257812500000e-02
-9.967041015625000000e-02
4.611816406250000000e-01
2.795410156250000000e-01
-1.381835937500000000e-01
-6.896972656250000000e-02
-1.783447265625000000e-01
-8.679199218750000000e-02
-9.771728515625000000e-02
2.744140625000000000e-01
-1.635742187500000000e-01
-2.946777343750000000e-01
6.060791015625000000e-02
6.155395507812500000e-02
-1.245117187500000000e-01
-5.131835937500000000e-01
2.033691406250000000e-01
-1.452636718750000000e-01
-3.325195312500000000e-01
-3.083801269531250000e-02
3.500366210937500000e-02
3.896484375000000000e-01
-2.473144531250000000e-01
-3.464355468750000000e-01
2.758789062500000000e-01
-2.053222656250000000e-01
-3.232421875000000000e-01
1.187744140625000000e-01
4.324340820312500000e-02
-1.949462890625000000e-01
5.999755859375000000e-02
-2.811431884765625000e-03
-1.172485351562500000e-01
-3.872680664062500000e-02
-2.690429687500000000e-01
1.918945312500000000e-01
-7.818603515625000000e-02
-1.430664062500000000e-01
-8.868408203125000000e-02
5.157470703125000000e-02
6.152343750000000000e-02
-3.474121093750000000e-01
1.848144531250000000e-01
-1.000366210937500000e-01
1.469726562500000000e-01
-1.043701171875000000e-01
8.557128906250000000e-02
6.121826171875000000e-02
-4.809570312500000000e-01
-1.916503906250000000e-01
-5.044555664062500000e-02
-5.294799804687500000e-02
1.041870117187500000e-01
7.147216796875000000e-02
-3.562011718750000000e-01
4.267578125000000000e-01
-4.179687500000000000e-01
2.330322265625000000e-01
1.217651367187500000e-01
2.465820312500000000e-02
-1.074829101562500000e-01
-2.727050781250000000e-01
4.223632812500000000e-01
-2.644042968750000000e-01
5.661010742187500000e-02
-4.577636718750000000e-01
-3.947753906250000000e-01
-2.802734375000000000e-01
-2.812500000000000000e-01
1.767578125000000000e-01
-6.158447265625000000e-02
-1.281738281250000000e-01
-4.965209960937500000e-02
2.388000488281250000e-02
1.822509765625000000e-01
1.176147460937500000e-01
1.063232421875000000e-01
9.576416015625000000e-02
-1.632690429687500000e-02
7.415771484375000000e-02
-6.927490234375000000e-02
8.911132812500000000e-02
4.833221435546875000e-03
1.376953125000000000e-01
-2.470703125000000000e-01
-4.365234375000000000e-01
6.262207031250000000e-02
3.334960937500000000e-01
2.766113281250000000e-01
2.261962890625000000e-01
2.795410156250000000e-01
1.885986328125000000e-01
1.571044921875000000e-01
-1.286621093750000000e-01
-1.940917968750000000e-01
-3.388671875000000000e-01
-2.521972656250000000e-01
4.426269531250000000e-01
-2.644348144531250000e-02
-5.535125732421875000e-03
3.601074218750000000e-02
-2.735900878906250000e-02
-1.776123046875000000e-02
2.624511718750000000e-01
1.160278320312500000e-01
2.902832031250000000e-01
-5.683593750000000000e-01
-3.095703125000000000e-01
-9.057617187500000000e-02
-1.001586914062500000e-01
-4.953002929687500000e-02
8.367919921875000000e-02
2.056884765625000000e-01
4.177246093750000000e-01
-3.200683593750000000e-01
9.466552734375000000e-02
1.979827880859375000e-03
-1.474380493164062500e-03
6.430664062500000000e-01
-2.731933593750000000e-01
3.536987304687500000e-02
6.433105468750000000e-02
-6.445312500000000000e-02
-4.360351562500000000e-01
-1.169433593750000000e-01
-1.687011718750000000e-01
-3.374023437500000000e-01
3.876953125000000000e-01
6.347656250000000000e-02
-1.085815429687500000e-01
-1.851806640625000000e-01
-3.350830078125000000e-02
6.343841552734375000e-03
1.056671142578125000e-02
-2.347412109375000000e-01
-3.894042968750000000e-01
-3.508300781250000000e-01
