4.289550781250000000e-01
-4.867553710937500000e-02
1.452636718750000000e-01
-2.949523925781250000e-02
-1.848144531250000000e-01
-3.637695312500000000e-02
-2.514648437500000000e-01
-9.990234375000000000e-01
-4.946899414062500000e-02
-6.179809570312500000e-02
1.217041015625000000e-01
-9.960937500000000000e-02
1.528320312500000000e-01
-1.491699218750000000e-01
-1.026000976562500000e-01
8.752441406250000000e-02
1.687011718750000000e-01
3.112792968750000000e-02
-1.765136718750000000e-01
-2.878417968750000000e-01
5.263671875000000000e-01
5.561523437500000000e-01
1.672363281250000000e-01
5.288696289062500000e-02
-1.665039062500000000e-01
-2.827148437500000000e-01
-1.545410156250000000e-01
1.562500000000000000e-02
3.326416015625000000e-02
1.340332031250000000e-01
-9.423828125000000000e-02
-2.296142578125000000e-01
9.552001953125000000e-02
-2.440185546875000000e-01
-4.899902343750000000e-01
5.239257812500000000e-01
-8.312988281250000000e-02
4.499511718750000000e-01
4.238891601562500000e-02
1.189575195312500000e-01
1.986083984375000000e-01
-1.806640625000000000e-01
-1.616210937500000000e-01
1.392822265625000000e-01
2.469482421875000000e-01
2.303466796875000000e-01
1.170043945312500000e-01
2.412414550781250000e-02
2.006835937500000000e-01
3.610229492187500000e-02
8.703613281250000000e-02
-5.083007812500000000e-01
4.714355468750000000e-01
-3.757324218750000000e-01
-3.890991210937500000e-02
-2.404785156250000000e-02
3.210449218750000000e-01
4.925537109375000000e-02
-4.229736328125000000e-02
-2.369384765625000000e-01
3.247070312500000000e-01
-1.921386718750000000e-01
5.520629882812500000e-02
-1.857910156250000000e-01
5.603027343750000000e-02
-6.157226562500000000e-01
2.885742187500000000e-01
-7.794189453125000000e-02
-1.779785156250000000e-01
-4.172363281250000000e-01
3.259277343750000000e-01
-5.328369140625000000e-02
-3.759765625000000000e-01
1.634521484375000000e-01
3.872070312500000000e-01
-2.382812500000000000e-01
-1.549072265625000000e-01
1.536865234375000000e-01
2.030029296875000000e-01
-4.785156250000000000e-01
7.043457031250000000e-02
-1.801757812500000000e-01
-1.701660156250000000e-01
2.481689453125000000e-01
3.472900390625000000e-02
-6.250000000000000000e-02
1.499023437500000000e-01
3.554687500000000000e-01
2.398681640625000000e-01
1.336669921875000000e-01
-2.335205078125000000e-01
-1.589355468750000000e-01
-1.405273437500000000e+00
4.008789062500000000e-01
1.342773437500000000e-01
3.229980468750000000e-01
-3.334960937500000000e-01
1.595458984375000000e-01
8.947753906250000000e-02
-1.883544921875000000e-01
7.965087890625000000e-02
9.020996093750000000e-02
4.194335937500000000e-01
-9.454345703125000000e-02
-3.471679687500000000e-01
5.059814453125000000e-02
1.007080078125000000e-01
1.165771484375000000e-01
-2.778320312500000000e-01
-5.122070312500000000e-01
6.524658203125000000e-02
-1.715087890625000000e-01
-9.613037109375000000e-02
-2.574157714843750000e-02
2.126464843750000000e-01
-3.596191406250000000e-01
1.007080078125000000e-01
8.935546875000000000e-02
-3.830566406250000000e-01
8.197021484375000000e-02
4.660644531250000000e-01
-2.410888671875000000e-01
1.669921875000000000e-01
2.656250000000000000e-01
-2.739257812500000000e-01
2.237548828125000000e-01
1.004028320312500000e-01
-3.771972656250000000e-02
1.914062500000000000e-01
3.950195312500000000e-01
-1.263427734375000000e-01
-9.283447265625000000e-02
-3.933715820312500000e-02
5.156250000000000000e+00
-2.071533203125000000e-01
-1.174316406250000000e-01
-2.233886718750000000e-01
-3.806152343750000000e-01
1.749267578125000000e-01
2.946777343750000000e-01
2.897644042968750000e-02
-1.046752929687500000e-01
-6.324768066406250000e-03
1.268310546875000000e-01
-2.320556640625000000e-01
-3.261718750000000000e-01
9.057617187500000000e-02
2.668380737304687500e-03
-2.108154296875000000e-01
-2.680664062500000000e-01
2.331542968750000000e-01
-2.858886718750000000e-01
3.015136718750000000e-01
1.843261718750000000e-01
8.099365234375000000e-02
3.962402343750000000e-01
3.532714843750000000e-01
3.623046875000000000e-01
1.636962890625000000e-01
1.701660156250000000e-01
1.401367187500000000e-01
5.081176757812500000e-02
2.120361328125000000e-01
3.078613281250000000e-01
-6.896972656250000000e-02
-1.372070312500000000e-01
3.388671875000000000e-01
-2.968750000000000000e-01
-1.256103515625000000e-01
3.349609375000000000e-01
2.104492187500000000e-01
7.226562500000000000e-02
-3.518066406250000000e-01
6.489753723144531250e-04
-4.501953125000000000e-01
-4.678344726562500000e-02
-6.939697265625000000e-02
-7.336425781250000000e-02
4.235839843750000000e-01
-2.194824218750000000e-01
1.425781250000000000e-01
1.605224609375000000e-01
4.321289062500000000e-02
-1.606445312500000000e-01
2.497558593750000000e-01
-5.209960937500000000e-01
3.054199218750000000e-01
-8.612060546875000000e-02
-1.188354492187500000e-01
-3.152465820312500000e-02
1.560058593750000000e-01
-1.217041015625000000e-01
-5.151367187500000000e-01
2.561035156250000000e-01
-3.752441406250000000e-01
-2.301931381225585938e-04
-1.192626953125000000e-01
4.047851562500000000e-01
1.739501953125000000e-01
2.336120605468750000e-02
-1.111450195312500000e-01
2.595901489257812500e-03
2.690429687500000000e-01
8.691406250000000000e-02
-1.248168945312500000e-01
-1.755371093750000000e-01
6.000976562500000000e-01
4.211425781250000000e-02
-1.600341796875000000e-01
-2.474365234375000000e-01
2.165527343750000000e-01
2.132568359375000000e-01
-7.019042968750000000e-02
1.358642578125000000e-01
-2.197265625000000000e-02
-6.536865234375000000e-02
3.913574218750000000e-01
-4.321289062500000000e-01
6.942749023437500000e-04
-1.749267578125000000e-01
-1.525115966796875000e-02
1.502685546875000000e-01
-2.463378906250000000e-01
-2.458496093750000000e-01
1.610107421875000000e-01
2.905273437500000000e-01
5.682373046875000000e-02
-1.820068359375000000e-01
-1.888427734375000000e-01
-2.027587890625000000e-01
2.219238281250000000e-01
-3.479003906250000000e-01
1.696777343750000000e-01
3.326416015625000000e-02
1.625976562500000000e-01
1.606750488281250000e-02
-1.872558593750000000e-01
6.568908691406250000e-03
6.240844726562500000e-02
-1.063842773437500000e-01
2.814941406250000000e-01
3.220214843750000000e-01
2.233886718750000000e-02
-1.104125976562500000e-01
-4.396972656250000000e-01
-2.117919921875000000e-01
-3.637695312500000000e-02
-2.258300781250000000e-01
-8.062744140625000000e-02
-1.115722656250000000e-01
8.831787109375000000e-02
6.420898437500000000e-01
-1.356506347656250000e-02
3.940429687500000000e-01
-1.876220703125000000e-01
4.311523437500000000e-01
9.307861328125000000e-02
-5.953979492187500000e-02
2.812500000000000000e-01
3.635253906250000000e-01
1.492309570312500000e-02
2.634277343750000000e-01
-6.835937500000000000e-01
-2.697753906250000000e-01
-4.367675781250000000e-01
-4.802246093750000000e-01
-1.223754882812500000e-01
-1.024169921875000000e-01
-2.252197265625000000e-01
-4.011230468750000000e-01
-1.812744140625000000e-01
4.030761718750000000e-01
2.575683593750000000e-01
-1.328125000000000000e-01
-2.885742187500000000e-01
-2.170410156250000000e-01
8.041381835937500000e-03
1.677246093750000000e-01
3.132324218750000000e-01
2.128906250000000000e-01
4.072265625000000000e-01
4.949951171875000000e-02
-1.286621093750000000e-01
1.837158203125000000e-01
-3.981933593750000000e-01
-1.221923828125000000e-01
1.027832031250000000e-01
3.515625000000000000e-01
4.855957031250000000e-01
-5.024414062500000000e-01
-5.317687988281250000e-03
1.660156250000000000e-02
-2.091064453125000000e-01
1.787109375000000000e-01
1.567382812500000000e-01
4.157714843750000000e-01
-6.206054687500000000e-01
-4.584960937500000000e-01
-8.966064453125000000e-02
2.592773437500000000e-01
1.334228515625000000e-01
-7.016601562500000000e-01
-3.506469726562500000e-02
3.864746093750000000e-01
3.225708007812500000e-02
-6.262207031250000000e-02
6.835937500000000000e-02
-1.252441406250000000e-01
-1.330566406250000000e-01
-2.845764160156250000e-02
4.533691406250000000e-01
3.585815429687500000e-02
5.156250000000000000e+00
1.561279296875000000e-01
-1.139526367187500000e-01
7.638931274414062500e-04
4.533691406250000000e-01
-2.736816406250000000e-01
-1.071166992187500000e-01
1.142578125000000000e-01
5.551757812500000000e-01
3.715820312500000000e-01
9.313964843750000000e-02
-1.967773437500000000e-01
2.523803710937500000e-02
-8.148193359375000000e-02
2.622070312500000000e-01
1.706542968750000000e-01
1.680908203125000000e-01
-2.121093750000000000e+00
-1.484375000000000000e-01
1.556396484375000000e-01
-2.371826171875000000e-01
-4.414062500000000000e-01
3.482055664062500000e-02
-7.631835937500000000e-01
3.314208984375000000e-02
-3.798828125000000000e-01
1.270751953125000000e-01
1.603698730468750000e-02
2.231445312500000000e-01
1.518554687500000000e-01
3.232421875000000000e-01
-1.474609375000000000e-01
1.539306640625000000e-01
1.281738281250000000e-01
2.150878906250000000e-01
8.956909179687500000e-03
-1.072387695312500000e-01
-2.695312500000000000e-01
-3.417968750000000000e-02
-7.281494140625000000e-02
1.152343750000000000e-01
-2.695312500000000000e-01
-5.056762695312500000e-02
6.304931640625000000e-02
5.058593750000000000e-01
1.416015625000000000e-01
-2.707519531250000000e-01
-2.065429687500000000e-01
1.951904296875000000e-01
1.036376953125000000e-01
3.386230468750000000e-01
-3.784179687500000000e-02
-9.567260742187500000e-03
-5.700683593750000000e-02
-3.310546875000000000e-01
4.804687500000000000e-01
-2.410888671875000000e-01
1.002197265625000000e-01
-1.815185546875000000e-01
1.815185546875000000e-01
5.313110351562500000e-02
8.435058593750000000e-02
-1.754150390625000000e-01
-2.290039062500000000e-01
-1.234741210937500000e-01
3.349609375000000000e-01
-9.796142578125000000e-02
-3.154296875000000000e-01
-4.336547851562500000e-02
5.390625000000000000e-01
-1.100158691406250000e-02
-1.635742187500000000e-02
-3.200683593750000000e-01
-1.766357421875000000e-01
-8.508300781250000000e-02
4.570312500000000000e-01
3.143310546875000000e-02
-1.354980468750000000e-01
-5.405273437500000000e-01
1.765136718750000000e-01
-2.005615234375000000e-01
1.913452148437500000e-02
6.921386718750000000e-02
-2.783203125000000000e-02
3.759765625000000000e-01
1.583251953125000000e-01
3.237915039062500000e-02
-3.845214843750000000e-02
1.696777343750000000e-01
-3.961181640625000000e-02
-1.425781250000000000e-01
-8.898925781250000000e-02
-2.304687500000000000e-01
-5.532836914062500000e-02
8.715820312500000000e-02
3.332519531250000000e-01
6.152343750000000000e-01
-1.846923828125000000e-01
2.233886718750000000e-01
-3.134765625000000000e-01
1.892089843750000000e-01
-5.969238281250000000e-02
-2.673339843750000000e-01
-2.836914062500000000e-01
-1.022338867187500000e-02
-1.260986328125000000e-01
-3.192138671875000000e-02
2.130126953125000000e-01
1.741943359375000000e-01
-9.686279296875000000e-02
5.732421875000000000e-01
-4.177246093750000000e-01
3.561401367187500000e-02
-4.238281250000000000e-01
-1.593017578125000000e-01
-1.441650390625000000e-01
1.019897460937500000e-01
6.292724609375000000e-02
-4.624023437500000000e-01
-2.570800781250000000e-01
-3.024902343750000000e-01
1.190795898437500000e-01
6.039428710937500000e-02
-4.428710937500000000e-01
-1.292724609375000000e-01
-1.376953125000000000e-01
5.334472656250000000e-02
-2.656250000000000000e-01
-3.452148437500000000e-01
-2.242431640625000000e-01
-8.374023437500000000e-02
-3.540039062500000000e-01
1.459960937500000000e-01
3.937988281250000000e-01
-1.678466796875000000e-01
-5.107421875000000000e-01
-1.943359375000000000e-01
7.558593750000000000e-01
4.514160156250000000e-01
-7.153320312500000000e-02
-1.479492187500000000e-01
6.835937500000000000e-02
-2.461242675781250000e-02
-2.707519531250000000e-01
4.790039062500000000e-01
-1.380615234375000000e-01
3.312988281250000000e-01
-6.049804687500000000e-01
2.836914062500000000e-01
9.155273437500000000e-03
1.094360351562500000e-01
1.457977294921875000e-02
-1.573486328125000000e-01
-3.613281250000000000e-02
2.548828125000000000e-01
1.024627685546875000e-02
-3.581542968750000000e-01
2.369384765625000000e-01
1.092529296875000000e-01
2.648925781250000000e-01
-1.179504394531250000e-02
-4.821777343750000000e-02
1.162719726562500000e-01
2.885742187500000000e-01
6.262207031250000000e-02
3.037109375000000000e-01
-1.834716796875000000e-01
-2.586364746093750000e-02
2.912597656250000000e-01
-4.287109375000000000e-01
1.420898437500000000e-01
5.227661132812500000e-02
-2.834472656250000000e-01
2.170410156250000000e-01
4.655761718750000000e-01
8.361816406250000000e-02
3.247070312500000000e-01
-2.316894531250000000e-01
-1.870117187500000000e-01
2.109375000000000000e-01
2.880859375000000000e-02
7.714843750000000000e-01
1.215820312500000000e-01
-2.041015625000000000e-01
2.044677734375000000e-01
1.104736328125000000e-01
-1.216430664062500000e-01
9.539794921875000000e-02
1.131439208984375000e-02
-2.500000000000000000e-01
2.131347656250000000e-01
1.876220703125000000e-01
1.992187500000000000e-01
-5.725860595703125000e-03
3.144531250000000000e-01
-1.351318359375000000e-01
-1.945800781250000000e-01
-2.687988281250000000e-01
2.607421875000000000e-01
2.075195312500000000e-01
