-1.207885742187500000e-01
-2.329101562500000000e-01
-5.285644531250000000e-02
2.849121093750000000e-01
1.968994140625000000e-01
5.195312500000000000e-01
-3.256835937500000000e-01
-9.482421875000000000e-01
-3.125000000000000000e-01
-4.281616210937500000e-02
5.566406250000000000e-01
8.734130859375000000e-02
1.575927734375000000e-01
8.142089843750000000e-02
2.210693359375000000e-01
1.704406738281250000e-02
-2.246093750000000000e-02
-1.577148437500000000e-01
-4.787597656250000000e-01
-4.894256591796875000e-03
2.048339843750000000e-01
2.348632812500000000e-01
1.934814453125000000e-01
7.727050781250000000e-02
-8.160400390625000000e-02
8.972167968750000000e-02
-4.934082031250000000e-01
1.588134765625000000e-01
3.778076171875000000e-02
2.464599609375000000e-01
-2.685546875000000000e-01
-8.935546875000000000e-02
-1.172485351562500000e-01
1.577148437500000000e-01
-4.125976562500000000e-01
8.404541015625000000e-02
1.920166015625000000e-01
-1.409912109375000000e-01
1.154174804687500000e-01
-2.957153320312500000e-02
4.072265625000000000e-01
9.436035156250000000e-02
-6.842041015625000000e-02
-4.956054687500000000e-01
-1.319580078125000000e-01
2.282714843750000000e-01
5.878448486328125000e-03
2.548828125000000000e-01
-4.409790039062500000e-03
2.206420898437500000e-02
3.532714843750000000e-01
-5.058593750000000000e-01
3.513183593750000000e-01
6.732177734375000000e-02
-3.259277343750000000e-01
-8.581542968750000000e-02
2.453613281250000000e-01
-2.590332031250000000e-01
-3.632812500000000000e-01
-7.574462890625000000e-02
6.671142578125000000e-02
4.187011718750000000e-02
-5.670166015625000000e-02
-7.519531250000000000e-02
-4.229736328125000000e-02
-3.921508789062500000e-02
-2.624511718750000000e-02
2.203369140625000000e-01
-3.964843750000000000e-01
1.791992187500000000e-01
-6.100463867187500000e-02
-6.806640625000000000e-01
5.548095703125000000e-02
7.275390625000000000e-02
2.169189453125000000e-01
-4.531250000000000000e-01
-7.690429687500000000e-03
-2.532958984375000000e-02
6.634521484375000000e-02
-1.325683593750000000e-01
-3.391113281250000000e-01
-5.415039062500000000e-01
-1.979980468750000000e-01
1.975097656250000000e-01
-7.793426513671875000e-03
-2.990722656250000000e-01
2.120361328125000000e-01
-4.843750000000000000e-01
-4.042968750000000000e-01
-3.032226562500000000e-01
-6.106567382812500000e-02
2.963867187500000000e-01
-1.484375000000000000e+00
2.668457031250000000e-01
-3.557128906250000000e-01
-4.432678222656250000e-03
2.587890625000000000e-01
4.179687500000000000e-01
2.347412109375000000e-01
-7.568359375000000000e-03
4.233398437500000000e-01
1.728515625000000000e-01
4.272460937500000000e-01
-4.696655273437500000e-02
-9.149169921875000000e-02
1.998291015625000000e-01
4.085540771484375000e-03
-1.759033203125000000e-01
1.413574218750000000e-01
-7.043457031250000000e-02
6.652832031250000000e-02
1.734619140625000000e-01
1.763916015625000000e-01
-4.790039062500000000e-01
-6.320953369140625000e-03
-1.171875000000000000e-01
1.817626953125000000e-01
1.669921875000000000e-01
-2.369384765625000000e-01
1.767578125000000000e-01
-3.887939453125000000e-02
-5.244140625000000000e-01
-1.328125000000000000e-01
-4.194335937500000000e-01
6.015625000000000000e-01
-6.675720214843750000e-03
-6.106567382812500000e-02
-2.368164062500000000e-01
3.071594238281250000e-02
2.832031250000000000e-01
2.182006835937500000e-02
7.308959960937500000e-03
8.319091796875000000e-02
5.269531250000000000e+00
1.346588134765625000e-02
-1.497802734375000000e-01
-1.813964843750000000e-01
-2.824707031250000000e-01
-8.929443359375000000e-02
-4.680175781250000000e-01
1.936035156250000000e-01
-4.785156250000000000e-02
-1.012573242187500000e-01
1.506347656250000000e-01
-6.616210937500000000e-02
3.154296875000000000e-01
1.694335937500000000e-01
-3.329467773437500000e-02
1.877441406250000000e-01
2.604675292968750000e-02
-2.543945312500000000e-01
-1.223754882812500000e-01
7.336425781250000000e-02
2.946777343750000000e-01
-1.270751953125000000e-01
-1.606445312500000000e-01
-2.951660156250000000e-01
2.203369140625000000e-01
-2.133789062500000000e-01
4.313964843750000000e-01
-9.808349609375000000e-02
1.397705078125000000e-01
-1.900634765625000000e-01
2.788085937500000000e-01
-1.094970703125000000e-01
5.386352539062500000e-02
2.849121093750000000e-01
-2.095947265625000000e-01
2.377929687500000000e-01
-1.205444335937500000e-01
1.993408203125000000e-01
-1.538085937500000000e-01
-3.274536132812500000e-02
1.408691406250000000e-01
-3.683471679687500000e-02
1.481933593750000000e-01
1.640625000000000000e-01
1.159667968750000000e-01
3.630371093750000000e-01
1.297607421875000000e-01
1.909179687500000000e-01
-2.252197265625000000e-01
-2.790527343750000000e-01
-3.630371093750000000e-01
5.462646484375000000e-02
-2.496337890625000000e-01
5.170898437500000000e-01
-4.050292968750000000e-01
1.427001953125000000e-01
9.875488281250000000e-02
3.374023437500000000e-01
2.043457031250000000e-01
-1.505126953125000000e-01
4.365234375000000000e-01
-1.112060546875000000e-01
1.553955078125000000e-01
-9.136962890625000000e-02
5.302734375000000000e-01
-1.395263671875000000e-01
-3.027343750000000000e-01
1.083374023437500000e-01
-1.022338867187500000e-02
1.018066406250000000e-01
3.513183593750000000e-01
-1.299858093261718750e-03
1.168212890625000000e-01
-1.805419921875000000e-01
-3.952636718750000000e-01
-2.054443359375000000e-01
-1.650390625000000000e-01
4.121093750000000000e-01
2.167968750000000000e-01
1.032104492187500000e-01
7.244873046875000000e-02
1.528320312500000000e-01
3.276367187500000000e-01
-2.052001953125000000e-01
-3.530883789062500000e-02
-1.773681640625000000e-01
-3.891601562500000000e-01
-1.022338867187500000e-01
-2.927246093750000000e-01
-5.058593750000000000e-01
-2.626953125000000000e-01
3.518066406250000000e-01
1.308593750000000000e-01
-1.866455078125000000e-01
4.827880859375000000e-02
-1.681518554687500000e-02
1.325683593750000000e-01
-8.003234863281250000e-03
5.868530273437500000e-02
9.558105468750000000e-02
8.129882812500000000e-02
-3.988647460937500000e-02
2.210693359375000000e-01
2.353515625000000000e-01
4.385375976562500000e-02
1.171264648437500000e-01
7.415771484375000000e-02
2.738952636718750000e-03
-2.957153320312500000e-02
-1.583862304687500000e-02
2.639160156250000000e-01
2.253417968750000000e-01
-2.351379394531250000e-02
-1.407470703125000000e-01
-3.344726562500000000e-02
2.218627929687500000e-02
4.959106445312500000e-02
-4.130859375000000000e-01
-5.136718750000000000e-01
6.216430664062500000e-02
4.042968750000000000e-01
-1.286315917968750000e-02
-1.579589843750000000e-01
9.197998046875000000e-02
4.165039062500000000e-01
-1.313476562500000000e-01
-5.483398437500000000e-01
4.023437500000000000e-01
3.833007812500000000e-01
-5.126953125000000000e-02
-8.645057678222656250e-04
6.567382812500000000e-02
1.529541015625000000e-01
2.526855468750000000e-01
-9.478759765625000000e-02
2.978515625000000000e-01
5.058593750000000000e-01
-1.518249511718750000e-03
-1.018676757812500000e-01
2.103271484375000000e-01
2.722167968750000000e-01
-5.571289062500000000e-01
2.033996582031250000e-02
-1.660346984863281250e-03
1.105346679687500000e-01
2.430725097656250000e-02
1.047973632812500000e-01
5.957031250000000000e-01
-1.297607421875000000e-01
-8.355712890625000000e-02
-6.250000000000000000e-02
-5.263671875000000000e-01
2.578125000000000000e-01
1.286621093750000000e-01
-2.175292968750000000e-01
-3.134155273437500000e-02
1.245727539062500000e-01
9.643554687500000000e-02
-1.175537109375000000e-01
1.746826171875000000e-01
4.226684570312500000e-02
-2.449951171875000000e-01
3.977050781250000000e-01
-4.113769531250000000e-01
-2.410888671875000000e-01
2.474365234375000000e-01
-8.300781250000000000e-02
-2.463378906250000000e-01
-1.589355468750000000e-01
-1.961669921875000000e-01
-2.346191406250000000e-01
1.127319335937500000e-01
-2.577209472656250000e-02
-1.267089843750000000e-01
-1.519775390625000000e-01
-2.829589843750000000e-01
5.166625976562500000e-02
-1.878662109375000000e-01
1.942138671875000000e-01
5.265625000000000000e+00
3.256835937500000000e-01
-2.512207031250000000e-01
-2.797851562500000000e-01
5.511474609375000000e-02
-7.757568359375000000e-02
4.062500000000000000e-01
4.257202148437500000e-03
5.590820312500000000e-01
3.654785156250000000e-01
4.362792968750000000e-01
-2.261962890625000000e-01
-1.038818359375000000e-01
-2.897949218750000000e-01
2.158203125000000000e-01
2.476806640625000000e-01
2.264404296875000000e-01
-2.031250000000000000e+00
4.648437500000000000e-01
1.522216796875000000e-01
4.489135742187500000e-02
-2.404785156250000000e-01
1.274414062500000000e-01
5.698242187500000000e-01
1.683044433593750000e-02
-1.867675781250000000e-01
-1.043701171875000000e-01
-2.458190917968750000e-02
1.995849609375000000e-01
-2.081298828125000000e-01
2.271728515625000000e-01
-3.068542480468750000e-02
-1.260986328125000000e-01
-2.136230468750000000e-01
3.387451171875000000e-03
2.905273437500000000e-01
-2.172851562500000000e-01
1.556396484375000000e-01
-2.379150390625000000e-01
-2.661132812500000000e-01
7.403564453125000000e-02
-1.763916015625000000e-02
-3.411865234375000000e-02
-1.022338867187500000e-01
-1.707763671875000000e-01
2.484130859375000000e-01
-9.216308593750000000e-02
1.492919921875000000e-01
5.984497070312500000e-02
5.325317382812500000e-02
-3.056640625000000000e-01
-1.650390625000000000e-01
2.048339843750000000e-01
-6.860351562500000000e-02
8.648681640625000000e-02
1.193237304687500000e-01
-5.485534667968750000e-03
-1.408691406250000000e-01
-3.701782226562500000e-02
9.167480468750000000e-02
-2.213134765625000000e-01
1.220092773437500000e-01
-5.522460937500000000e-01
8.062744140625000000e-02
2.844238281250000000e-02
-3.608398437500000000e-01
-2.398681640625000000e-02
-3.776855468750000000e-01
1.717529296875000000e-01
2.052001953125000000e-01
-2.314453125000000000e-01
-2.486572265625000000e-01
1.636962890625000000e-01
-4.267578125000000000e-01
-9.124755859375000000e-02
-1.220092773437500000e-01
-2.871093750000000000e-01
2.147216796875000000e-01
-4.445800781250000000e-01
3.891601562500000000e-01
-2.336425781250000000e-01
-9.729003906250000000e-02
-1.490478515625000000e-01
1.931152343750000000e-01
1.107177734375000000e-01
-2.495117187500000000e-01
-5.024414062500000000e-01
2.749023437500000000e-01
-3.001403808593750000e-02
5.935668945312500000e-02
-7.606506347656250000e-03
4.506835937500000000e-01
-2.800292968750000000e-01
-3.715820312500000000e-01
2.553710937500000000e-01
-2.009277343750000000e-01
3.417968750000000000e-02
-1.625976562500000000e-01
1.577148437500000000e-01
-3.073730468750000000e-01
-9.869384765625000000e-02
-1.609802246093750000e-02
1.667480468750000000e-01
-3.930664062500000000e-01
-1.475830078125000000e-01
-2.822265625000000000e-01
1.040039062500000000e-01
1.628417968750000000e-01
-2.507324218750000000e-01
-4.199218750000000000e-02
1.406250000000000000e-01
-3.203125000000000000e-01
2.050781250000000000e-01
-1.374511718750000000e-01
7.543945312500000000e-02
-3.400878906250000000e-01
2.583007812500000000e-01
-8.856201171875000000e-02
7.159423828125000000e-02
-2.197265625000000000e-01
-4.675292968750000000e-02
1.071166992187500000e-01
-1.925048828125000000e-01
-2.687072753906250000e-02
-9.356689453125000000e-02
1.892089843750000000e-01
-1.435546875000000000e-01
-2.790527343750000000e-01
1.798095703125000000e-01
-1.944580078125000000e-01
-3.508300781250000000e-01
-2.568359375000000000e-01
5.343627929687500000e-02
3.718261718750000000e-01
-4.504394531250000000e-01
-1.571044921875000000e-01
6.182861328125000000e-02
5.273437500000000000e-01
-4.743652343750000000e-01
-2.932128906250000000e-01
-4.553222656250000000e-02
3.115844726562500000e-02
-1.686096191406250000e-02
-1.051635742187500000e-01
1.701660156250000000e-01
1.912841796875000000e-01
-1.282501220703125000e-02
-4.565429687500000000e-01
-2.342529296875000000e-01
1.073608398437500000e-01
3.525390625000000000e-01
9.613037109375000000e-02
4.404296875000000000e-01
8.752441406250000000e-02
-1.564941406250000000e-01
7.415771484375000000e-02
-1.602172851562500000e-02
-2.736816406250000000e-01
1.854248046875000000e-01
-8.526611328125000000e-02
3.588867187500000000e-02
-1.843261718750000000e-01
1.629638671875000000e-01
1.152954101562500000e-01
-2.934265136718750000e-02
-1.074829101562500000e-01
7.366943359375000000e-02
-2.927246093750000000e-01
-3.195800781250000000e-01
-6.035156250000000000e-01
2.263183593750000000e-01
-5.820312500000000000e-01
7.263183593750000000e-02
1.553955078125000000e-01
2.285156250000000000e-01
1.575927734375000000e-01
-7.879638671875000000e-02
1.971435546875000000e-02
7.934570312500000000e-02
1.330566406250000000e-01
-2.685546875000000000e-01
5.273437500000000000e-01
2.775878906250000000e-01
4.062500000000000000e-01
4.221191406250000000e-01
1.485595703125000000e-01
-2.420425415039062500e-03
2.949218750000000000e-01
-1.693115234375000000e-01
1.070556640625000000e-01
1.318359375000000000e-01
-1.654052734375000000e-02
1.530761718750000000e-01
-1.580810546875000000e-01
-2.761230468750000000e-01
2.523803710937500000e-02
-5.798339843750000000e-02
6.903076171875000000e-02
-3.889160156250000000e-01
-4.727172851562500000e-02
