2.492675781250000000e-01
-1.357421875000000000e-01
3.851318359375000000e-02
-1.762695312500000000e-01
-8.428955078125000000e-02
1.637268066406250000e-02
-2.255859375000000000e-01
-1.121093750000000000e+00
-9.143066406250000000e-02
-7.263183593750000000e-02
2.697753906250000000e-01
1.795654296875000000e-01
2.156982421875000000e-01
-1.036376953125000000e-01
-9.567260742187500000e-03
1.059570312500000000e-01
1.442871093750000000e-01
-4.360351562500000000e-01
-2.212524414062500000e-02
1.057624816894531250e-03
1.582031250000000000e-01
6.704101562500000000e-01
8.770751953125000000e-02
3.637695312500000000e-01
-1.199951171875000000e-01
5.205078125000000000e-01
-2.834472656250000000e-01
5.758666992187500000e-02
-1.817626953125000000e-01
8.227539062500000000e-02
-1.016845703125000000e-01
-1.680908203125000000e-01
1.818847656250000000e-01
-5.447387695312500000e-03
-2.279052734375000000e-01
4.122924804687500000e-02
3.554687500000000000e-01
2.371826171875000000e-01
-1.995849609375000000e-02
1.632690429687500000e-02
-2.087402343750000000e-01
3.024902343750000000e-01
2.158203125000000000e-01
-1.628417968750000000e-01
7.897949218750000000e-02
2.631835937500000000e-01
2.504882812500000000e-01
1.865234375000000000e-01
2.722167968750000000e-01
-1.627197265625000000e-01
-1.729736328125000000e-01
-2.341308593750000000e-01
4.694824218750000000e-01
-1.115722656250000000e-01
1.092529296875000000e-01
6.976318359375000000e-02
-2.509765625000000000e-01
3.805541992187500000e-02
-6.054687500000000000e-02
3.520507812500000000e-01
2.829589843750000000e-01
6.347656250000000000e-02
-2.235107421875000000e-01
-3.803710937500000000e-01
9.893798828125000000e-02
2.458496093750000000e-01
2.207031250000000000e-01
3.977050781250000000e-01
-3.342285156250000000e-01
-2.220458984375000000e-01
7.983398437500000000e-02
-2.915039062500000000e-01
-2.342529296875000000e-01
3.305664062500000000e-01
8.666992187500000000e-02
-3.872070312500000000e-01
2.236328125000000000e-01
-3.339843750000000000e-01
-4.367065429687500000e-02
-3.034667968750000000e-01
-3.405761718750000000e-01
1.083374023437500000e-02
4.179687500000000000e-01
-2.513122558593750000e-02
-1.541748046875000000e-01
-8.294677734375000000e-02
1.380157470703125000e-02
-6.256103515625000000e-02
-4.550781250000000000e-01
2.983398437500000000e-01
-7.031250000000000000e-02
-3.278808593750000000e-01
-1.499023437500000000e+00
3.903808593750000000e-01
-1.078491210937500000e-01
1.300048828125000000e-01
-3.059082031250000000e-01
-5.148315429687500000e-02
1.030273437500000000e-01
-3.967285156250000000e-01
3.314208984375000000e-02
1.433105468750000000e-01
-2.037048339843750000e-02
4.997253417968750000e-03
1.149291992187500000e-01
3.159179687500000000e-01
2.139892578125000000e-01
-3.703613281250000000e-01
9.508132934570312500e-04
-2.142333984375000000e-01
-8.496093750000000000e-02
2.225341796875000000e-01
1.105346679687500000e-01
-2.600097656250000000e-01
2.839355468750000000e-01
-2.431640625000000000e-01
-2.517089843750000000e-01
9.704589843750000000e-02
6.506347656250000000e-02
6.646728515625000000e-02
1.354980468750000000e-01
-2.159423828125000000e-01
1.387939453125000000e-01
1.745605468750000000e-01
3.417968750000000000e-02
-7.739257812500000000e-02
3.232421875000000000e-01
-1.284179687500000000e-01
1.618652343750000000e-01
2.373046875000000000e-01
1.585693359375000000e-01
1.244506835937500000e-01
-5.966186523437500000e-02
5.710937500000000000e+00
-3.828125000000000000e-01
-1.669311523437500000e-02
-1.386260986328125000e-02
-1.510009765625000000e-01
1.868896484375000000e-01
1.162109375000000000e-01
1.269531250000000000e-01
8.117675781250000000e-02
-7.751464843750000000e-02
4.704589843750000000e-01
1.414794921875000000e-01
8.068847656250000000e-02
-1.096343994140625000e-02
-7.408142089843750000e-03
5.869140625000000000e-01
-1.141357421875000000e-01
1.383056640625000000e-01
1.960754394531250000e-02
8.996582031250000000e-02
3.291015625000000000e-01
-2.003479003906250000e-02
9.210205078125000000e-02
2.543945312500000000e-01
-1.778564453125000000e-01
-1.141967773437500000e-01
3.537597656250000000e-01
-2.841796875000000000e-01
-4.570312500000000000e-01
1.634521484375000000e-01
1.500244140625000000e-01
2.971649169921875000e-03
-2.651367187500000000e-01
1.323242187500000000e-01
-2.717285156250000000e-01
5.449218750000000000e-01
-7.525634765625000000e-02
2.273559570312500000e-02
1.979980468750000000e-01
2.507324218750000000e-01
3.604125976562500000e-02
-1.712646484375000000e-01
-1.265869140625000000e-01
-1.000366210937500000e-01
3.027343750000000000e-01
-3.928222656250000000e-01
-5.270385742187500000e-02
1.932373046875000000e-01
5.781250000000000000e-01
-1.195678710937500000e-01
-1.391601562500000000e-01
-1.420593261718750000e-02
-2.432861328125000000e-01
6.542968750000000000e-01
3.903198242187500000e-02
5.004882812500000000e-01
-2.181396484375000000e-01
5.585937500000000000e-01
3.041992187500000000e-01
-3.896484375000000000e-01
-7.648468017578125000e-03
-1.917724609375000000e-01
1.049194335937500000e-01
-6.010742187500000000e-01
3.393554687500000000e-01
8.001708984375000000e-02
-1.145629882812500000e-01
9.350585937500000000e-02
-1.583251953125000000e-01
1.238403320312500000e-01
7.104492187500000000e-02
-6.262207031250000000e-02
3.286743164062500000e-02
2.189941406250000000e-01
3.491210937500000000e-02
-3.085937500000000000e-01
-1.601562500000000000e-01
5.146484375000000000e-01
4.062500000000000000e-01
-4.577636718750000000e-02
2.095947265625000000e-01
8.270263671875000000e-02
1.673583984375000000e-01
2.059326171875000000e-01
-3.610839843750000000e-01
-3.381347656250000000e-02
-2.847290039062500000e-02
1.932144165039062500e-03
-1.702880859375000000e-01
-3.630371093750000000e-01
-2.692871093750000000e-01
3.903808593750000000e-01
-1.280517578125000000e-01
-1.018524169921875000e-02
1.012573242187500000e-01
2.832031250000000000e-01
-3.740234375000000000e-01
1.286621093750000000e-01
9.008789062500000000e-02
-2.272033691406250000e-02
-1.538085937500000000e-02
-6.127929687500000000e-02
-4.226074218750000000e-01
2.614746093750000000e-01
-2.805175781250000000e-01
1.916503906250000000e-01
-1.058959960937500000e-01
-1.563720703125000000e-01
3.549804687500000000e-01
1.179809570312500000e-01
-1.369628906250000000e-01
1.281738281250000000e-01
-1.541748046875000000e-01
-1.940917968750000000e-02
7.635498046875000000e-02
6.124877929687500000e-02
1.282501220703125000e-02
-1.218261718750000000e-01
-3.408813476562500000e-02
-2.071533203125000000e-01
1.210937500000000000e-01
1.262207031250000000e-01
3.012695312500000000e-01
-4.309082031250000000e-02
-3.664550781250000000e-01
2.468872070312500000e-02
-8.715820312500000000e-02
-7.739257812500000000e-02
-1.284179687500000000e-01
-1.999511718750000000e-01
-8.227539062500000000e-02
5.340576171875000000e-02
-1.681518554687500000e-02
3.991699218750000000e-02
4.452514648437500000e-02
8.453369140625000000e-02
-1.474609375000000000e-01
-4.309082031250000000e-02
-2.956542968750000000e-01
2.651367187500000000e-01
2.624511718750000000e-01
-7.470703125000000000e-02
-2.736816406250000000e-01
2.351379394531250000e-02
9.234619140625000000e-02
2.369384765625000000e-01
-3.032226562500000000e-01
3.371582031250000000e-01
3.593750000000000000e-01
3.610839843750000000e-01
3.253173828125000000e-02
-4.929199218750000000e-01
1.822509765625000000e-01
2.839355468750000000e-01
-4.755859375000000000e-01
6.915283203125000000e-02
-1.274414062500000000e-01
-3.427124023437500000e-02
2.143554687500000000e-01
2.152099609375000000e-01
6.353759765625000000e-02
1.594543457031250000e-02
8.310546875000000000e-01
-3.361816406250000000e-01
3.320312500000000000e-02
-9.478759765625000000e-02
9.527587890625000000e-02
-1.649169921875000000e-01
-3.498535156250000000e-01
-1.639366149902343750e-03
-4.431152343750000000e-02
-4.020690917968750000e-03
5.166625976562500000e-02
8.721923828125000000e-02
-4.982910156250000000e-01
-1.524658203125000000e-01
-2.617187500000000000e-01
1.434326171875000000e-01
3.615722656250000000e-01
5.707031250000000000e+00
3.669433593750000000e-01
-1.962890625000000000e-01
8.367919921875000000e-02
1.469726562500000000e-01
-2.663574218750000000e-01
1.954345703125000000e-01
-1.007690429687500000e-01
3.747558593750000000e-01
4.760742187500000000e-01
5.371093750000000000e-02
1.141967773437500000e-01
9.490966796875000000e-02
3.798828125000000000e-01
2.980957031250000000e-01
9.143066406250000000e-02
1.704101562500000000e-01
-2.019531250000000000e+00
7.573242187500000000e-01
-1.972656250000000000e-01
-1.739501953125000000e-02
-1.614990234375000000e-01
2.641601562500000000e-01
1.038208007812500000e-01
2.636718750000000000e-01
2.735900878906250000e-02
-2.352294921875000000e-01
2.500000000000000000e-01
2.227783203125000000e-01
-3.537597656250000000e-01
1.840209960937500000e-02
-4.619140625000000000e-01
-3.283691406250000000e-01
-2.397155761718750000e-02
1.146697998046875000e-02
3.242187500000000000e-01
1.239624023437500000e-01
5.041503906250000000e-02
4.440917968750000000e-01
-1.967773437500000000e-01
-1.930236816406250000e-02
-3.781738281250000000e-01
-1.324462890625000000e-02
3.890991210937500000e-02
2.442626953125000000e-01
4.279785156250000000e-01
1.739501953125000000e-01
4.582519531250000000e-01
-1.016845703125000000e-01
-3.451538085937500000e-02
-6.396484375000000000e-02
-9.124755859375000000e-02
1.711425781250000000e-01
-4.714355468750000000e-01
-2.094726562500000000e-01
1.483917236328125000e-02
4.458618164062500000e-02
-2.305908203125000000e-01
-6.945800781250000000e-02
9.881591796875000000e-02
2.177734375000000000e-01
2.061462402343750000e-02
-3.005371093750000000e-01
-1.006469726562500000e-01
-1.542968750000000000e-01
3.833007812500000000e-02
3.445434570312500000e-02
-2.781677246093750000e-02
-2.663574218750000000e-01
1.091308593750000000e-01
1.639404296875000000e-01
-3.063964843750000000e-01
1.453857421875000000e-01
-2.199707031250000000e-01
1.118469238281250000e-02
5.017089843750000000e-02
-1.342773437500000000e-01
-6.817626953125000000e-02
-5.952148437500000000e-01
6.469726562500000000e-01
-3.500976562500000000e-01
-1.655273437500000000e-01
2.198486328125000000e-01
-3.360748291015625000e-03
-1.561279296875000000e-01
7.160186767578125000e-03
-1.023559570312500000e-01
5.356445312500000000e-01
-3.002929687500000000e-02
-1.172485351562500000e-01
2.208251953125000000e-01
-2.722167968750000000e-01
-4.350585937500000000e-01
-2.387695312500000000e-01
2.648925781250000000e-01
-6.298828125000000000e-02
1.523437500000000000e-01
-5.319213867187500000e-02
5.756835937500000000e-01
1.202392578125000000e-02
1.666259765625000000e-01
2.258300781250000000e-01
2.347412109375000000e-01
5.599975585937500000e-02
-9.436035156250000000e-02
7.995605468750000000e-02
2.604980468750000000e-01
3.194808959960937500e-03
1.472167968750000000e-01
-1.313476562500000000e-01
-2.000732421875000000e-01
-4.960937500000000000e-01
1.175537109375000000e-01
-1.835937500000000000e-01
-1.614990234375000000e-01
-4.033203125000000000e-01
5.596923828125000000e-02
-7.141113281250000000e-02
2.019042968750000000e-01
-8.862304687500000000e-02
2.147216796875000000e-01
5.883789062500000000e-01
1.588134765625000000e-01
-3.784179687500000000e-01
-2.033691406250000000e-01
3.181152343750000000e-01
-1.680908203125000000e-01
2.348632812500000000e-01
-3.918457031250000000e-01
-5.923461914062500000e-02
-4.904785156250000000e-01
-3.200683593750000000e-01
7.171630859375000000e-02
1.356201171875000000e-01
2.468261718750000000e-01
-4.367675781250000000e-01
-2.363281250000000000e-01
1.794433593750000000e-01
1.298828125000000000e-01
3.820800781250000000e-02
-1.696777343750000000e-01
6.512451171875000000e-02
1.076049804687500000e-01
1.259765625000000000e-01
1.103973388671875000e-02
3.063964843750000000e-01
1.008300781250000000e-01
-2.763671875000000000e-01
1.023559570312500000e-01
2.888183593750000000e-01
2.941894531250000000e-01
1.354980468750000000e-01
5.400390625000000000e-01
-3.878784179687500000e-02
1.119384765625000000e-01
-1.396484375000000000e-01
-8.062744140625000000e-02
8.636474609375000000e-02
3.461914062500000000e-01
1.080322265625000000e-01
-1.351318359375000000e-01
-9.552001953125000000e-02
1.988220214843750000e-02
-4.125976562500000000e-02
-8.592605590820312500e-04
2.148437500000000000e-01
-4.150390625000000000e-02
-2.131347656250000000e-01
-3.034667968750000000e-01
-4.682617187500000000e-01
1.582031250000000000e-01
-1.827392578125000000e-01
-1.804199218750000000e-01
-2.380371093750000000e-01
-8.300781250000000000e-02
-8.666992187500000000e-02
8.496093750000000000e-02
3.393554687500000000e-02
3.972167968750000000e-01
3.945312500000000000e-01
-3.183593750000000000e-01
6.381835937500000000e-01
8.538818359375000000e-02
-5.526733398437500000e-02
2.147216796875000000e-01
3.193359375000000000e-01
-7.426757812500000000e-01
1.084594726562500000e-01
-1.425781250000000000e-01
1.271972656250000000e-01
-1.658630371093750000e-02
3.703613281250000000e-01
-1.274414062500000000e-01
-1.425781250000000000e-01
1.268768310546875000e-02
3.723144531250000000e-01
-4.111328125000000000e-01
2.469482421875000000e-01
1.646728515625000000e-01
-3.352050781250000000e-01
