8.745193481445312500e-04
-3.024902343750000000e-01
-3.756713867187500000e-02
-5.746459960937500000e-02
-1.249389648437500000e-01
1.316070556640625000e-02
1.180419921875000000e-01
-1.207031250000000000e+00
-3.330078125000000000e-01
1.558837890625000000e-01
1.351318359375000000e-01
3.581542968750000000e-01
-2.573242187500000000e-01
2.270507812500000000e-01
-2.153015136718750000e-02
2.119140625000000000e-01
3.332519531250000000e-01
-2.619628906250000000e-01
-1.092529296875000000e-01
-1.859130859375000000e-01
3.955078125000000000e-01
5.993652343750000000e-02
2.341308593750000000e-01
3.310546875000000000e-01
1.512451171875000000e-01
-9.130859375000000000e-02
-1.936035156250000000e-01
-9.191894531250000000e-02
2.102661132812500000e-02
4.562988281250000000e-01
-4.030761718750000000e-01
1.367187500000000000e-01
-4.587402343750000000e-01
2.033691406250000000e-01
1.942138671875000000e-01
2.327880859375000000e-01
2.120361328125000000e-01
7.897949218750000000e-02
-2.257080078125000000e-01
2.617187500000000000e-01
-4.790039062500000000e-01
1.402587890625000000e-01
1.971435546875000000e-01
1.411132812500000000e-01
2.795410156250000000e-01
3.781738281250000000e-01
-2.958984375000000000e-01
1.028442382812500000e-01
-8.020019531250000000e-02
5.206298828125000000e-02
5.390625000000000000e-01
-4.719238281250000000e-01
1.204833984375000000e-01
2.788085937500000000e-01
-4.925537109375000000e-02
-1.494140625000000000e-01
-1.535644531250000000e-01
1.982421875000000000e-01
-1.715087890625000000e-02
1.926269531250000000e-01
3.427734375000000000e-01
-1.746826171875000000e-01
6.738281250000000000e-01
-2.093505859375000000e-01
-1.803588867187500000e-02
-1.008300781250000000e-01
3.280639648437500000e-02
1.439208984375000000e-01
-1.765136718750000000e-01
-1.281738281250000000e-01
-7.257080078125000000e-02
2.622985839843750000e-02
-9.771728515625000000e-02
-1.181030273437500000e-02
3.297805786132812500e-03
-3.029785156250000000e-01
-8.682250976562500000e-03
-4.666137695312500000e-02
3.659057617187500000e-02
-2.503967285156250000e-02
-3.642578125000000000e-01
8.618164062500000000e-02
-4.086914062500000000e-01
3.454589843750000000e-01
2.416992187500000000e-01
-1.616210937500000000e-01
2.802734375000000000e-01
-3.771972656250000000e-01
-2.055358886718750000e-02
-1.776123046875000000e-01
2.458496093750000000e-01
-2.335205078125000000e-01
-1.446289062500000000e+00
4.291992187500000000e-01
-6.597900390625000000e-02
-3.679199218750000000e-01
1.374511718750000000e-01
1.706542968750000000e-01
5.557250976562500000e-02
7.092285156250000000e-02
1.008300781250000000e-01
4.055175781250000000e-01
5.004882812500000000e-01
-3.071594238281250000e-02
-1.617431640625000000e-01
3.063964843750000000e-01
4.460449218750000000e-01
-5.462646484375000000e-02
-8.087158203125000000e-02
2.322387695312500000e-02
3.049316406250000000e-01
5.932617187500000000e-02
-1.110229492187500000e-01
1.907958984375000000e-01
2.817382812500000000e-01
-1.441192626953125000e-02
-4.323730468750000000e-01
-9.930419921875000000e-02
1.207885742187500000e-01
8.374023437500000000e-02
3.696289062500000000e-01
-5.156250000000000000e-01
-7.763671875000000000e-02
-2.836914062500000000e-01
3.334960937500000000e-01
-2.761230468750000000e-01
-8.392333984375000000e-03
-1.151733398437500000e-01
1.009521484375000000e-01
1.410675048828125000e-02
1.347656250000000000e-01
-2.052307128906250000e-02
-5.981445312500000000e-02
5.890625000000000000e+00
-1.379394531250000000e-01
2.094726562500000000e-01
2.285766601562500000e-02
-2.213134765625000000e-01
2.178955078125000000e-01
-1.695556640625000000e-01
2.187500000000000000e-01
-2.498779296875000000e-01
-1.673583984375000000e-01
1.872558593750000000e-01
-4.721679687500000000e-01
-3.286132812500000000e-01
3.114700317382812500e-03
-5.447387695312500000e-02
-1.730957031250000000e-01
-2.393798828125000000e-01
1.646728515625000000e-01
4.910278320312500000e-02
-3.852539062500000000e-01
7.623291015625000000e-02
-9.637451171875000000e-02
2.738952636718750000e-02
-6.237792968750000000e-02
2.509765625000000000e-01
2.746582031250000000e-01
-1.005554199218750000e-02
8.563232421875000000e-02
7.257080078125000000e-02
-4.913330078125000000e-03
-2.819824218750000000e-01
1.928710937500000000e-01
-2.817382812500000000e-01
5.999755859375000000e-02
-3.168945312500000000e-01
-1.024780273437500000e-01
-6.542968750000000000e-02
2.988281250000000000e-01
2.189636230468750000e-02
2.088623046875000000e-01
1.040039062500000000e-01
-1.619873046875000000e-01
7.318115234375000000e-02
-7.739257812500000000e-02
3.073730468750000000e-01
3.973388671875000000e-02
1.621093750000000000e-01
1.545410156250000000e-01
2.178955078125000000e-01
6.475830078125000000e-02
-8.996582031250000000e-02
-2.537536621093750000e-02
-1.023559570312500000e-01
7.922363281250000000e-02
-3.603515625000000000e-01
-2.673339843750000000e-01
2.526855468750000000e-01
-6.951904296875000000e-02
-2.724609375000000000e-01
-2.539062500000000000e-01
-6.524658203125000000e-02
-1.329345703125000000e-01
2.966308593750000000e-02
4.213867187500000000e-01
2.746582031250000000e-01
-7.773437500000000000e-01
-3.723144531250000000e-01
9.661865234375000000e-02
6.665039062500000000e-02
-5.368041992187500000e-02
8.282470703125000000e-02
3.646850585937500000e-02
1.113891601562500000e-01
-7.458496093750000000e-02
-1.307373046875000000e-01
1.198730468750000000e-01
-3.044433593750000000e-01
3.862304687500000000e-01
-9.326171875000000000e-02
6.469726562500000000e-02
-8.251953125000000000e-02
-1.984863281250000000e-01
3.937988281250000000e-01
1.582031250000000000e-01
-6.628417968750000000e-02
2.832031250000000000e-01
-1.745605468750000000e-02
-1.085815429687500000e-01
1.229858398437500000e-01
1.560058593750000000e-01
-2.432861328125000000e-01
4.072265625000000000e-01
-6.408691406250000000e-02
-1.165161132812500000e-01
1.448974609375000000e-01
-7.916259765625000000e-02
-4.516601562500000000e-01
3.178710937500000000e-01
3.413085937500000000e-01
1.047363281250000000e-01
1.187744140625000000e-01
-1.994628906250000000e-01
4.763183593750000000e-01
4.936523437500000000e-01
-3.898925781250000000e-01
-4.354858398437500000e-02
-2.302169799804687500e-03
-4.838867187500000000e-01
1.442871093750000000e-01
6.499023437500000000e-01
4.461669921875000000e-02
-4.040527343750000000e-02
-2.838134765625000000e-02
-2.944335937500000000e-01
-2.719726562500000000e-01
9.277343750000000000e-03
-2.609863281250000000e-01
3.613281250000000000e-02
-3.366699218750000000e-01
7.220458984375000000e-02
1.751708984375000000e-01
-1.995849609375000000e-01
2.430725097656250000e-02
-5.639648437500000000e-02
-1.954345703125000000e-01
1.497802734375000000e-01
6.787109375000000000e-02
-8.660888671875000000e-02
6.085205078125000000e-02
4.123535156250000000e-01
-1.624755859375000000e-01
-2.999877929687500000e-02
4.107666015625000000e-02
-8.050537109375000000e-02
-3.896484375000000000e-01
-3.659667968750000000e-01
-1.302490234375000000e-01
1.022949218750000000e-01
1.395263671875000000e-01
1.734619140625000000e-01
5.645751953125000000e-02
-2.504882812500000000e-01
2.961730957031250000e-02
8.438110351562500000e-03
2.127685546875000000e-01
1.535644531250000000e-01
-2.911376953125000000e-02
2.187500000000000000e-01
2.451171875000000000e-01
1.746826171875000000e-01
-6.842041015625000000e-02
2.526855468750000000e-01
1.829833984375000000e-01
4.669189453125000000e-02
-4.153442382812500000e-02
-1.335144042968750000e-03
-2.467041015625000000e-01
-2.335205078125000000e-01
1.235961914062500000e-01
2.033691406250000000e-01
8.282470703125000000e-02
-7.360839843750000000e-02
3.143310546875000000e-02
-6.669921875000000000e-01
-1.431884765625000000e-01
4.914550781250000000e-01
3.234863281250000000e-01
4.891967773437500000e-02
-2.105712890625000000e-02
-2.054443359375000000e-01
5.630493164062500000e-02
-2.248535156250000000e-01
5.670166015625000000e-02
-2.282714843750000000e-01
1.413574218750000000e-01
-2.780761718750000000e-01
-3.097534179687500000e-02
2.824707031250000000e-01
-2.578125000000000000e-01
5.886718750000000000e+00
1.143188476562500000e-01
2.929687500000000000e-02
1.872558593750000000e-01
-1.246337890625000000e-01
2.558593750000000000e-01
5.532836914062500000e-02
1.234130859375000000e-01
3.701171875000000000e-01
2.156982421875000000e-01
1.303710937500000000e-01
2.709960937500000000e-01
4.069824218750000000e-01
2.868652343750000000e-01
1.423339843750000000e-01
-1.427001953125000000e-01
3.562011718750000000e-01
-2.062500000000000000e+00
-1.831054687500000000e-01
2.839355468750000000e-01
7.507324218750000000e-02
9.594726562500000000e-02
1.531982421875000000e-01
-6.372070312500000000e-02
4.837512969970703125e-04
-5.346679687500000000e-02
-2.250976562500000000e-01
-1.739501953125000000e-01
2.714843750000000000e-01
1.950683593750000000e-01
-3.999023437500000000e-01
-3.620605468750000000e-01
4.487304687500000000e-01
2.636718750000000000e-01
-8.935546875000000000e-02
-2.044677734375000000e-01
-9.729003906250000000e-02
1.591491699218750000e-02
-1.029052734375000000e-01
4.421386718750000000e-01
1.650390625000000000e-01
3.273925781250000000e-01
-6.768798828125000000e-02
2.946777343750000000e-01
-3.320312500000000000e-01
-4.244995117187500000e-02
-7.019042968750000000e-02
-3.393554687500000000e-01
3.393554687500000000e-01
1.654052734375000000e-01
-1.045227050781250000e-02
1.553955078125000000e-01
2.110595703125000000e-01
1.622009277343750000e-02
2.560424804687500000e-02
-7.305908203125000000e-02
2.332763671875000000e-01
-2.990722656250000000e-02
-2.539062500000000000e-02
8.654785156250000000e-02
4.440307617187500000e-02
4.575195312500000000e-01
-1.060485839843750000e-02
-2.111816406250000000e-02
8.453369140625000000e-02
3.078613281250000000e-01
-1.252441406250000000e-01
2.541503906250000000e-01
-2.180175781250000000e-01
-2.442626953125000000e-01
-1.213378906250000000e-01
5.014648437500000000e-01
-2.194824218750000000e-01
-1.056518554687500000e-01
2.188720703125000000e-01
-1.881103515625000000e-01
2.476501464843750000e-02
4.763793945312500000e-02
-1.982421875000000000e-01
-1.203613281250000000e-01
-4.445800781250000000e-01
3.276367187500000000e-01
1.822509765625000000e-01
3.469238281250000000e-01
4.177856445312500000e-02
-2.294921875000000000e-01
-5.898437500000000000e-01
5.673828125000000000e-01
3.437500000000000000e-01
3.354492187500000000e-01
3.198242187500000000e-01
-2.634277343750000000e-01
1.017456054687500000e-01
1.505126953125000000e-01
3.095703125000000000e-01
-2.088623046875000000e-01
2.196044921875000000e-01
-5.766601562500000000e-01
2.032470703125000000e-01
-9.826660156250000000e-02
-1.663818359375000000e-01
5.268554687500000000e-01
9.851074218750000000e-02
-1.343994140625000000e-01
4.437255859375000000e-02
4.400634765625000000e-02
-1.903076171875000000e-01
-6.579589843750000000e-02
2.890625000000000000e-01
-5.889892578125000000e-02
-1.579284667968750000e-02
-3.166503906250000000e-01
2.335205078125000000e-01
-1.971435546875000000e-01
-2.377929687500000000e-01
1.856689453125000000e-01
2.329101562500000000e-01
3.349609375000000000e-01
-3.308105468750000000e-02
2.391357421875000000e-01
-8.380126953125000000e-02
5.615234375000000000e-02
-4.992675781250000000e-02
1.651611328125000000e-01
-2.958984375000000000e-01
4.382324218750000000e-02
-2.468261718750000000e-01
2.329101562500000000e-01
-1.386718750000000000e-01
5.679321289062500000e-02
-4.138946533203125000e-03
-4.943847656250000000e-02
1.988525390625000000e-01
1.364746093750000000e-01
-2.043457031250000000e-01
-1.372070312500000000e-01
5.278320312500000000e-01
2.641601562500000000e-01
-1.290283203125000000e-01
1.165161132812500000e-01
-1.040039062500000000e-01
-4.986572265625000000e-02
-1.564025878906250000e-02
-4.277343750000000000e-01
1.300811767578125000e-02
-1.917724609375000000e-01
4.321289062500000000e-01
-1.058959960937500000e-01
-9.216308593750000000e-02
2.341308593750000000e-01
-2.176513671875000000e-01
-1.928710937500000000e-01
2.137451171875000000e-01
-1.198730468750000000e-01
-3.298339843750000000e-01
1.226806640625000000e-01
-2.885742187500000000e-01
-1.477050781250000000e-01
-3.215332031250000000e-01
-1.639404296875000000e-01
2.338867187500000000e-01
2.128906250000000000e-01
-6.903076171875000000e-02
-1.481933593750000000e-01
8.001708984375000000e-02
2.924804687500000000e-01
9.307861328125000000e-02
-1.432037353515625000e-02
1.342010498046875000e-02
-4.987792968750000000e-01
9.545898437500000000e-02
6.610107421875000000e-02
-1.939697265625000000e-01
6.695556640625000000e-02
-1.197052001953125000e-02
1.864013671875000000e-01
-2.142333984375000000e-01
-3.364257812500000000e-01
-9.906005859375000000e-02
8.691406250000000000e-02
8.258056640625000000e-02
8.818359375000000000e-01
1.510009765625000000e-01
-9.533691406250000000e-02
2.094726562500000000e-01
1.094360351562500000e-01
9.240722656250000000e-02
-8.154296875000000000e-02
3.322753906250000000e-01
2.246093750000000000e-01
2.391357421875000000e-01
2.426757812500000000e-01
-8.374023437500000000e-02
-7.867431640625000000e-02
3.161621093750000000e-02
-5.444335937500000000e-01
-9.429931640625000000e-02
-2.573242187500000000e-01
-4.633789062500000000e-01
-2.116699218750000000e-01
