-3.000488281250000000e-01
-4.351806640625000000e-02
-1.657714843750000000e-01
-3.067016601562500000e-02
1.712646484375000000e-01
5.468750000000000000e-01
-5.444335937500000000e-02
-9.174804687500000000e-01
-3.200683593750000000e-01
-2.624511718750000000e-03
1.445007324218750000e-02
-3.359375000000000000e-01
2.191162109375000000e-01
-4.436035156250000000e-01
-6.976318359375000000e-02
3.942871093750000000e-01
2.915039062500000000e-01
1.564941406250000000e-01
-1.944580078125000000e-01
3.579711914062500000e-02
2.932128906250000000e-01
1.485595703125000000e-01
-1.821289062500000000e-01
6.811523437500000000e-02
-8.160400390625000000e-02
-5.400390625000000000e-01
2.259521484375000000e-01
2.709960937500000000e-01
-3.796386718750000000e-01
2.861328125000000000e-01
-3.381347656250000000e-01
-3.950195312500000000e-01
1.214599609375000000e-01
-4.946899414062500000e-02
-1.006469726562500000e-01
-4.034423828125000000e-02
-2.069091796875000000e-01
2.699279785156250000e-02
-2.282714843750000000e-01
8.367919921875000000e-02
6.231689453125000000e-02
-2.788085937500000000e-01
2.249755859375000000e-01
-2.753906250000000000e-01
6.976318359375000000e-02
2.290039062500000000e-01
-1.759033203125000000e-01
-8.984375000000000000e-02
1.527099609375000000e-01
6.829833984375000000e-02
-1.528320312500000000e-01
-3.818359375000000000e-01
-3.034973144531250000e-02
-1.050415039062500000e-01
1.826171875000000000e-01
-2.132568359375000000e-01
1.563720703125000000e-01
6.762695312500000000e-02
-4.997558593750000000e-01
5.063476562500000000e-01
5.703125000000000000e-01
-3.051757812500000000e-01
1.557159423828125000e-02
-2.349853515625000000e-02
-2.401123046875000000e-01
-1.304931640625000000e-01
8.155822753906250000e-03
1.915283203125000000e-01
-2.320556640625000000e-01
-4.547119140625000000e-02
2.198486328125000000e-01
-1.436767578125000000e-01
-2.714843750000000000e-01
6.964111328125000000e-02
-1.187133789062500000e-01
1.722717285156250000e-02
-1.031494140625000000e-01
2.086181640625000000e-01
1.356201171875000000e-01
-2.200927734375000000e-01
-3.723144531250000000e-01
-4.159545898437500000e-02
-4.599609375000000000e-01
2.614746093750000000e-01
2.761230468750000000e-01
-1.027832031250000000e-01
1.909179687500000000e-01
2.199707031250000000e-01
-2.900390625000000000e-01
2.589416503906250000e-02
-1.765136718750000000e-01
-6.884765625000000000e-02
-1.431640625000000000e+00
5.610351562500000000e-01
-3.896484375000000000e-01
-1.661376953125000000e-01
-2.675781250000000000e-01
-3.105468750000000000e-01
-3.007812500000000000e-01
5.575561523437500000e-02
4.281616210937500000e-02
3.937988281250000000e-01
2.396240234375000000e-01
-3.640136718750000000e-01
2.003479003906250000e-02
1.330566406250000000e-01
1.644287109375000000e-01
-4.418945312500000000e-01
-3.520507812500000000e-01
-8.032226562500000000e-01
-3.825683593750000000e-01
3.916015625000000000e-01
-2.700195312500000000e-01
2.751464843750000000e-01
3.212890625000000000e-01
-2.286376953125000000e-01
3.557128906250000000e-01
1.027221679687500000e-01
-1.883544921875000000e-01
7.415771484375000000e-03
1.056671142578125000e-02
-2.038574218750000000e-01
-1.536865234375000000e-01
-5.377197265625000000e-02
-1.566162109375000000e-01
-3.493652343750000000e-01
5.618286132812500000e-02
-1.396484375000000000e-01
2.788085937500000000e-01
1.610107421875000000e-01
4.376220703125000000e-02
-1.256103515625000000e-01
2.679443359375000000e-02
5.183593750000000000e+00
1.979980468750000000e-01
-4.357910156250000000e-01
-4.140625000000000000e-01
-5.703125000000000000e-01
8.154296875000000000e-02
1.927185058593750000e-02
-2.851562500000000000e-01
1.678466796875000000e-02
1.312255859375000000e-01
5.625000000000000000e-01
3.735351562500000000e-01
9.960937500000000000e-02
-4.177856445312500000e-02
1.586914062500000000e-01
2.183837890625000000e-01
2.734375000000000000e-01
3.071289062500000000e-01
2.238769531250000000e-01
2.221679687500000000e-01
4.229736328125000000e-02
-8.020019531250000000e-02
5.752563476562500000e-02
-6.579589843750000000e-02
3.378906250000000000e-01
8.551025390625000000e-02
4.057617187500000000e-01
-2.998046875000000000e-01
-4.858398437500000000e-01
3.315429687500000000e-01
-1.032104492187500000e-01
-3.325195312500000000e-01
-2.883300781250000000e-01
-2.836914062500000000e-01
5.850219726562500000e-02
3.973388671875000000e-02
-1.081542968750000000e-01
1.276855468750000000e-01
-1.629638671875000000e-01
3.444824218750000000e-01
-2.639160156250000000e-01
-3.586425781250000000e-01
7.177734375000000000e-02
-1.834106445312500000e-02
2.248535156250000000e-01
-1.305389404296875000e-02
-2.059326171875000000e-01
-5.877685546875000000e-02
1.882324218750000000e-01
-2.207031250000000000e-01
-4.766845703125000000e-02
4.599609375000000000e-01
3.793334960937500000e-02
3.071289062500000000e-01
-3.268432617187500000e-02
3.100585937500000000e-01
2.185058593750000000e-02
8.154296875000000000e-02
4.605102539062500000e-02
2.022705078125000000e-01
1.436767578125000000e-01
1.524658203125000000e-01
2.407226562500000000e-01
-1.632080078125000000e-01
2.705078125000000000e-01
5.056762695312500000e-02
-8.178710937500000000e-02
-1.644287109375000000e-01
-2.026367187500000000e-01
-1.539306640625000000e-01
-5.667114257812500000e-02
-1.055908203125000000e-01
1.553955078125000000e-01
-1.287078857421875000e-02
-1.610107421875000000e-01
-1.607666015625000000e-01
-5.859375000000000000e-02
3.483886718750000000e-01
2.058105468750000000e-01
-1.148681640625000000e-01
-1.395263671875000000e-01
-5.185546875000000000e-01
-1.906738281250000000e-01
2.319335937500000000e-03
-5.474853515625000000e-02
-8.953857421875000000e-02
2.758789062500000000e-02
-1.900634765625000000e-01
-3.032226562500000000e-01
2.587890625000000000e-01
-2.768554687500000000e-01
-1.770019531250000000e-02
7.843017578125000000e-02
1.025390625000000000e-01
-8.850097656250000000e-02
-3.171386718750000000e-01
-3.376464843750000000e-01
3.647460937500000000e-01
6.992187500000000000e-01
4.223632812500000000e-01
-3.649902343750000000e-01
4.755859375000000000e-01
-2.586364746093750000e-02
1.116943359375000000e-02
-1.730957031250000000e-01
-2.285003662109375000e-03
-8.026123046875000000e-02
1.147460937500000000e-01
-1.063842773437500000e-01
-2.492675781250000000e-01
1.057739257812500000e-01
-3.132324218750000000e-01
9.713172912597656250e-04
-1.605224609375000000e-01
8.215332031250000000e-02
4.902343750000000000e-01
-1.575927734375000000e-01
1.346435546875000000e-01
1.964111328125000000e-01
-5.593872070312500000e-02
4.077148437500000000e-01
-4.925537109375000000e-02
4.323730468750000000e-01
3.952026367187500000e-03
-7.592773437500000000e-02
-1.008911132812500000e-01
1.360321044921875000e-02
-1.545410156250000000e-01
2.817382812500000000e-01
-5.438232421875000000e-02
-6.970214843750000000e-02
6.396484375000000000e-02
8.416748046875000000e-02
-1.575927734375000000e-01
5.093383789062500000e-02
-1.981201171875000000e-01
-2.890625000000000000e-01
1.074218750000000000e-01
-3.005371093750000000e-01
6.549072265625000000e-02
-2.021484375000000000e-01
-5.195312500000000000e-01
-2.207031250000000000e-01
2.286376953125000000e-01
2.158203125000000000e-01
1.182250976562500000e-01
-4.870605468750000000e-02
6.842041015625000000e-02
5.209350585937500000e-02
1.094360351562500000e-01
-1.278076171875000000e-01
8.651733398437500000e-03
-2.397460937500000000e-01
2.128906250000000000e-01
-1.411132812500000000e-01
-5.960083007812500000e-02
-3.596191406250000000e-01
2.697753906250000000e-01
-3.726196289062500000e-02
5.236816406250000000e-02
1.368408203125000000e-01
1.505126953125000000e-01
-1.248168945312500000e-01
-4.147949218750000000e-01
1.315917968750000000e-01
2.302246093750000000e-01
1.370849609375000000e-01
1.248779296875000000e-01
-3.920898437500000000e-01
-2.541503906250000000e-01
-4.010009765625000000e-02
-2.814941406250000000e-01
-9.478759765625000000e-02
-8.081054687500000000e-02
1.134643554687500000e-01
-2.485275268554687500e-03
-1.701660156250000000e-01
-2.183837890625000000e-01
6.964111328125000000e-02
5.175781250000000000e+00
-5.407714843750000000e-02
-1.374511718750000000e-01
3.747558593750000000e-02
3.706054687500000000e-01
-7.900390625000000000e-01
2.480468750000000000e-01
-2.420654296875000000e-01
3.833007812500000000e-01
4.284667968750000000e-01
-3.083801269531250000e-02
4.846191406250000000e-01
-1.916503906250000000e-01
-2.032470703125000000e-01
2.265625000000000000e-01
4.135131835937500000e-02
1.744384765625000000e-01
-2.072265625000000000e+00
6.243896484375000000e-02
2.934570312500000000e-01
-6.025390625000000000e-01
4.125976562500000000e-02
-7.659912109375000000e-02
-9.948730468750000000e-02
5.520629882812500000e-02
-2.218017578125000000e-01
-3.103027343750000000e-01
1.684570312500000000e-02
2.443847656250000000e-01
-3.320312500000000000e-01
2.498779296875000000e-01
-3.449707031250000000e-01
2.834472656250000000e-01
-4.221191406250000000e-01
2.088623046875000000e-01
5.063476562500000000e-01
2.127075195312500000e-02
2.541503906250000000e-01
4.086303710937500000e-02
-8.612060546875000000e-02
5.532226562500000000e-01
9.582519531250000000e-02
-9.283447265625000000e-02
-2.565917968750000000e-01
3.310546875000000000e-01
3.920898437500000000e-01
7.330322265625000000e-02
1.362304687500000000e-01
-2.441406250000000000e-02
1.630859375000000000e-01
1.567077636718750000e-02
-9.796142578125000000e-02
7.843017578125000000e-03
-2.800292968750000000e-01
-2.196044921875000000e-01
-7.208251953125000000e-02
-1.590576171875000000e-01
5.551757812500000000e-01
-3.061523437500000000e-01
-2.108154296875000000e-01
2.539062500000000000e-01
-4.760742187500000000e-03
-1.719970703125000000e-01
-4.370117187500000000e-02
-2.531738281250000000e-01
9.094238281250000000e-02
-1.035766601562500000e-01
1.238403320312500000e-01
2.114868164062500000e-02
-1.970214843750000000e-01
2.517089843750000000e-01
-2.124023437500000000e-01
-1.555175781250000000e-01
-1.204223632812500000e-01
2.255859375000000000e-01
-6.679534912109375000e-03
-1.115722656250000000e-01
1.014404296875000000e-01
-4.184570312500000000e-01
3.240966796875000000e-02
1.605224609375000000e-02
-4.019165039062500000e-02
2.888183593750000000e-01
1.107177734375000000e-01
3.320312500000000000e-01
-1.504516601562500000e-02
4.459381103515625000e-03
4.331054687500000000e-01
5.758666992187500000e-02
-3.081054687500000000e-01
2.290039062500000000e-01
-3.447265625000000000e-01
-2.561950683593750000e-02
-2.316894531250000000e-01
4.555664062500000000e-01
3.228759765625000000e-02
1.868896484375000000e-01
-5.332031250000000000e-01
3.536224365234375000e-03
-1.295166015625000000e-01
1.408386230468750000e-02
4.453125000000000000e-01
1.982421875000000000e-01
1.130981445312500000e-01
-1.853027343750000000e-01
1.614990234375000000e-01
-1.593017578125000000e-01
9.381103515625000000e-02
1.364707946777343750e-03
-2.553710937500000000e-01
1.560058593750000000e-01
-5.239257812500000000e-01
-2.731933593750000000e-01
6.645202636718750000e-03
6.756591796875000000e-02
-5.229492187500000000e-01
2.147216796875000000e-01
-2.091064453125000000e-01
-5.874023437500000000e-01
-2.375488281250000000e-01
3.105163574218750000e-02
1.737060546875000000e-01
2.780761718750000000e-01
1.049804687500000000e-01
-4.458007812500000000e-01
2.697753906250000000e-01
-5.023193359375000000e-02
-8.888244628906250000e-03
-4.526367187500000000e-01
-6.215820312500000000e-01
1.116752624511718750e-03
-2.893066406250000000e-01
1.444091796875000000e-01
8.471679687500000000e-02
-1.987304687500000000e-01
-4.830932617187500000e-02
1.978759765625000000e-01
-5.364990234375000000e-02
-6.439208984375000000e-02
2.901077270507812500e-03
1.135253906250000000e-01
-1.003417968750000000e-01
-4.404296875000000000e-01
4.404296875000000000e-01
2.088928222656250000e-02
7.849121093750000000e-02
2.021484375000000000e-01
-3.452148437500000000e-01
-1.035308837890625000e-02
-2.157592773437500000e-02
3.383789062500000000e-01
-2.127685546875000000e-01
4.316406250000000000e-01
-6.518554687500000000e-02
2.393798828125000000e-01
-1.923828125000000000e-01
-5.974769592285156250e-04
-1.319580078125000000e-01
-3.652343750000000000e-01
-3.454589843750000000e-01
-1.523437500000000000e-01
-6.494140625000000000e-02
1.026611328125000000e-01
4.620361328125000000e-02
-1.376953125000000000e-01
2.519531250000000000e-01
3.823852539062500000e-02
-5.825805664062500000e-02
3.054199218750000000e-01
-5.610351562500000000e-01
-3.420410156250000000e-01
1.936035156250000000e-01
1.112060546875000000e-01
-2.248535156250000000e-01
-1.403045654296875000e-02
3.664550781250000000e-01
-6.933593750000000000e-02
-4.672851562500000000e-01
1.117553710937500000e-01
3.889160156250000000e-01
1.191406250000000000e-01
4.870605468750000000e-01
1.923828125000000000e-01
-8.697509765625000000e-03
1.726074218750000000e-01
1.544189453125000000e-02
-3.039550781250000000e-01
1.346435546875000000e-01
-3.288574218750000000e-01
-4.016113281250000000e-01
-8.003234863281250000e-03
-2.583007812500000000e-01
-7.073974609375000000e-02
-1.694335937500000000e-01
6.488037109375000000e-02
-3.530273437500000000e-01
-1.871337890625000000e-01
4.804687500000000000e-01
-1.068115234375000000e-01
-2.871093750000000000e-01
