-6.744384765625000000e-02
1.954345703125000000e-01
-3.088378906250000000e-01
-1.953125000000000000e-01
9.069824218750000000e-02
1.058959960937500000e-01
-7.049560546875000000e-02
-5.751953125000000000e-01
-5.310058593750000000e-02
7.177734375000000000e-01
-2.371826171875000000e-01
3.437500000000000000e-01
4.462890625000000000e-01
-2.868652343750000000e-01
-7.171630859375000000e-02
5.639648437500000000e-02
3.452148437500000000e-01
-2.174072265625000000e-01
-3.454589843750000000e-01
-3.520507812500000000e-01
2.160644531250000000e-01
-2.106933593750000000e-01
2.849121093750000000e-01
2.719726562500000000e-01
-1.948242187500000000e-01
8.770751953125000000e-02
1.595458984375000000e-01
1.772460937500000000e-01
9.271240234375000000e-02
1.754760742187500000e-02
-4.638671875000000000e-01
-2.030029296875000000e-01
8.050537109375000000e-02
-8.972167968750000000e-03
-1.939697265625000000e-01
5.502929687500000000e-01
1.164550781250000000e-01
7.354736328125000000e-02
1.794433593750000000e-01
9.466552734375000000e-02
-1.343994140625000000e-01
-3.220214843750000000e-01
1.383056640625000000e-01
-1.010131835937500000e-01
2.631835937500000000e-01
3.854980468750000000e-01
1.916503906250000000e-01
3.694534301757812500e-03
2.408447265625000000e-01
2.404785156250000000e-01
-7.525634765625000000e-02
-2.985839843750000000e-01
1.454925537109375000e-02
-1.222534179687500000e-01
5.484008789062500000e-02
-3.891601562500000000e-01
-8.929443359375000000e-02
-1.413574218750000000e-01
3.543090820312500000e-02
-3.759765625000000000e-02
4.411621093750000000e-01
-7.763671875000000000e-02
-1.286621093750000000e-01
-2.047119140625000000e-01
1.074218750000000000e-01
-5.375976562500000000e-01
-3.068847656250000000e-01
-1.069335937500000000e-01
-3.068847656250000000e-01
2.592773437500000000e-01
-2.778320312500000000e-01
-1.264648437500000000e-01
2.495117187500000000e-01
1.766357421875000000e-01
1.439208984375000000e-01
-3.271484375000000000e-01
7.055664062500000000e-02
1.791992187500000000e-01
5.092620849609375000e-03
2.601623535156250000e-02
-1.025390625000000000e-01
-1.827392578125000000e-01
-3.432617187500000000e-01
2.863769531250000000e-01
-1.425743103027343750e-03
3.146972656250000000e-01
2.211914062500000000e-01
-4.890136718750000000e-01
3.300781250000000000e-01
2.834472656250000000e-01
1.921081542968750000e-02
-4.187011718750000000e-02
-1.412109375000000000e+00
3.073730468750000000e-01
1.099243164062500000e-01
5.629882812500000000e-01
-7.293701171875000000e-02
-7.476806640625000000e-02
9.637451171875000000e-02
2.489013671875000000e-01
2.303466796875000000e-01
3.105468750000000000e-01
1.104125976562500000e-01
2.529907226562500000e-02
2.175292968750000000e-01
-3.625488281250000000e-02
-6.033325195312500000e-02
8.538818359375000000e-02
-7.440185546875000000e-02
-7.507324218750000000e-02
-2.934570312500000000e-01
-1.204833984375000000e-01
3.796386718750000000e-01
3.034667968750000000e-01
-2.858886718750000000e-01
7.928466796875000000e-02
1.630859375000000000e-01
3.085937500000000000e-01
-6.646728515625000000e-02
5.576171875000000000e-01
2.144775390625000000e-01
-1.208496093750000000e-01
-2.246093750000000000e-01
1.708984375000000000e-01
-6.848144531250000000e-02
9.722900390625000000e-02
-5.804443359375000000e-02
1.469726562500000000e-01
-1.999511718750000000e-01
3.637695312500000000e-01
5.073242187500000000e-01
3.962402343750000000e-01
-8.618164062500000000e-02
5.269531250000000000e+00
8.587646484375000000e-02
-2.426757812500000000e-01
-9.307861328125000000e-02
-1.018554687500000000e+00
-1.976318359375000000e-01
-3.781127929687500000e-02
-5.822753906250000000e-02
3.425292968750000000e-01
-2.521972656250000000e-01
2.790527343750000000e-01
-4.392089843750000000e-01
-1.373291015625000000e-01
-2.648925781250000000e-01
-2.103271484375000000e-01
-2.204589843750000000e-01
-9.880065917968750000e-03
-1.939697265625000000e-01
4.045410156250000000e-01
4.829101562500000000e-01
-1.762695312500000000e-01
-5.752563476562500000e-02
-4.848632812500000000e-01
1.228027343750000000e-01
-3.752441406250000000e-01
8.331298828125000000e-02
-8.068847656250000000e-02
-6.750488281250000000e-02
-7.400512695312500000e-03
-8.581542968750000000e-02
-2.822265625000000000e-01
-2.222900390625000000e-01
-1.983642578125000000e-01
4.038085937500000000e-01
1.483154296875000000e-01
-3.268432617187500000e-02
2.131347656250000000e-01
8.776855468750000000e-02
1.293945312500000000e-01
-2.393798828125000000e-01
-2.595214843750000000e-01
-4.575195312500000000e-01
-1.407470703125000000e-01
-3.164062500000000000e-01
2.502441406250000000e-01
1.076660156250000000e-01
-2.817382812500000000e-01
1.221923828125000000e-01
7.702636718750000000e-02
-4.460449218750000000e-01
-4.995117187500000000e-01
3.969669342041015625e-04
-4.553222656250000000e-02
-1.499938964843750000e-02
-2.905273437500000000e-01
-6.469726562500000000e-02
-8.312988281250000000e-02
6.083984375000000000e-01
-3.262329101562500000e-02
-5.400390625000000000e-01
-5.538940429687500000e-03
7.794189453125000000e-02
-4.094238281250000000e-01
-2.861328125000000000e-01
7.830810546875000000e-02
-1.315917968750000000e-01
4.559326171875000000e-02
-6.738281250000000000e-02
1.765441894531250000e-02
6.622314453125000000e-02
1.209106445312500000e-01
-1.697998046875000000e-01
-8.288574218750000000e-02
2.036132812500000000e-01
-6.149291992187500000e-02
4.452514648437500000e-02
3.244628906250000000e-01
3.720703125000000000e-01
5.300903320312500000e-02
2.905273437500000000e-02
-3.776855468750000000e-01
-3.713989257812500000e-02
-4.589843750000000000e-01
-1.531982421875000000e-01
5.664062500000000000e-02
7.281494140625000000e-02
-4.560546875000000000e-01
1.084594726562500000e-01
-2.291259765625000000e-01
-5.532226562500000000e-01
1.092529296875000000e-01
-3.652954101562500000e-02
1.480712890625000000e-01
3.105468750000000000e-01
3.718261718750000000e-01
-6.677246093750000000e-02
-3.647460937500000000e-01
3.677368164062500000e-02
2.790527343750000000e-01
-1.282958984375000000e-01
-3.483886718750000000e-01
-1.287841796875000000e-01
1.172485351562500000e-01
1.269531250000000000e-01
4.901123046875000000e-02
-3.776855468750000000e-01
1.140136718750000000e-01
-1.582031250000000000e-01
-2.958984375000000000e-01
2.927246093750000000e-01
5.683593750000000000e-01
-1.270751953125000000e-01
-8.923339843750000000e-02
3.327636718750000000e-01
-3.552246093750000000e-01
-7.745361328125000000e-02
1.203002929687500000e-01
-5.571289062500000000e-01
2.093505859375000000e-01
-1.478271484375000000e-01
3.505859375000000000e-01
-2.729492187500000000e-01
-5.487060546875000000e-02
1.580810546875000000e-01
-6.577148437500000000e-01
-1.373291015625000000e-01
3.825683593750000000e-01
-3.559570312500000000e-01
1.142578125000000000e-01
2.744140625000000000e-01
-3.339843750000000000e-01
2.944335937500000000e-01
9.191894531250000000e-02
-2.476806640625000000e-01
-3.271484375000000000e-01
-3.474121093750000000e-01
-1.108398437500000000e-01
-3.152465820312500000e-02
-8.526611328125000000e-02
1.395263671875000000e-01
1.140136718750000000e-01
-7.232666015625000000e-02
1.362304687500000000e-01
5.029296875000000000e-02
2.077636718750000000e-01
-8.093261718750000000e-02
-2.259521484375000000e-01
-2.958984375000000000e-01
5.715942382812500000e-02
-1.317596435546875000e-02
4.338378906250000000e-01
-2.719726562500000000e-01
5.180664062500000000e-01
-4.745483398437500000e-03
7.110595703125000000e-02
6.610107421875000000e-02
-2.076416015625000000e-01
4.794921875000000000e-01
-1.027832031250000000e-01
2.238769531250000000e-01
6.787109375000000000e-02
3.425292968750000000e-01
-2.639160156250000000e-01
-6.674804687500000000e-01
2.340698242187500000e-02
8.532714843750000000e-02
4.211425781250000000e-02
9.167480468750000000e-02
-3.049316406250000000e-01
-2.609863281250000000e-01
-1.082153320312500000e-01
1.013183593750000000e-02
6.524658203125000000e-02
-7.482910156250000000e-02
-6.457519531250000000e-02
-1.193237304687500000e-01
-9.045410156250000000e-02
-3.686523437500000000e-02
5.024414062500000000e-01
5.265625000000000000e+00
6.933593750000000000e-01
1.828002929687500000e-02
-1.320800781250000000e-01
1.685791015625000000e-01
7.537841796875000000e-02
-3.666992187500000000e-01
-6.412506103515625000e-03
-2.120971679687500000e-02
2.138671875000000000e-01
4.250488281250000000e-01
2.189941406250000000e-01
-2.829589843750000000e-01
2.790527343750000000e-01
-2.785644531250000000e-01
3.015136718750000000e-01
-1.795654296875000000e-01
-1.982421875000000000e+00
6.362304687500000000e-01
6.972656250000000000e-01
-2.824707031250000000e-01
2.175292968750000000e-01
-3.398437500000000000e-01
-1.317138671875000000e-01
9.960937500000000000e-02
-1.687011718750000000e-01
5.993652343750000000e-02
1.552734375000000000e-01
1.106567382812500000e-01
8.691406250000000000e-02
-6.094360351562500000e-02
-2.617187500000000000e-01
1.594238281250000000e-01
5.214843750000000000e-01
2.836914062500000000e-01
3.222656250000000000e-01
3.303222656250000000e-01
-1.074829101562500000e-01
6.821289062500000000e-01
3.259277343750000000e-02
-5.850219726562500000e-02
4.595947265625000000e-02
-3.427734375000000000e-01
-1.467285156250000000e-01
1.995849609375000000e-01
-1.590576171875000000e-01
1.419830322265625000e-02
-7.873535156250000000e-02
-1.633300781250000000e-01
-8.020019531250000000e-02
3.110351562500000000e-01
3.564453125000000000e-01
4.501342773437500000e-02
-3.422851562500000000e-01
-1.651611328125000000e-01
4.913330078125000000e-02
-6.964111328125000000e-02
-9.582519531250000000e-02
-2.197265625000000000e-01
2.393798828125000000e-01
5.413818359375000000e-02
1.140136718750000000e-01
-2.030944824218750000e-02
-1.859130859375000000e-01
-7.159423828125000000e-02
4.144287109375000000e-02
-1.763916015625000000e-01
-1.171264648437500000e-01
8.825683593750000000e-02
7.568359375000000000e-02
-1.912841796875000000e-01
-1.611328125000000000e-01
5.097656250000000000e-01
5.390625000000000000e-01
-3.684082031250000000e-01
2.514648437500000000e-01
-5.302734375000000000e-01
2.320861816406250000e-02
-5.263671875000000000e-01
-3.352050781250000000e-01
6.021118164062500000e-02
-2.075195312500000000e-02
-5.276489257812500000e-02
3.671875000000000000e-01
2.247314453125000000e-01
-1.378173828125000000e-01
-8.746337890625000000e-02
3.664550781250000000e-01
1.197509765625000000e-01
2.542114257812500000e-02
-6.799316406250000000e-02
-1.376953125000000000e-01
-4.045410156250000000e-01
1.724853515625000000e-01
4.516601562500000000e-01
-1.271820068359375000e-02
1.144409179687500000e-02
-1.427001953125000000e-01
-1.209106445312500000e-01
5.191040039062500000e-02
-1.816406250000000000e-01
1.298828125000000000e-01
-3.217773437500000000e-01
1.361083984375000000e-01
-3.515625000000000000e-02
-3.330078125000000000e-01
1.262207031250000000e-01
3.634643554687500000e-02
-7.727050781250000000e-02
-4.494628906250000000e-01
-1.724853515625000000e-01
-3.464355468750000000e-01
9.082031250000000000e-02
1.457519531250000000e-01
-9.399414062500000000e-02
1.591796875000000000e-01
-4.727172851562500000e-02
2.641601562500000000e-01
1.756591796875000000e-01
-3.155517578125000000e-02
-7.128906250000000000e-02
9.625244140625000000e-02
-6.951904296875000000e-02
-9.814453125000000000e-02
5.364990234375000000e-02
-2.196044921875000000e-01
-6.318359375000000000e-01
-1.723632812500000000e-01
-5.471801757812500000e-02
-7.434082031250000000e-02
-1.275634765625000000e-01
-2.285156250000000000e-01
-4.489135742187500000e-02
4.445800781250000000e-01
-1.422119140625000000e-01
-2.274169921875000000e-01
1.361083984375000000e-01
1.786804199218750000e-02
-2.624511718750000000e-01
1.601562500000000000e-01
-2.279052734375000000e-01
1.440429687500000000e-01
-2.106933593750000000e-01
3.215332031250000000e-01
1.412353515625000000e-01
4.658203125000000000e-01
1.743164062500000000e-01
4.797363281250000000e-02
4.809570312500000000e-02
3.498535156250000000e-01
-4.604492187500000000e-01
1.080932617187500000e-01
1.513671875000000000e-01
-2.183914184570312500e-03
1.973876953125000000e-01
-1.771240234375000000e-01
-1.724853515625000000e-01
-3.503417968750000000e-01
9.179687500000000000e-02
-4.255371093750000000e-01
2.043457031250000000e-01
5.520629882812500000e-02
-1.234130859375000000e-01
1.877441406250000000e-01
-3.768920898437500000e-02
7.026367187500000000e-01
2.180175781250000000e-01
2.348632812500000000e-01
1.255035400390625000e-02
-5.703125000000000000e-01
-1.942138671875000000e-01
-6.591796875000000000e-01
-8.990478515625000000e-02
-1.956787109375000000e-01
2.355957031250000000e-01
1.045989990234375000e-02
-1.879882812500000000e-01
2.444458007812500000e-02
5.009765625000000000e-01
3.466796875000000000e-02
-2.514648437500000000e-01
6.855468750000000000e-01
2.019042968750000000e-01
-2.998046875000000000e-01
7.885742187500000000e-02
1.387939453125000000e-01
-3.784179687500000000e-01
1.246948242187500000e-01
1.495361328125000000e-01
-1.821289062500000000e-01
2.371826171875000000e-01
3.372192382812500000e-02
2.578125000000000000e-01
-2.005615234375000000e-01
2.038574218750000000e-02
2.659606933593750000e-02
-8.270263671875000000e-02
-3.811035156250000000e-01
3.488769531250000000e-01
5.992889404296875000e-03
