2.314453125000000000e-01
-7.070312500000000000e-01
-3.134155273437500000e-02
6.384277343750000000e-02
3.398437500000000000e-01
2.724609375000000000e-01
-1.692199707031250000e-02
-1.121093750000000000e+00
1.118774414062500000e-01
2.548828125000000000e-01
-5.749511718750000000e-02
7.299804687500000000e-02
2.939453125000000000e-01
4.425048828125000000e-02
2.099609375000000000e-01
-2.890625000000000000e-01
3.439941406250000000e-01
1.455078125000000000e-01
-7.604980468750000000e-02
-4.383087158203125000e-03
4.223632812500000000e-01
1.610107421875000000e-01
-3.900146484375000000e-02
1.176147460937500000e-01
2.675781250000000000e-01
1.080322265625000000e-01
2.044677734375000000e-01
-2.025146484375000000e-01
1.342010498046875000e-02
5.913085937500000000e-01
-4.514160156250000000e-01
8.465576171875000000e-02
-2.490234375000000000e-01
3.012084960937500000e-02
2.302169799804687500e-03
2.301025390625000000e-02
2.380371093750000000e-01
1.405029296875000000e-01
-1.958007812500000000e-01
1.210937500000000000e-01
-1.011962890625000000e-01
1.222534179687500000e-01
3.776855468750000000e-01
-3.635253906250000000e-01
1.441650390625000000e-01
5.380859375000000000e-01
4.868164062500000000e-01
3.151855468750000000e-01
3.393554687500000000e-02
-3.259277343750000000e-02
-5.194091796875000000e-02
4.184722900390625000e-03
8.563232421875000000e-02
3.628540039062500000e-02
4.760742187500000000e-02
-3.715820312500000000e-01
2.148437500000000000e-01
-2.573242187500000000e-01
-2.497558593750000000e-01
1.729736328125000000e-01
2.700195312500000000e-01
3.065490722656250000e-02
-1.341552734375000000e-01
-3.618164062500000000e-01
-5.117187500000000000e-01
-1.450195312500000000e-01
2.370605468750000000e-01
1.848144531250000000e-01
-2.446289062500000000e-01
3.622436523437500000e-02
-8.807373046875000000e-02
-2.209472656250000000e-01
1.188964843750000000e-01
-3.044433593750000000e-01
7.465362548828125000e-03
-3.120117187500000000e-01
-6.988525390625000000e-02
-2.321243286132812500e-03
4.882812500000000000e-02
8.349609375000000000e-02
-2.627563476562500000e-02
-3.547363281250000000e-01
9.460449218750000000e-02
1.148071289062500000e-01
-6.019592285156250000e-03
-4.526367187500000000e-01
3.374023437500000000e-01
1.604003906250000000e-01
-4.350585937500000000e-01
2.388916015625000000e-01
-2.412109375000000000e-01
-2.795410156250000000e-01
-1.503906250000000000e+00
2.565917968750000000e-01
-5.487060546875000000e-02
-4.680633544921875000e-03
4.113769531250000000e-01
2.399902343750000000e-01
1.071166992187500000e-01
2.566528320312500000e-02
7.867431640625000000e-02
1.733398437500000000e-01
1.225585937500000000e-01
3.151855468750000000e-01
-6.997070312500000000e-01
4.703998565673828125e-04
5.624389648437500000e-02
1.482391357421875000e-02
-1.547851562500000000e-01
3.212890625000000000e-01
5.035400390625000000e-03
3.566894531250000000e-01
8.001708984375000000e-02
-2.797851562500000000e-01
-1.953125000000000000e-03
-6.269531250000000000e-01
-1.655273437500000000e-01
1.494140625000000000e-01
1.885986328125000000e-01
3.525390625000000000e-01
1.456451416015625000e-02
-1.343994140625000000e-01
4.830932617187500000e-02
4.013061523437500000e-02
1.461181640625000000e-01
7.476806640625000000e-02
-9.716796875000000000e-02
1.971435546875000000e-01
-3.065490722656250000e-02
3.352050781250000000e-01
3.696289062500000000e-01
1.004028320312500000e-01
1.967773437500000000e-01
5.703125000000000000e+00
-9.222412109375000000e-02
-1.240234375000000000e-01
-3.805541992187500000e-02
-6.953125000000000000e-01
-1.414794921875000000e-01
-4.837036132812500000e-02
-3.266601562500000000e-01
-5.697631835937500000e-02
-1.438903808593750000e-02
2.376708984375000000e-01
-4.848632812500000000e-01
3.066406250000000000e-01
3.898925781250000000e-01
-1.907958984375000000e-01
1.638183593750000000e-01
1.687011718750000000e-01
3.100585937500000000e-01
8.032226562500000000e-02
-2.381896972656250000e-02
2.287597656250000000e-01
-1.119995117187500000e-01
1.605224609375000000e-01
9.100341796875000000e-02
-3.250122070312500000e-02
1.052246093750000000e-01
-6.658935546875000000e-02
-5.487060546875000000e-02
1.590576171875000000e-01
2.086181640625000000e-01
-5.917358398437500000e-02
-1.948242187500000000e-01
-1.136016845703125000e-02
1.041870117187500000e-01
-5.605468750000000000e-01
2.471923828125000000e-01
-1.984863281250000000e-01
2.890625000000000000e-01
3.289794921875000000e-02
1.625976562500000000e-01
2.661132812500000000e-01
-1.204223632812500000e-01
-2.941894531250000000e-02
-7.531738281250000000e-02
8.380126953125000000e-02
3.625488281250000000e-01
3.402709960937500000e-02
3.515625000000000000e-01
-2.185058593750000000e-01
8.245849609375000000e-02
-3.845214843750000000e-01
-1.623535156250000000e-01
-1.911621093750000000e-01
3.615722656250000000e-01
-1.640625000000000000e-01
1.314697265625000000e-01
4.792480468750000000e-01
1.093750000000000000e-01
-1.341552734375000000e-01
-1.004638671875000000e-01
-2.308349609375000000e-01
-2.326660156250000000e-01
-3.475952148437500000e-02
1.751899719238281250e-03
2.761230468750000000e-01
-1.328125000000000000e-01
-4.167480468750000000e-01
-1.085815429687500000e-01
1.968383789062500000e-02
1.658630371093750000e-02
-4.306640625000000000e-01
2.810058593750000000e-01
-6.329345703125000000e-02
1.226196289062500000e-01
2.211914062500000000e-01
5.938720703125000000e-02
-1.056518554687500000e-01
4.235839843750000000e-01
2.128906250000000000e-01
3.251953125000000000e-01
-3.918457031250000000e-02
4.977416992187500000e-02
-5.615234375000000000e-02
5.099487304687500000e-02
-7.318115234375000000e-02
2.468872070312500000e-02
-6.637573242187500000e-03
-1.455078125000000000e-01
-1.144409179687500000e-01
1.854248046875000000e-01
-1.154174804687500000e-01
2.790527343750000000e-01
1.801757812500000000e-01
-2.968750000000000000e-01
1.655273437500000000e-01
5.063476562500000000e-01
5.480957031250000000e-02
-2.783203125000000000e-02
-1.098632812500000000e-02
6.079101562500000000e-02
-5.303955078125000000e-02
2.207946777343750000e-02
2.039794921875000000e-01
1.372070312500000000e-01
2.514648437500000000e-01
3.085937500000000000e-01
-4.766845703125000000e-02
7.354736328125000000e-02
1.846923828125000000e-01
1.530761718750000000e-01
-6.622314453125000000e-03
7.629394531250000000e-02
1.041259765625000000e-01
3.649902343750000000e-02
-8.862304687500000000e-02
1.486816406250000000e-01
-3.486328125000000000e-01
4.998779296875000000e-02
1.503906250000000000e-01
1.717529296875000000e-01
-2.507324218750000000e-01
-1.298828125000000000e-01
-6.359863281250000000e-02
1.054077148437500000e-01
4.128417968750000000e-01
-3.063964843750000000e-01
-3.769531250000000000e-01
9.472656250000000000e-02
2.939453125000000000e-01
1.937255859375000000e-01
-1.491699218750000000e-01
2.602539062500000000e-01
1.761474609375000000e-01
2.470703125000000000e-01
2.182006835937500000e-02
2.137451171875000000e-01
-6.286621093750000000e-02
-5.639648437500000000e-01
-1.221313476562500000e-01
1.400146484375000000e-01
9.277343750000000000e-03
-1.250000000000000000e-01
1.274414062500000000e-01
2.420654296875000000e-01
-8.529663085937500000e-03
-5.746459960937500000e-02
2.373046875000000000e-01
2.758789062500000000e-01
-2.690429687500000000e-01
-6.390380859375000000e-02
1.083984375000000000e-01
-2.385253906250000000e-01
-2.644042968750000000e-01
3.203125000000000000e-01
5.767822265625000000e-02
-4.187011718750000000e-02
9.759521484375000000e-02
2.590332031250000000e-01
-2.980957031250000000e-01
2.011718750000000000e-01
-1.456298828125000000e-01
1.569824218750000000e-01
1.225585937500000000e-01
-2.863769531250000000e-01
-1.330566406250000000e-01
2.609863281250000000e-01
-4.426269531250000000e-01
-2.354736328125000000e-01
3.860473632812500000e-02
-4.067382812500000000e-01
1.582031250000000000e-01
-1.074829101562500000e-01
1.324462890625000000e-01
-1.630859375000000000e-01
9.124755859375000000e-02
-9.445190429687500000e-03
2.412109375000000000e-01
-1.048583984375000000e-01
-7.611083984375000000e-02
5.703125000000000000e+00
1.508789062500000000e-01
-8.624267578125000000e-02
1.223754882812500000e-01
-6.579589843750000000e-02
4.217529296875000000e-02
2.856445312500000000e-01
-4.367065429687500000e-02
7.363281250000000000e-01
4.888916015625000000e-02
2.749023437500000000e-01
-3.671264648437500000e-02
-7.110595703125000000e-02
-3.974609375000000000e-01
2.175292968750000000e-01
1.232910156250000000e-01
4.628906250000000000e-01
-2.636718750000000000e+00
-5.776977539062500000e-02
1.492919921875000000e-01
1.424560546875000000e-01
-8.532714843750000000e-02
-1.157226562500000000e-01
-7.575988769531250000e-03
-2.509765625000000000e-01
-4.406738281250000000e-02
-5.428314208984375000e-03
-1.155395507812500000e-01
2.626953125000000000e-01
-2.734375000000000000e-01
3.620605468750000000e-01
-1.292419433593750000e-02
4.647827148437500000e-02
-6.811523437500000000e-02
3.610839843750000000e-01
-6.182861328125000000e-02
-2.680664062500000000e-01
1.234130859375000000e-01
-2.177734375000000000e-01
2.739257812500000000e-01
-3.930664062500000000e-01
1.011352539062500000e-01
-8.538818359375000000e-02
1.638183593750000000e-01
-3.845214843750000000e-01
1.295166015625000000e-01
9.625244140625000000e-02
2.322998046875000000e-01
-3.281250000000000000e-01
-8.630371093750000000e-02
-2.963867187500000000e-01
6.420898437500000000e-02
1.750488281250000000e-01
-2.182617187500000000e-01
2.595214843750000000e-01
1.283264160156250000e-02
4.414062500000000000e-01
-3.540039062500000000e-01
1.831054687500000000e-01
-6.915283203125000000e-02
-1.227416992187500000e-01
1.352539062500000000e-01
-1.239013671875000000e-02
-2.775878906250000000e-01
-1.624755859375000000e-01
6.701660156250000000e-02
-4.353027343750000000e-01
1.858520507812500000e-02
-2.137451171875000000e-01
-1.090698242187500000e-01
9.979248046875000000e-02
1.472167968750000000e-01
4.150390625000000000e-01
-4.196777343750000000e-01
-2.742004394531250000e-02
2.819824218750000000e-01
-4.863281250000000000e-01
-2.092285156250000000e-01
-2.514648437500000000e-01
1.861572265625000000e-01
-3.273925781250000000e-01
-4.138183593750000000e-01
-2.390136718750000000e-01
-1.734619140625000000e-01
-1.940917968750000000e-01
-4.724121093750000000e-01
-1.522216796875000000e-01
2.768554687500000000e-01
4.238891601562500000e-02
-6.677246093750000000e-02
3.393554687500000000e-01
1.638183593750000000e-01
1.074981689453125000e-02
-1.091918945312500000e-01
1.568603515625000000e-01
2.617187500000000000e-01
4.628906250000000000e-01
-4.477539062500000000e-01
2.734375000000000000e-01
-5.410766601562500000e-02
-9.075927734375000000e-02
1.791992187500000000e-01
3.359375000000000000e-01
-5.142211914062500000e-02
1.439208984375000000e-01
1.008911132812500000e-01
1.033935546875000000e-01
7.879638671875000000e-02
-3.198242187500000000e-01
-1.161956787109375000e-02
-1.944580078125000000e-01
-1.876220703125000000e-01
8.178710937500000000e-02
2.141113281250000000e-01
-2.330322265625000000e-01
5.267333984375000000e-02
1.082153320312500000e-01
2.297363281250000000e-01
-1.474609375000000000e-01
-1.339111328125000000e-01
-1.541748046875000000e-01
-1.096191406250000000e-01
2.634277343750000000e-01
1.938476562500000000e-01
1.104736328125000000e-01
3.242187500000000000e-01
-4.362792968750000000e-01
-7.318115234375000000e-02
2.966308593750000000e-01
-4.241943359375000000e-02
-7.135009765625000000e-02
-2.990722656250000000e-01
-1.510009765625000000e-01
1.901855468750000000e-01
-5.410156250000000000e-01
2.019042968750000000e-01
2.690429687500000000e-01
2.966308593750000000e-01
1.510009765625000000e-01
-7.623291015625000000e-02
-7.183837890625000000e-02
1.355743408203125000e-02
1.224365234375000000e-01
2.897949218750000000e-01
1.104125976562500000e-01
-6.420898437500000000e-02
-6.726074218750000000e-02
-4.794921875000000000e-01
-2.106933593750000000e-01
2.133789062500000000e-01
2.622070312500000000e-01
1.386718750000000000e-01
2.910156250000000000e-01
-2.880859375000000000e-02
-2.066650390625000000e-01
1.730346679687500000e-02
-4.342651367187500000e-02
-2.188720703125000000e-01
2.349853515625000000e-01
-7.666015625000000000e-02
2.817382812500000000e-01
-1.379394531250000000e-02
-7.513427734375000000e-02
1.779785156250000000e-01
-2.313232421875000000e-01
9.497070312500000000e-02
-1.931762695312500000e-02
-1.473999023437500000e-02
-3.645019531250000000e-01
-4.274902343750000000e-01
8.947753906250000000e-02
-1.762390136718750000e-02
1.456298828125000000e-01
1.439208984375000000e-01
3.671875000000000000e-01
-7.025146484375000000e-02
2.050781250000000000e-01
-1.013793945312500000e-01
-8.715820312500000000e-01
-2.150878906250000000e-01
-1.191406250000000000e-01
6.816406250000000000e-01
4.650878906250000000e-01
2.426147460937500000e-02
2.863769531250000000e-01
8.224487304687500000e-03
-4.233398437500000000e-01
-7.489013671875000000e-02
-7.415771484375000000e-02
-4.338378906250000000e-01
-3.110351562500000000e-01
-2.374267578125000000e-01
-2.207946777343750000e-02
-9.973144531250000000e-02
2.702636718750000000e-01
-2.709960937500000000e-01
1.074218750000000000e-01
-2.015380859375000000e-01
-4.958496093750000000e-01
1.779785156250000000e-01
