-2.348632812500000000e-01
3.913574218750000000e-01
2.225341796875000000e-01
5.224609375000000000e-01
-1.904296875000000000e-01
1.042480468750000000e-01
-8.087158203125000000e-02
-1.126953125000000000e+00
-4.106445312500000000e-01
-4.638671875000000000e-03
-1.864013671875000000e-01
1.329421997070312500e-03
9.765625000000000000e-02
-1.156005859375000000e-01
1.268310546875000000e-01
1.394042968750000000e-01
3.364257812500000000e-01
1.166381835937500000e-01
1.773681640625000000e-01
-9.930419921875000000e-02
3.576660156250000000e-01
-3.439941406250000000e-01
1.420898437500000000e-01
-1.545410156250000000e-01
-2.775878906250000000e-01
-4.196166992187500000e-02
-1.408691406250000000e-01
1.376953125000000000e-01
-9.313964843750000000e-02
3.121948242187500000e-02
-2.412109375000000000e-01
1.828002929687500000e-02
1.622314453125000000e-01
1.440429687500000000e-01
-2.343750000000000000e-01
2.587890625000000000e-01
-5.056762695312500000e-02
-2.414550781250000000e-01
3.781127929687500000e-02
-4.116821289062500000e-02
-7.476806640625000000e-02
9.777832031250000000e-02
2.089843750000000000e-01
1.406250000000000000e-01
3.730468750000000000e-01
3.051757812500000000e-01
-7.312011718750000000e-02
6.042480468750000000e-02
1.405029296875000000e-01
2.624511718750000000e-01
-1.198120117187500000e-01
-9.820556640625000000e-02
-1.856689453125000000e-01
-5.219726562500000000e-01
-1.550292968750000000e-01
-3.247070312500000000e-01
-3.048706054687500000e-02
1.280517578125000000e-01
-3.842773437500000000e-01
-1.700439453125000000e-01
1.186523437500000000e-01
2.532958984375000000e-03
2.902832031250000000e-01
-1.896667480468750000e-02
-1.594238281250000000e-01
4.840850830078125000e-03
2.883300781250000000e-01
1.202392578125000000e-01
-1.827392578125000000e-01
-2.805175781250000000e-01
-8.074951171875000000e-02
-1.687011718750000000e-01
-2.737426757812500000e-02
1.223144531250000000e-01
-5.170898437500000000e-01
-1.795654296875000000e-01
3.752441406250000000e-01
-1.206665039062500000e-01
-1.051635742187500000e-01
-3.326416015625000000e-02
-3.659667968750000000e-01
-6.652832031250000000e-02
-3.801269531250000000e-01
1.138916015625000000e-01
-3.486328125000000000e-01
-1.352691650390625000e-02
1.062774658203125000e-02
-2.817153930664062500e-03
-4.216308593750000000e-01
2.929687500000000000e-01
-1.353759765625000000e-01
-3.881835937500000000e-02
-1.512695312500000000e+00
5.649414062500000000e-01
-2.915954589843750000e-02
4.586791992187500000e-02
2.119445800781250000e-02
6.215820312500000000e-01
2.297363281250000000e-01
2.861022949218750000e-02
7.049560546875000000e-02
1.621093750000000000e-01
1.650390625000000000e-01
-4.003906250000000000e-02
-3.117675781250000000e-01
4.421997070312500000e-02
1.284027099609375000e-02
1.145019531250000000e-01
-1.561737060546875000e-02
-3.171386718750000000e-01
-3.510742187500000000e-01
1.106262207031250000e-02
3.769531250000000000e-01
-1.875305175781250000e-02
1.243896484375000000e-01
4.605102539062500000e-02
3.293457031250000000e-01
1.873779296875000000e-01
-3.007812500000000000e-01
-7.537841796875000000e-02
-9.063720703125000000e-02
-1.400146484375000000e-01
-5.190429687500000000e-01
-2.753906250000000000e-01
1.469726562500000000e-01
5.659179687500000000e-01
6.872558593750000000e-02
8.374023437500000000e-02
1.424560546875000000e-01
3.242187500000000000e-01
3.220214843750000000e-01
7.592773437500000000e-02
-8.752441406250000000e-02
5.796875000000000000e+00
-2.861328125000000000e-01
2.883300781250000000e-01
-1.280975341796875000e-02
-5.537109375000000000e-01
-2.590332031250000000e-01
1.389160156250000000e-01
-1.228332519531250000e-02
-4.352569580078125000e-03
-4.597167968750000000e-01
3.125000000000000000e-01
-4.345703125000000000e-01
-1.019897460937500000e-01
3.139648437500000000e-01
2.048339843750000000e-01
-3.506469726562500000e-02
-4.211425781250000000e-01
2.031250000000000000e-01
-3.576660156250000000e-01
-4.205322265625000000e-02
2.968750000000000000e-01
-4.692077636718750000e-03
-1.762695312500000000e-01
-2.741699218750000000e-01
1.751708984375000000e-01
6.365966796875000000e-02
6.610107421875000000e-02
-1.673583984375000000e-01
-1.992187500000000000e-01
-1.986083984375000000e-01
-4.296875000000000000e-02
-2.301025390625000000e-01
3.930664062500000000e-02
7.080078125000000000e-02
8.251953125000000000e-02
3.737792968750000000e-01
-3.786621093750000000e-01
1.148986816406250000e-02
-2.255859375000000000e-01
-2.648925781250000000e-01
6.625976562500000000e-01
-4.436035156250000000e-01
1.260986328125000000e-01
-6.185913085937500000e-02
-6.439208984375000000e-02
2.303466796875000000e-01
-2.213134765625000000e-01
8.117675781250000000e-02
5.575561523437500000e-02
-2.089843750000000000e-01
2.922363281250000000e-01
-1.892089843750000000e-02
-3.264160156250000000e-01
1.663818359375000000e-01
-7.952880859375000000e-02
9.460449218750000000e-02
1.083374023437500000e-01
2.932128906250000000e-01
-8.843994140625000000e-02
-3.459472656250000000e-01
1.609802246093750000e-02
-1.342773437500000000e-01
4.182128906250000000e-01
-1.564941406250000000e-01
9.527587890625000000e-02
-2.178955078125000000e-01
-1.243286132812500000e-01
1.903076171875000000e-01
2.030029296875000000e-01
1.322021484375000000e-01
8.984375000000000000e-02
-2.695312500000000000e-01
4.058837890625000000e-02
2.247314453125000000e-01
-2.563476562500000000e-01
2.876281738281250000e-02
-1.016235351562500000e-01
4.631347656250000000e-01
-5.609130859375000000e-02
8.746337890625000000e-02
-3.112792968750000000e-01
1.243286132812500000e-01
-2.252197265625000000e-01
-5.871582031250000000e-02
-3.977050781250000000e-01
-8.813476562500000000e-02
1.632080078125000000e-01
1.054077148437500000e-01
9.313964843750000000e-02
-6.021118164062500000e-02
-2.980957031250000000e-01
5.984497070312500000e-02
1.364746093750000000e-01
1.708984375000000000e-01
2.883300781250000000e-01
1.551513671875000000e-01
-3.745117187500000000e-01
3.381347656250000000e-01
-8.520507812500000000e-02
-1.960754394531250000e-02
1.508789062500000000e-01
3.569335937500000000e-01
4.919433593750000000e-01
2.578125000000000000e-01
5.288696289062500000e-02
-4.574584960937500000e-02
-8.758544921875000000e-02
1.837158203125000000e-01
-4.348754882812500000e-03
-1.084594726562500000e-01
1.539306640625000000e-01
-2.639160156250000000e-01
3.193359375000000000e-01
-3.527832031250000000e-02
-2.094726562500000000e-01
6.821289062500000000e-01
-2.069091796875000000e-01
-1.809082031250000000e-01
7.957458496093750000e-03
-1.635742187500000000e-02
-2.066040039062500000e-02
2.724609375000000000e-01
1.273193359375000000e-01
2.910156250000000000e-01
2.622985839843750000e-02
3.955841064453125000e-03
1.058349609375000000e-01
5.039062500000000000e-01
1.439208984375000000e-01
-5.853271484375000000e-02
1.407470703125000000e-01
-1.304931640625000000e-01
2.570800781250000000e-01
1.799011230468750000e-02
-5.712890625000000000e-02
-1.702880859375000000e-01
5.527343750000000000e-01
-2.956542968750000000e-01
9.100341796875000000e-02
3.576660156250000000e-01
3.974609375000000000e-01
5.441284179687500000e-02
-1.865234375000000000e-01
2.419433593750000000e-01
-6.679534912109375000e-03
-3.737792968750000000e-01
1.916503906250000000e-01
3.935546875000000000e-01
-3.132324218750000000e-01
-2.080078125000000000e-01
2.570800781250000000e-01
-2.416992187500000000e-01
-4.230499267578125000e-03
1.408691406250000000e-01
-2.095947265625000000e-01
-1.144409179687500000e-01
2.401733398437500000e-02
2.244873046875000000e-01
-1.713867187500000000e-01
3.229980468750000000e-01
3.315429687500000000e-01
-2.481460571289062500e-03
-1.186523437500000000e-01
-1.843261718750000000e-01
8.953857421875000000e-02
-4.890441894531250000e-03
2.814941406250000000e-01
-9.109497070312500000e-03
-1.036987304687500000e-01
1.228637695312500000e-01
-1.827392578125000000e-01
1.508789062500000000e-01
1.807861328125000000e-01
8.673095703125000000e-02
2.707519531250000000e-01
-1.708984375000000000e-01
1.635742187500000000e-01
-1.876220703125000000e-01
5.200195312500000000e-01
5.796875000000000000e+00
-7.031250000000000000e-02
7.690429687500000000e-02
-6.335449218750000000e-02
-3.698730468750000000e-01
6.927490234375000000e-02
2.484130859375000000e-01
-1.117553710937500000e-01
4.797363281250000000e-01
4.077148437500000000e-01
4.567871093750000000e-01
-1.250000000000000000e-01
-1.064453125000000000e-01
1.235351562500000000e-01
2.797851562500000000e-01
-3.869628906250000000e-01
-1.799316406250000000e-01
-2.222656250000000000e+00
1.262207031250000000e-01
-2.714538574218750000e-02
-1.459960937500000000e-01
-3.921508789062500000e-02
-1.245727539062500000e-01
4.367675781250000000e-01
1.798095703125000000e-01
5.327148437500000000e-01
-2.193450927734375000e-03
-5.548095703125000000e-02
-3.281250000000000000e-01
-6.555175781250000000e-02
8.416748046875000000e-02
-1.157226562500000000e-01
3.100585937500000000e-01
-8.624267578125000000e-02
1.876220703125000000e-01
2.307128906250000000e-01
-5.380249023437500000e-02
5.374145507812500000e-02
4.916992187500000000e-01
-1.508789062500000000e-01
-1.582031250000000000e-01
1.566162109375000000e-01
-1.444091796875000000e-01
5.471801757812500000e-02
-1.894531250000000000e-01
1.683349609375000000e-01
7.316589355468750000e-03
1.040649414062500000e-01
-1.701660156250000000e-01
1.276855468750000000e-01
4.118652343750000000e-01
-4.112243652343750000e-03
7.098388671875000000e-02
-1.765136718750000000e-01
-7.952880859375000000e-02
8.599853515625000000e-02
-3.833007812500000000e-01
2.644042968750000000e-01
-3.476562500000000000e-01
1.458740234375000000e-01
2.489013671875000000e-01
3.898925781250000000e-01
-3.078613281250000000e-01
5.073242187500000000e-01
-3.010253906250000000e-01
-1.244506835937500000e-01
-5.146484375000000000e-01
1.358642578125000000e-01
5.786132812500000000e-02
1.007080078125000000e-01
-1.187133789062500000e-01
-2.359619140625000000e-01
2.457275390625000000e-01
-9.869384765625000000e-02
2.734375000000000000e-01
9.513854980468750000e-03
-4.265136718750000000e-01
3.851318359375000000e-02
-4.042968750000000000e-01
-1.004219055175781250e-03
1.678466796875000000e-01
-2.954101562500000000e-01
-1.796875000000000000e-01
3.007507324218750000e-02
-4.721069335937500000e-02
3.845214843750000000e-02
-1.065673828125000000e-01
4.301757812500000000e-01
-2.276611328125000000e-01
1.506347656250000000e-01
2.460937500000000000e-01
-1.383056640625000000e-01
-5.449218750000000000e-01
-7.495117187500000000e-02
3.098144531250000000e-01
7.421875000000000000e-02
1.234130859375000000e-01
4.736328125000000000e-02
-4.037475585937500000e-02
1.090698242187500000e-01
-1.242065429687500000e-01
3.435058593750000000e-01
1.672363281250000000e-01
-1.834106445312500000e-02
-6.390380859375000000e-02
8.245849609375000000e-02
-4.572753906250000000e-01
-9.522438049316406250e-04
-2.055664062500000000e-01
-1.849365234375000000e-01
2.016601562500000000e-01
-3.911132812500000000e-01
-1.291503906250000000e-01
1.697998046875000000e-01
-1.325683593750000000e-01
-1.915283203125000000e-01
1.566162109375000000e-01
4.392089843750000000e-01
4.006347656250000000e-01
-1.499023437500000000e-01
4.183959960937500000e-02
3.186035156250000000e-01
1.410675048828125000e-02
-1.828613281250000000e-01
-4.145507812500000000e-01
-6.671142578125000000e-02
-7.061767578125000000e-02
3.505859375000000000e-01
2.172851562500000000e-01
-2.631835937500000000e-01
-1.634521484375000000e-01
6.304931640625000000e-02
-7.269287109375000000e-02
9.094238281250000000e-02
-3.757324218750000000e-01
-3.098144531250000000e-01
7.592773437500000000e-02
2.741699218750000000e-01
3.725585937500000000e-01
5.329132080078125000e-03
-1.071777343750000000e-01
2.088623046875000000e-01
7.073974609375000000e-02
9.741210937500000000e-02
1.644287109375000000e-01
1.330566406250000000e-01
-4.946899414062500000e-02
-4.663085937500000000e-01
7.940673828125000000e-02
6.124877929687500000e-02
2.026367187500000000e-01
3.906250000000000000e-01
5.415039062500000000e-01
3.105468750000000000e-01
-3.210449218750000000e-02
2.473144531250000000e-01
1.551513671875000000e-01
-4.360351562500000000e-01
-8.758544921875000000e-02
-5.032348632812500000e-02
1.896972656250000000e-01
-6.433105468750000000e-02
2.697753906250000000e-01
1.474609375000000000e-01
7.379150390625000000e-02
2.269287109375000000e-01
-1.915283203125000000e-01
2.436523437500000000e-01
-1.575927734375000000e-01
-5.473632812500000000e-01
8.679199218750000000e-02
2.673339843750000000e-01
7.397460937500000000e-02
1.560058593750000000e-01
2.529296875000000000e-01
5.938720703125000000e-02
3.442382812500000000e-02
-3.771972656250000000e-02
-1.938476562500000000e-01
-5.485534667968750000e-03
1.766357421875000000e-01
7.026367187500000000e-01
2.009277343750000000e-01
-1.314697265625000000e-01
1.933593750000000000e-01
-2.517089843750000000e-01
1.329345703125000000e-01
-1.722412109375000000e-01
-1.766357421875000000e-01
-1.989746093750000000e-01
4.444122314453125000e-03
3.706054687500000000e-01
1.181793212890625000e-02
-8.746337890625000000e-02
1.361083984375000000e-01
-3.371582031250000000e-01
1.618652343750000000e-01
-2.160644531250000000e-01
-3.671875000000000000e-01
-1.416015625000000000e-01
