-2.113037109375000000e-01
1.477050781250000000e-01
-2.888183593750000000e-01
-7.971191406250000000e-02
-2.409667968750000000e-01
7.019042968750000000e-02
-1.033935546875000000e-01
-9.121093750000000000e-01
-1.231079101562500000e-01
-9.503173828125000000e-02
-1.397705078125000000e-01
-1.739501953125000000e-01
2.521972656250000000e-01
-1.564941406250000000e-01
2.103271484375000000e-01
2.353515625000000000e-01
1.333007812500000000e-01
1.228027343750000000e-01
-8.123779296875000000e-02
-3.703613281250000000e-01
3.718261718750000000e-01
4.787597656250000000e-01
-7.684326171875000000e-02
5.375976562500000000e-01
-3.422851562500000000e-01
1.251220703125000000e-01
1.848144531250000000e-01
-1.706542968750000000e-01
1.811523437500000000e-01
1.473388671875000000e-01
-1.398925781250000000e-01
2.150878906250000000e-01
3.781738281250000000e-01
2.304077148437500000e-02
-3.193359375000000000e-01
4.428100585937500000e-02
-7.733154296875000000e-02
5.380859375000000000e-01
8.438110351562500000e-03
-9.112548828125000000e-02
-2.835083007812500000e-02
5.895996093750000000e-02
2.888183593750000000e-01
-1.812744140625000000e-01
-2.329101562500000000e-01
4.648437500000000000e-01
1.783447265625000000e-01
1.806640625000000000e-01
8.569335937500000000e-02
-8.636474609375000000e-02
-2.110595703125000000e-01
2.846679687500000000e-01
1.702880859375000000e-01
-4.360351562500000000e-01
5.407714843750000000e-02
3.540039062500000000e-01
-2.456665039062500000e-02
7.318115234375000000e-02
-2.322998046875000000e-01
1.867675781250000000e-01
2.939453125000000000e-01
-3.510742187500000000e-01
-1.052246093750000000e-01
9.381103515625000000e-02
-3.591308593750000000e-01
1.466064453125000000e-01
1.969909667968750000e-02
3.234863281250000000e-01
8.349609375000000000e-02
-1.347656250000000000e-01
3.315429687500000000e-01
-9.014892578125000000e-02
2.307128906250000000e-01
-6.228637695312500000e-02
1.036987304687500000e-01
-1.353759765625000000e-01
1.185913085937500000e-01
-3.891601562500000000e-01
-9.771728515625000000e-02
-5.551757812500000000e-01
2.763366699218750000e-02
-8.689880371093750000e-03
2.459716796875000000e-01
1.688232421875000000e-01
-2.239990234375000000e-01
-2.602539062500000000e-01
1.668701171875000000e-01
-4.355468750000000000e-01
-9.222412109375000000e-02
2.423095703125000000e-01
9.613037109375000000e-02
3.666992187500000000e-01
-1.331054687500000000e+00
4.135742187500000000e-01
-4.621582031250000000e-01
6.402587890625000000e-02
-2.383422851562500000e-02
4.494628906250000000e-01
-4.329681396484375000e-03
2.243652343750000000e-01
1.322021484375000000e-01
5.484008789062500000e-02
-2.408447265625000000e-01
-8.520507812500000000e-02
-4.372558593750000000e-01
-1.187133789062500000e-01
5.184936523437500000e-02
-2.104492187500000000e-01
5.422973632812500000e-02
7.929801940917968750e-04
-6.100463867187500000e-02
-5.221557617187500000e-02
1.022338867187500000e-01
-8.752441406250000000e-02
9.283447265625000000e-02
3.414916992187500000e-02
1.965332031250000000e-01
-4.489135742187500000e-02
-3.435058593750000000e-01
-1.817321777343750000e-02
-1.850585937500000000e-01
-1.177978515625000000e-01
-1.389160156250000000e-01
1.893310546875000000e-01
-8.544921875000000000e-02
9.564208984375000000e-02
1.580810546875000000e-01
3.791503906250000000e-01
2.325439453125000000e-01
-1.148986816406250000e-02
3.288574218750000000e-01
2.207946777343750000e-02
-2.365722656250000000e-01
4.953125000000000000e+00
9.301757812500000000e-02
4.248046875000000000e-02
-1.722412109375000000e-01
-4.882812500000000000e-01
-1.152954101562500000e-01
-2.929687500000000000e-01
-7.114257812500000000e-01
1.563720703125000000e-01
1.242675781250000000e-01
3.403320312500000000e-01
1.341552734375000000e-01
3.034667968750000000e-01
8.721923828125000000e-02
2.121582031250000000e-01
7.122802734375000000e-02
-2.973937988281250000e-02
2.963867187500000000e-01
8.392333984375000000e-02
6.738281250000000000e-02
-3.479003906250000000e-02
-2.663574218750000000e-01
1.470947265625000000e-01
1.096191406250000000e-01
2.641296386718750000e-02
1.510009765625000000e-01
-9.112548828125000000e-02
2.868652343750000000e-01
-3.181152343750000000e-01
5.270385742187500000e-02
-2.348632812500000000e-01
-4.384765625000000000e-01
-3.088378906250000000e-01
-2.363281250000000000e-01
1.626586914062500000e-02
1.397705078125000000e-01
-1.022338867187500000e-01
-1.166381835937500000e-01
-8.905029296875000000e-02
-1.116180419921875000e-02
3.242187500000000000e-01
-4.697265625000000000e-01
-1.412353515625000000e-01
-2.025146484375000000e-01
2.393798828125000000e-01
4.680175781250000000e-01
-8.917236328125000000e-02
9.356689453125000000e-02
5.847167968750000000e-02
-8.728027343750000000e-02
8.331298828125000000e-02
1.716308593750000000e-01
-1.022338867187500000e-02
3.456115722656250000e-03
2.943038940429687500e-03
4.482421875000000000e-01
1.802978515625000000e-01
1.572265625000000000e-01
1.525878906250000000e-01
-4.450683593750000000e-01
-1.596679687500000000e-01
1.168823242187500000e-02
6.738281250000000000e-02
6.195068359375000000e-02
2.270507812500000000e-01
-5.438232421875000000e-02
-1.881103515625000000e-01
3.803710937500000000e-01
2.062988281250000000e-01
-1.915283203125000000e-01
1.712646484375000000e-01
-3.994140625000000000e-01
1.531219482421875000e-02
1.862792968750000000e-01
-9.875488281250000000e-02
3.608398437500000000e-01
2.397155761718750000e-02
1.844482421875000000e-01
3.850097656250000000e-01
-1.746826171875000000e-01
-3.979492187500000000e-01
9.002685546875000000e-02
7.358551025390625000e-03
1.815185546875000000e-01
-5.771484375000000000e-01
-2.429199218750000000e-01
-1.768798828125000000e-01
8.172607421875000000e-02
-8.715820312500000000e-02
7.379150390625000000e-02
-1.287841796875000000e-01
8.239746093750000000e-02
-1.084594726562500000e-01
-8.941650390625000000e-02
-1.275634765625000000e-02
1.280517578125000000e-01
1.022338867187500000e-02
5.058593750000000000e-01
2.729492187500000000e-01
1.948242187500000000e-01
8.135986328125000000e-02
-6.137084960937500000e-02
4.934082031250000000e-01
1.107788085937500000e-01
1.773681640625000000e-01
-8.323669433593750000e-03
5.722045898437500000e-02
3.637313842773437500e-03
5.744934082031250000e-03
1.162719726562500000e-01
2.270507812500000000e-01
-3.437500000000000000e-01
-1.944580078125000000e-01
4.888916015625000000e-02
-8.715820312500000000e-02
7.407226562500000000e-01
2.854003906250000000e-01
-3.071289062500000000e-01
3.754882812500000000e-01
1.121826171875000000e-01
2.171630859375000000e-01
7.354736328125000000e-02
2.917480468750000000e-01
2.409667968750000000e-01
2.493286132812500000e-02
-1.727294921875000000e-01
1.075439453125000000e-01
-2.436523437500000000e-01
-2.702636718750000000e-01
2.327880859375000000e-01
-7.641601562500000000e-02
1.442718505859375000e-02
3.090820312500000000e-01
4.489746093750000000e-01
4.226684570312500000e-02
-2.113037109375000000e-01
-1.249694824218750000e-02
-3.005371093750000000e-01
-3.566894531250000000e-01
2.058410644531250000e-02
5.009765625000000000e-01
-5.332031250000000000e-01
-3.549804687500000000e-01
6.791992187500000000e-01
-4.974365234375000000e-02
-3.295898437500000000e-01
-3.200683593750000000e-01
2.915039062500000000e-01
-2.822265625000000000e-01
-1.062011718750000000e-01
3.259277343750000000e-01
-4.475097656250000000e-01
-1.701660156250000000e-01
5.276489257812500000e-02
-3.806152343750000000e-01
1.710205078125000000e-01
1.456298828125000000e-01
6.994628906250000000e-02
-2.464294433593750000e-02
-2.790527343750000000e-01
1.666259765625000000e-01
-1.303710937500000000e-01
-2.023925781250000000e-01
-4.641113281250000000e-01
1.117553710937500000e-01
2.138671875000000000e-01
2.497558593750000000e-01
8.447265625000000000e-02
2.927246093750000000e-01
-9.613037109375000000e-03
-2.420654296875000000e-01
1.531219482421875000e-02
4.738769531250000000e-01
-3.049316406250000000e-01
-3.662109375000000000e-01
-8.905029296875000000e-02
-2.829589843750000000e-01
-1.053466796875000000e-01
2.287597656250000000e-01
4.957031250000000000e+00
1.115722656250000000e-01
-3.698730468750000000e-01
-3.859863281250000000e-01
2.344970703125000000e-01
-1.599121093750000000e-02
2.521972656250000000e-01
-9.191894531250000000e-02
1.135253906250000000e-01
4.001464843750000000e-01
2.951660156250000000e-01
2.563476562500000000e-01
-2.810058593750000000e-01
2.329101562500000000e-01
7.391357421875000000e-02
-2.039794921875000000e-01
5.458984375000000000e-01
-1.772460937500000000e+00
2.093505859375000000e-01
1.947021484375000000e-01
-2.188720703125000000e-01
3.288574218750000000e-01
3.015136718750000000e-01
-1.915283203125000000e-01
2.272949218750000000e-01
2.612304687500000000e-01
-1.968994140625000000e-01
-2.188720703125000000e-01
1.022949218750000000e-01
-3.298339843750000000e-01
-2.758789062500000000e-01
1.141357421875000000e-01
3.442382812500000000e-01
-1.827392578125000000e-01
4.910278320312500000e-02
-7.531738281250000000e-02
-1.896972656250000000e-01
-3.737792968750000000e-01
4.309082031250000000e-01
2.055358886718750000e-02
2.644042968750000000e-01
3.740234375000000000e-01
-8.514404296875000000e-02
2.083740234375000000e-01
-2.736816406250000000e-01
2.666015625000000000e-01
2.127685546875000000e-01
-3.469848632812500000e-02
3.137207031250000000e-01
1.625976562500000000e-01
3.298339843750000000e-01
-3.591918945312500000e-02
1.046142578125000000e-01
-3.457031250000000000e-01
-4.335937500000000000e-01
-9.063720703125000000e-02
-2.385253906250000000e-01
1.606445312500000000e-01
-2.558593750000000000e-01
1.287841796875000000e-01
2.575683593750000000e-01
1.938476562500000000e-01
1.777343750000000000e-01
1.233520507812500000e-01
-1.293945312500000000e-01
-2.196044921875000000e-01
-2.885742187500000000e-01
2.456054687500000000e-01
-3.142089843750000000e-01
-1.411132812500000000e-01
2.569580078125000000e-02
-2.692871093750000000e-01
4.738769531250000000e-01
-1.475830078125000000e-01
2.046203613281250000e-02
4.797363281250000000e-01
-2.854003906250000000e-01
-4.678344726562500000e-02
-1.791992187500000000e-01
-2.585449218750000000e-01
1.204833984375000000e-01
1.414794921875000000e-01
-1.084594726562500000e-01
1.993408203125000000e-01
2.050781250000000000e-01
-3.247070312500000000e-01
-2.902832031250000000e-01
4.836425781250000000e-01
-1.993408203125000000e-01
1.345214843750000000e-01
1.717529296875000000e-01
2.597045898437500000e-02
1.646728515625000000e-01
-2.537536621093750000e-02
5.703125000000000000e-01
2.347412109375000000e-01
4.538574218750000000e-01
-1.328125000000000000e-01
2.431640625000000000e-01
8.807373046875000000e-02
-4.794311523437500000e-02
3.081054687500000000e-01
1.461181640625000000e-01
4.228515625000000000e-01
-4.155273437500000000e-01
-1.905517578125000000e-01
-2.163696289062500000e-02
3.972167968750000000e-01
-4.042968750000000000e-01
-1.224975585937500000e-01
5.615234375000000000e-02
-5.732421875000000000e-01
8.691406250000000000e-02
1.477050781250000000e-01
-3.625488281250000000e-01
-2.805175781250000000e-01
1.392822265625000000e-01
-7.092285156250000000e-02
4.783630371093750000e-03
-2.471923828125000000e-01
1.265716552734375000e-02
1.689453125000000000e-01
4.658203125000000000e-01
-1.522216796875000000e-01
-5.709838867187500000e-02
-1.565551757812500000e-02
-1.495361328125000000e-01
2.416992187500000000e-01
-2.415771484375000000e-01
-2.961425781250000000e-01
-1.170654296875000000e-01
3.176879882812500000e-02
1.512451171875000000e-01
3.464355468750000000e-01
-1.152343750000000000e-01
-6.103515625000000000e-01
3.391113281250000000e-01
-6.488037109375000000e-02
-7.415771484375000000e-02
2.758789062500000000e-01
-4.733276367187500000e-02
3.574218750000000000e-01
-2.008056640625000000e-01
1.986083984375000000e-01
3.388671875000000000e-01
-3.193359375000000000e-01
8.911132812500000000e-02
-8.380126953125000000e-02
-9.197998046875000000e-02
2.470703125000000000e-01
1.348876953125000000e-01
2.391357421875000000e-01
3.925781250000000000e-01
-3.286132812500000000e-01
-6.994628906250000000e-02
-5.639648437500000000e-01
-4.287109375000000000e-01
-9.483337402343750000e-03
-2.789306640625000000e-02
-3.818359375000000000e-01
2.215576171875000000e-01
1.914062500000000000e-01
1.448974609375000000e-01
3.317260742187500000e-02
-4.418945312500000000e-01
1.978759765625000000e-01
1.494140625000000000e-01
1.151123046875000000e-01
6.738281250000000000e-02
-2.868652343750000000e-01
2.362060546875000000e-01
-7.916259765625000000e-02
1.516113281250000000e-01
1.103515625000000000e-01
-1.851806640625000000e-01
-1.808166503906250000e-02
-2.211914062500000000e-01
-1.849365234375000000e-01
-1.733398437500000000e-01
2.770996093750000000e-01
-1.016235351562500000e-01
8.212890625000000000e-01
-1.988525390625000000e-01
2.406311035156250000e-02
-4.769897460937500000e-02
3.564453125000000000e-01
1.508789062500000000e-01
-4.638671875000000000e-03
-3.767089843750000000e-01
-2.166748046875000000e-01
1.606445312500000000e-01
1.586914062500000000e-01
1.052856445312500000e-01
-2.543945312500000000e-01
7.287597656250000000e-02
-1.022949218750000000e-01
1.444091796875000000e-01
-8.990478515625000000e-02
-4.504394531250000000e-01
2.509765625000000000e-01
