-1.234741210937500000e-01
-1.132202148437500000e-01
-1.204223632812500000e-01
-3.784179687500000000e-02
-2.094726562500000000e-01
-4.450683593750000000e-01
-1.744384765625000000e-01
-1.082031250000000000e+00
-1.744384765625000000e-01
6.311035156250000000e-02
1.706542968750000000e-01
-8.325195312500000000e-02
-2.595214843750000000e-01
-1.224365234375000000e-01
7.073974609375000000e-02
-2.095947265625000000e-01
2.797851562500000000e-01
1.646728515625000000e-01
-3.293457031250000000e-01
-8.673095703125000000e-02
4.211425781250000000e-01
4.082031250000000000e-01
1.317138671875000000e-01
2.208251953125000000e-01
-4.191894531250000000e-01
2.050781250000000000e-01
-1.221923828125000000e-01
-1.174926757812500000e-01
-9.313964843750000000e-02
5.059814453125000000e-02
-1.817626953125000000e-01
-6.118774414062500000e-02
7.366943359375000000e-02
8.312988281250000000e-02
-4.582519531250000000e-01
2.766113281250000000e-01
1.072387695312500000e-01
3.535156250000000000e-01
-1.814270019531250000e-02
-2.403259277343750000e-02
3.105468750000000000e-01
-9.008789062500000000e-02
4.544067382812500000e-02
1.464843750000000000e-01
-1.658935546875000000e-01
1.614990234375000000e-01
-1.511230468750000000e-01
2.427978515625000000e-01
-8.453369140625000000e-02
-5.957031250000000000e-02
-8.648681640625000000e-02
-5.097656250000000000e-01
3.056640625000000000e-01
-4.147949218750000000e-01
1.347656250000000000e-01
3.415527343750000000e-01
3.015136718750000000e-01
-7.391357421875000000e-02
2.445068359375000000e-01
-2.853393554687500000e-02
3.232421875000000000e-01
3.652343750000000000e-01
-1.490478515625000000e-01
-1.466064453125000000e-01
4.806518554687500000e-02
-4.245605468750000000e-01
7.928466796875000000e-02
-1.158447265625000000e-01
-2.521972656250000000e-01
-2.161865234375000000e-01
1.673583984375000000e-01
-2.050781250000000000e-01
1.844787597656250000e-02
1.750488281250000000e-01
2.639160156250000000e-01
-2.536621093750000000e-01
-2.116699218750000000e-01
-1.746826171875000000e-01
-1.751708984375000000e-01
-7.971191406250000000e-02
-8.404541015625000000e-02
-1.651611328125000000e-01
-3.642578125000000000e-01
5.678710937500000000e-01
4.856109619140625000e-03
-1.442871093750000000e-01
1.909179687500000000e-01
-2.642822265625000000e-02
5.468750000000000000e-01
5.578613281250000000e-02
2.208251953125000000e-01
-2.232666015625000000e-01
-1.521484375000000000e+00
8.117675781250000000e-02
-2.026367187500000000e-01
2.749023437500000000e-01
5.667114257812500000e-02
4.379272460937500000e-02
-1.574707031250000000e-01
2.481079101562500000e-02
-1.107788085937500000e-01
-5.944824218750000000e-02
1.017456054687500000e-01
-1.907958984375000000e-01
-2.075195312500000000e-01
-7.336425781250000000e-02
1.178588867187500000e-01
8.605957031250000000e-02
-1.522216796875000000e-01
-1.975097656250000000e-01
-1.101074218750000000e-01
-4.280090332031250000e-03
1.848144531250000000e-01
-3.637695312500000000e-01
-1.599121093750000000e-01
-2.897949218750000000e-01
1.667480468750000000e-01
4.978027343750000000e-01
-2.817382812500000000e-01
3.498535156250000000e-01
-1.130981445312500000e-01
-8.764648437500000000e-02
2.639160156250000000e-01
1.166992187500000000e-01
-8.020019531250000000e-02
2.976074218750000000e-01
1.928710937500000000e-01
1.065063476562500000e-02
3.881835937500000000e-01
2.531738281250000000e-01
-2.246093750000000000e-01
2.427978515625000000e-01
3.718261718750000000e-01
5.250000000000000000e+00
-2.292480468750000000e-01
-1.790771484375000000e-01
-2.634277343750000000e-01
-4.880371093750000000e-01
-1.326904296875000000e-01
3.132324218750000000e-01
-5.473632812500000000e-01
-3.132324218750000000e-01
-1.948242187500000000e-01
1.501464843750000000e-01
-3.566894531250000000e-01
-2.066650390625000000e-01
8.734130859375000000e-02
2.451171875000000000e-01
2.719726562500000000e-01
-1.575927734375000000e-01
-1.864624023437500000e-02
-3.820800781250000000e-01
2.448730468750000000e-01
1.333007812500000000e-01
-1.420898437500000000e-01
1.647949218750000000e-01
5.395507812500000000e-02
2.043457031250000000e-01
1.035156250000000000e-01
-1.879882812500000000e-01
1.860351562500000000e-01
2.789306640625000000e-02
-2.532958984375000000e-02
1.336669921875000000e-01
7.446289062500000000e-02
-1.201171875000000000e-01
-3.793334960937500000e-02
3.186035156250000000e-02
1.965332031250000000e-01
-2.149658203125000000e-01
1.409912109375000000e-01
-6.512451171875000000e-02
2.301025390625000000e-01
-8.026123046875000000e-03
-3.742675781250000000e-01
1.015625000000000000e-01
-9.381103515625000000e-02
-1.322021484375000000e-01
3.103027343750000000e-01
-6.750488281250000000e-02
2.172851562500000000e-01
6.048583984375000000e-02
4.533691406250000000e-01
-3.744506835937500000e-02
9.191894531250000000e-02
-6.103515625000000000e-01
3.254394531250000000e-01
2.227783203125000000e-01
3.025817871093750000e-02
1.965332031250000000e-01
-1.007690429687500000e-01
5.566406250000000000e-01
-5.288085937500000000e-01
-1.130981445312500000e-01
8.251953125000000000e-02
2.587890625000000000e-01
-6.503906250000000000e-01
5.341796875000000000e-01
2.362060546875000000e-01
-1.859130859375000000e-01
-1.369628906250000000e-01
2.738952636718750000e-02
3.420410156250000000e-01
8.459472656250000000e-02
-8.148193359375000000e-02
1.396484375000000000e-01
-1.354980468750000000e-02
-1.293945312500000000e-02
-4.071044921875000000e-02
-4.338378906250000000e-01
-2.208709716796875000e-03
-1.981201171875000000e-01
-3.571777343750000000e-01
1.400146484375000000e-01
-2.446289062500000000e-01
-1.988525390625000000e-01
3.170776367187500000e-02
-3.959960937500000000e-01
-2.159423828125000000e-01
-1.423339843750000000e-01
-1.101074218750000000e-01
2.230834960937500000e-02
-1.645507812500000000e-01
-1.878356933593750000e-02
2.912597656250000000e-01
1.939697265625000000e-01
4.086303710937500000e-02
-2.891540527343750000e-02
-3.198242187500000000e-02
-1.628417968750000000e-01
5.577087402343750000e-03
-1.394042968750000000e-01
2.077636718750000000e-01
-2.174072265625000000e-01
-4.695892333984375000e-03
1.843261718750000000e-01
8.105468750000000000e-02
-4.282226562500000000e-01
8.740234375000000000e-02
-1.318359375000000000e-01
2.996826171875000000e-02
-1.113891601562500000e-01
2.320861816406250000e-02
-2.998046875000000000e-01
-4.028320312500000000e-01
3.213500976562500000e-02
-3.195800781250000000e-01
8.959960937500000000e-02
2.436523437500000000e-01
-2.177429199218750000e-02
1.346435546875000000e-01
3.860473632812500000e-02
1.625976562500000000e-01
3.649902343750000000e-01
1.542968750000000000e-01
2.508544921875000000e-02
1.912841796875000000e-01
-5.068359375000000000e-01
2.272949218750000000e-01
-6.024169921875000000e-02
3.027343750000000000e-02
-1.296386718750000000e-01
-3.181152343750000000e-01
1.463623046875000000e-01
1.453857421875000000e-01
2.900390625000000000e-01
-3.512573242187500000e-02
6.671142578125000000e-02
-4.855957031250000000e-01
5.380249023437500000e-02
2.524414062500000000e-01
2.900390625000000000e-01
1.311035156250000000e-01
-2.205810546875000000e-01
-3.640136718750000000e-01
-2.176513671875000000e-01
-3.442382812500000000e-01
-1.016845703125000000e-01
1.522216796875000000e-01
3.369140625000000000e-01
1.860351562500000000e-01
2.985839843750000000e-01
-2.744140625000000000e-01
2.536621093750000000e-01
-7.421875000000000000e-02
-3.598632812500000000e-01
2.761230468750000000e-01
1.730957031250000000e-01
4.270019531250000000e-01
-1.300048828125000000e-01
1.740722656250000000e-01
-1.190185546875000000e-01
9.307861328125000000e-02
1.490478515625000000e-01
-1.751708984375000000e-01
4.313964843750000000e-01
-4.462890625000000000e-01
-4.165649414062500000e-02
2.512207031250000000e-01
2.448730468750000000e-01
-3.918457031250000000e-01
-1.212158203125000000e-01
1.553955078125000000e-01
2.534179687500000000e-01
3.557205200195312500e-03
3.417968750000000000e-01
-1.929931640625000000e-01
2.900390625000000000e-01
1.295166015625000000e-01
-2.189941406250000000e-01
4.971313476562500000e-02
-5.279541015625000000e-02
5.242187500000000000e+00
9.783935546875000000e-02
-1.502685546875000000e-01
2.644348144531250000e-02
-9.771728515625000000e-02
-2.883300781250000000e-01
6.088867187500000000e-01
4.387207031250000000e-01
3.032226562500000000e-01
4.296875000000000000e-01
1.577148437500000000e-01
2.688598632812500000e-02
-4.804687500000000000e-01
2.880859375000000000e-01
3.205566406250000000e-01
2.432861328125000000e-01
-1.437988281250000000e-01
-2.439453125000000000e+00
1.215209960937500000e-01
-3.381347656250000000e-01
1.785888671875000000e-01
-6.787109375000000000e-02
-2.973556518554687500e-03
-5.161132812500000000e-01
4.228515625000000000e-01
-2.196044921875000000e-01
-1.417236328125000000e-01
-2.231445312500000000e-01
-5.834960937500000000e-02
-2.648925781250000000e-01
3.127441406250000000e-01
-4.421386718750000000e-01
2.968750000000000000e-01
3.996582031250000000e-01
-2.326965332031250000e-02
-1.927490234375000000e-01
-2.705078125000000000e-01
-7.281494140625000000e-02
-2.347412109375000000e-01
3.154296875000000000e-01
6.635742187500000000e-01
1.374053955078125000e-02
1.549072265625000000e-01
-5.554199218750000000e-02
-4.611206054687500000e-02
2.802734375000000000e-01
-1.503906250000000000e-01
1.743164062500000000e-01
1.512451171875000000e-01
1.528320312500000000e-01
1.788330078125000000e-01
-1.867675781250000000e-01
-3.120422363281250000e-03
-1.245727539062500000e-01
-1.678466796875000000e-01
3.557128906250000000e-01
-1.750488281250000000e-01
5.020141601562500000e-02
-2.143554687500000000e-01
9.686279296875000000e-02
-4.663085937500000000e-02
3.131103515625000000e-02
-4.394531250000000000e-01
4.794311523437500000e-02
-2.610778808593750000e-02
3.486328125000000000e-01
4.467773437500000000e-01
3.029785156250000000e-01
1.698303222656250000e-02
1.562500000000000000e-01
5.537109375000000000e-01
2.156982421875000000e-01
-2.595214843750000000e-01
2.413330078125000000e-01
3.741455078125000000e-02
-9.960937500000000000e-02
1.480712890625000000e-01
1.380615234375000000e-01
-7.285156250000000000e-01
3.208007812500000000e-01
1.721191406250000000e-01
6.455078125000000000e-01
-3.881835937500000000e-01
3.935546875000000000e-01
-9.515380859375000000e-02
-1.864013671875000000e-01
2.299804687500000000e-01
1.259765625000000000e-01
-1.995849609375000000e-01
4.919433593750000000e-02
-2.452392578125000000e-01
-1.336669921875000000e-01
-4.824218750000000000e-01
-1.075439453125000000e-01
-1.718750000000000000e-01
-7.495117187500000000e-02
4.699707031250000000e-01
-4.072265625000000000e-01
3.508300781250000000e-01
1.115722656250000000e-01
-8.459472656250000000e-02
-1.196289062500000000e-02
-2.524414062500000000e-01
1.712646484375000000e-01
-1.605224609375000000e-01
9.381103515625000000e-02
-1.811523437500000000e-01
9.210205078125000000e-02
6.768798828125000000e-02
2.375488281250000000e-01
2.802734375000000000e-01
-5.375976562500000000e-01
1.812744140625000000e-01
8.715820312500000000e-02
5.584716796875000000e-02
-7.867431640625000000e-02
2.340087890625000000e-01
1.884765625000000000e-01
-1.663818359375000000e-01
-1.152343750000000000e-01
-4.519042968750000000e-01
1.934814453125000000e-01
-1.878356933593750000e-02
-6.069946289062500000e-02
-2.739257812500000000e-01
-1.037597656250000000e-01
-1.160278320312500000e-01
-4.328613281250000000e-01
2.316894531250000000e-01
-4.379882812500000000e-01
-1.336669921875000000e-01
5.435180664062500000e-02
2.866210937500000000e-01
4.160156250000000000e-01
2.017822265625000000e-01
-2.514648437500000000e-01
-9.185791015625000000e-02
1.104736328125000000e-01
7.675781250000000000e-01
-1.970214843750000000e-01
8.636474609375000000e-02
-8.526611328125000000e-02
-5.310058593750000000e-02
4.431152343750000000e-02
1.750183105468750000e-02
2.048339843750000000e-01
4.069824218750000000e-01
-2.371826171875000000e-01
5.242919921875000000e-02
2.318115234375000000e-01
-3.256835937500000000e-01
7.397460937500000000e-02
2.651367187500000000e-01
-1.331787109375000000e-01
6.030273437500000000e-01
-7.000732421875000000e-02
-8.491516113281250000e-03
-8.361816406250000000e-02
-1.591491699218750000e-02
-7.946777343750000000e-02
-7.641601562500000000e-02
8.923339843750000000e-02
1.395416259765625000e-02
-5.899047851562500000e-02
1.280212402343750000e-02
2.070312500000000000e-01
7.482910156250000000e-02
-6.793212890625000000e-02
8.459472656250000000e-02
-5.122070312500000000e-01
7.971191406250000000e-02
1.379394531250000000e-01
-3.818359375000000000e-01
-2.042236328125000000e-01
3.393554687500000000e-01
3.835449218750000000e-01
-1.756591796875000000e-01
-1.353759765625000000e-01
5.499267578125000000e-02
2.895507812500000000e-01
-4.057617187500000000e-01
4.592285156250000000e-01
-1.554870605468750000e-02
-2.546386718750000000e-01
-1.130371093750000000e-01
-1.301269531250000000e-01
-1.336669921875000000e-01
3.737792968750000000e-01
2.224121093750000000e-01
-2.873535156250000000e-01
2.624511718750000000e-01
2.154541015625000000e-01
4.626464843750000000e-01
-1.436767578125000000e-01
-9.295654296875000000e-02
-1.284790039062500000e-02
1.088867187500000000e-01
1.007080078125000000e-01
2.248535156250000000e-01
-1.561279296875000000e-01
