6.939697265625000000e-02
-8.288574218750000000e-02
-1.595458984375000000e-01
2.709960937500000000e-01
4.196166992187500000e-02
-2.198486328125000000e-01
-1.812744140625000000e-01
-1.108398437500000000e+00
-3.327636718750000000e-01
7.198333740234375000e-03
1.359863281250000000e-01
-6.622314453125000000e-02
-8.453369140625000000e-02
-3.424072265625000000e-02
2.814941406250000000e-01
7.147216796875000000e-02
2.705078125000000000e-01
1.419677734375000000e-01
-2.595214843750000000e-01
-1.306152343750000000e-01
2.177734375000000000e-01
4.418945312500000000e-01
3.454589843750000000e-01
-2.558593750000000000e-01
-2.973632812500000000e-01
-2.299804687500000000e-01
-2.045898437500000000e-01
1.424560546875000000e-01
-1.500244140625000000e-01
1.259765625000000000e-01
-2.054443359375000000e-01
-2.566528320312500000e-02
1.887512207031250000e-02
-6.677246093750000000e-02
-4.750976562500000000e-01
3.479003906250000000e-01
-1.989746093750000000e-01
3.898925781250000000e-01
-8.648681640625000000e-02
5.804443359375000000e-02
-8.367919921875000000e-02
-6.124877929687500000e-02
-4.870605468750000000e-02
-6.228637695312500000e-02
2.854003906250000000e-01
8.825683593750000000e-02
1.087036132812500000e-01
-9.527587890625000000e-02
-7.812500000000000000e-02
-1.534423828125000000e-01
-2.741699218750000000e-01
1.574707031250000000e-01
1.699218750000000000e-01
-1.434326171875000000e-01
-5.859375000000000000e-01
-1.197509765625000000e-01
2.000732421875000000e-01
2.888183593750000000e-01
-4.011230468750000000e-01
3.027343750000000000e-01
1.386718750000000000e-01
-1.726074218750000000e-01
-1.882324218750000000e-01
6.298828125000000000e-02
1.876220703125000000e-01
-3.332519531250000000e-01
-1.540527343750000000e-01
3.521728515625000000e-02
8.557128906250000000e-02
-3.054199218750000000e-01
7.015228271484375000e-03
-2.410888671875000000e-01
2.814941406250000000e-01
2.062988281250000000e-01
4.260253906250000000e-01
-2.812500000000000000e-01
-4.458618164062500000e-02
-1.220703125000000000e-01
-1.131591796875000000e-01
-2.469482421875000000e-01
-5.405273437500000000e-01
-3.132324218750000000e-01
-2.333984375000000000e-01
4.355468750000000000e-01
1.987304687500000000e-01
-7.989501953125000000e-02
1.194458007812500000e-01
-2.269287109375000000e-01
6.427764892578125000e-03
-1.361083984375000000e-01
-3.813476562500000000e-01
-1.925048828125000000e-01
-1.634765625000000000e+00
5.522460937500000000e-01
-1.688232421875000000e-01
4.660034179687500000e-02
3.464355468750000000e-01
4.912109375000000000e-01
3.344726562500000000e-01
-2.714843750000000000e-01
1.164550781250000000e-01
-2.274169921875000000e-01
2.460937500000000000e-01
-7.122802734375000000e-02
-4.069824218750000000e-01
-2.286376953125000000e-01
7.019042968750000000e-02
3.134765625000000000e-01
-1.270751953125000000e-01
-1.950073242187500000e-02
-1.884460449218750000e-02
-5.459594726562500000e-02
-1.843261718750000000e-01
1.428222656250000000e-01
2.453613281250000000e-01
-4.504394531250000000e-01
5.451202392578125000e-03
2.944335937500000000e-01
-1.172485351562500000e-01
-9.265136718750000000e-02
9.863281250000000000e-02
-1.673583984375000000e-01
-7.440185546875000000e-02
-7.769775390625000000e-02
3.330078125000000000e-01
-6.439208984375000000e-02
7.940673828125000000e-02
7.733154296875000000e-02
-6.210327148437500000e-02
4.863281250000000000e-01
1.001586914062500000e-01
5.844116210937500000e-02
8.337402343750000000e-02
6.402343750000000000e+00
1.352539062500000000e-01
-7.403564453125000000e-02
2.430725097656250000e-02
-1.828613281250000000e-01
-2.059326171875000000e-01
3.032226562500000000e-01
1.883544921875000000e-01
-1.947021484375000000e-01
-2.354736328125000000e-01
-1.966552734375000000e-01
-3.254394531250000000e-01
2.180175781250000000e-01
7.867431640625000000e-02
5.657958984375000000e-02
-2.404785156250000000e-01
1.470947265625000000e-01
-3.322753906250000000e-01
-2.016601562500000000e-01
-4.370117187500000000e-02
3.652343750000000000e-01
5.805969238281250000e-03
-5.191040039062500000e-02
-1.977539062500000000e-01
-2.406311035156250000e-02
-3.790855407714843750e-04
-2.595214843750000000e-01
-1.297607421875000000e-01
3.320312500000000000e-02
-3.928222656250000000e-01
-1.716308593750000000e-01
9.246826171875000000e-02
-1.674804687500000000e-01
1.184082031250000000e-01
-7.165527343750000000e-02
-8.618164062500000000e-02
-4.565429687500000000e-01
5.341796875000000000e-01
-1.368408203125000000e-01
-1.422119140625000000e-01
3.906250000000000000e-01
-4.235839843750000000e-01
1.053466796875000000e-01
-1.879882812500000000e-01
-5.831909179687500000e-02
2.338867187500000000e-01
1.810302734375000000e-01
1.016845703125000000e-01
2.897949218750000000e-01
-3.217773437500000000e-01
1.196899414062500000e-01
2.241210937500000000e-01
-1.750488281250000000e-01
-4.873657226562500000e-02
-5.285644531250000000e-02
-3.034667968750000000e-01
-4.727172851562500000e-02
1.536865234375000000e-01
2.393798828125000000e-01
-4.086914062500000000e-01
-6.860351562500000000e-02
-7.598876953125000000e-02
2.266845703125000000e-01
-2.207031250000000000e-01
3.964843750000000000e-01
6.787109375000000000e-02
-9.179687500000000000e-02
-1.771240234375000000e-01
-3.491210937500000000e-01
3.337402343750000000e-01
-1.623535156250000000e-01
8.506774902343750000e-03
-3.981933593750000000e-01
-6.909179687500000000e-02
3.674316406250000000e-02
-2.332763671875000000e-01
-1.899719238281250000e-02
6.210937500000000000e-01
-1.430664062500000000e-01
9.387207031250000000e-02
3.830566406250000000e-01
8.758544921875000000e-02
-1.495361328125000000e-01
-8.673095703125000000e-02
-2.138671875000000000e-01
-2.648925781250000000e-01
1.391601562500000000e-01
-2.360839843750000000e-01
-2.700195312500000000e-01
3.503417968750000000e-02
-2.053222656250000000e-01
7.214355468750000000e-02
-3.913879394531250000e-03
5.551757812500000000e-01
-1.751708984375000000e-01
-3.027343750000000000e-01
-1.385688781738281250e-03
-2.084960937500000000e-01
-6.076049804687500000e-02
1.710205078125000000e-01
8.526611328125000000e-02
1.003417968750000000e-01
3.999023437500000000e-01
-7.250976562500000000e-02
3.820800781250000000e-01
-9.381103515625000000e-02
-6.097412109375000000e-02
-1.796875000000000000e-01
2.442626953125000000e-01
4.316406250000000000e-01
1.562118530273437500e-03
-5.535888671875000000e-02
8.886718750000000000e-02
-7.797241210937500000e-03
-3.515625000000000000e-02
2.927246093750000000e-01
5.882263183593750000e-03
-4.719238281250000000e-01
2.553710937500000000e-01
2.639160156250000000e-01
4.650878906250000000e-02
-1.614379882812500000e-02
2.342529296875000000e-01
1.511230468750000000e-01
-3.089904785156250000e-02
1.815185546875000000e-01
2.080078125000000000e-01
1.368408203125000000e-01
2.276611328125000000e-01
-7.873535156250000000e-03
8.276367187500000000e-02
-9.014892578125000000e-02
3.093261718750000000e-01
3.601074218750000000e-01
-5.678710937500000000e-01
-1.389312744140625000e-02
5.908203125000000000e-01
-6.816864013671875000e-03
-4.095458984375000000e-02
6.152343750000000000e-02
-2.060546875000000000e-01
-9.045410156250000000e-02
-2.115478515625000000e-01
8.770751953125000000e-02
1.420593261718750000e-02
3.078613281250000000e-01
-3.497314453125000000e-02
6.118774414062500000e-02
-2.113342285156250000e-02
4.147338867187500000e-02
1.019897460937500000e-01
-7.263183593750000000e-02
1.478271484375000000e-01
2.783203125000000000e-01
-2.058410644531250000e-02
1.396484375000000000e-01
-1.068725585937500000e-01
1.115722656250000000e-01
-1.394042968750000000e-01
3.347167968750000000e-01
-8.215332031250000000e-02
-2.402343750000000000e-01
-1.489257812500000000e-01
-6.079101562500000000e-01
-2.447509765625000000e-01
7.733154296875000000e-02
1.604003906250000000e-01
-1.772460937500000000e-01
-4.443359375000000000e-02
3.459930419921875000e-03
-2.011718750000000000e-01
9.155273437500000000e-02
1.827392578125000000e-01
-1.722412109375000000e-01
-9.625244140625000000e-02
-2.333984375000000000e-01
3.750000000000000000e-01
-1.204223632812500000e-01
2.581787109375000000e-02
6.394531250000000000e+00
-9.918212890625000000e-03
-5.273437500000000000e-01
-7.360839843750000000e-02
1.221313476562500000e-01
-1.333007812500000000e-01
2.573242187500000000e-01
1.058959960937500000e-01
3.198242187500000000e-01
3.339843750000000000e-01
4.050292968750000000e-01
-2.280273437500000000e-01
7.757568359375000000e-02
8.087158203125000000e-02
-2.346801757812500000e-02
-3.984375000000000000e-01
2.915039062500000000e-01
-2.373046875000000000e+00
5.371093750000000000e-01
1.289062500000000000e-01
-1.264648437500000000e-01
2.342529296875000000e-01
-5.819702148437500000e-02
1.689147949218750000e-02
-2.756118774414062500e-04
4.089355468750000000e-02
-1.445312500000000000e-01
-2.130126953125000000e-01
-1.406250000000000000e-01
-2.163085937500000000e-01
2.854003906250000000e-01
-4.550781250000000000e-01
-6.597900390625000000e-02
5.261230468750000000e-02
9.844970703125000000e-02
3.559570312500000000e-01
1.693115234375000000e-01
-2.244567871093750000e-02
-2.827148437500000000e-01
8.758544921875000000e-02
1.613769531250000000e-01
-4.556274414062500000e-02
1.603698730468750000e-02
1.021728515625000000e-01
-1.605224609375000000e-01
1.561279296875000000e-01
-3.894042968750000000e-02
1.218872070312500000e-01
1.132812500000000000e-01
-2.944335937500000000e-01
-1.723632812500000000e-01
1.887207031250000000e-01
9.326171875000000000e-02
-2.084960937500000000e-01
6.187438964843750000e-03
2.165527343750000000e-01
-1.005249023437500000e-01
7.287597656250000000e-02
1.176757812500000000e-01
-6.927490234375000000e-02
-7.922363281250000000e-02
4.785156250000000000e-01
-3.237304687500000000e-01
2.358398437500000000e-01
-2.073974609375000000e-01
1.102294921875000000e-01
-2.075195312500000000e-02
1.022949218750000000e-01
-2.410888671875000000e-01
2.351074218750000000e-01
-5.270385742187500000e-02
-4.289550781250000000e-01
-1.519012451171875000e-02
8.842468261718750000e-03
9.008789062500000000e-02
4.605102539062500000e-02
-2.186279296875000000e-01
6.964111328125000000e-02
-2.836914062500000000e-01
1.071777343750000000e-01
1.561279296875000000e-01
-1.548767089843750000e-02
7.556915283203125000e-03
4.094238281250000000e-01
-8.557128906250000000e-02
-3.192138671875000000e-02
-1.519775390625000000e-01
6.948242187500000000e-01
-4.647827148437500000e-02
-3.642578125000000000e-01
-2.197265625000000000e-01
4.626464843750000000e-01
2.352294921875000000e-01
2.044677734375000000e-01
2.265625000000000000e-01
-2.327880859375000000e-01
1.115112304687500000e-01
-7.354736328125000000e-02
1.149291992187500000e-01
-4.510498046875000000e-02
-2.215576171875000000e-01
3.798828125000000000e-01
1.566162109375000000e-01
-2.298583984375000000e-01
-4.785156250000000000e-02
2.121582031250000000e-01
2.224731445312500000e-02
-1.606445312500000000e-01
-5.938720703125000000e-02
-3.391265869140625000e-03
-1.032714843750000000e-01
-3.591308593750000000e-01
-6.817626953125000000e-02
-2.088623046875000000e-01
-2.370605468750000000e-01
-7.452392578125000000e-02
3.066406250000000000e-01
-1.508789062500000000e-01
-1.395263671875000000e-01
-1.932373046875000000e-01
-3.269042968750000000e-01
-2.144775390625000000e-01
1.627197265625000000e-01
-1.543426513671875000e-02
3.598022460937500000e-02
1.682128906250000000e-01
-2.482910156250000000e-01
-1.145019531250000000e-01
-3.530273437500000000e-01
-2.496337890625000000e-01
-1.049804687500000000e-01
-8.605957031250000000e-02
2.810058593750000000e-01
1.287841796875000000e-01
-4.229736328125000000e-02
-2.534179687500000000e-01
-5.929565429687500000e-02
-2.685546875000000000e-02
3.524780273437500000e-02
-3.222656250000000000e-01
1.032104492187500000e-01
3.356933593750000000e-02
1.013183593750000000e-01
-2.065429687500000000e-01
1.096191406250000000e-01
6.811523437500000000e-02
-1.805419921875000000e-01
-1.196289062500000000e-02
-3.117675781250000000e-01
8.221435546875000000e-02
-3.564453125000000000e-01
6.044921875000000000e-01
3.173828125000000000e-01
4.330444335937500000e-02
3.928222656250000000e-01
-5.960083007812500000e-02
-3.437500000000000000e-01
-6.719970703125000000e-02
1.840820312500000000e-01
-4.228515625000000000e-01
3.646850585937500000e-02
-2.082519531250000000e-01
-8.041381835937500000e-03
1.994628906250000000e-01
-4.705810546875000000e-02
2.048339843750000000e-01
1.991271972656250000e-02
1.705322265625000000e-01
3.732910156250000000e-01
-5.087890625000000000e-01
2.619628906250000000e-01
3.933105468750000000e-01
2.153320312500000000e-01
1.149291992187500000e-01
2.502441406250000000e-01
3.046875000000000000e-01
-4.748535156250000000e-02
-1.845703125000000000e-01
2.272949218750000000e-01
2.210693359375000000e-01
4.907226562500000000e-02
6.601562500000000000e-01
4.409179687500000000e-01
3.701171875000000000e-01
7.666015625000000000e-02
-5.276489257812500000e-02
-1.927185058593750000e-02
-4.505157470703125000e-03
-2.917480468750000000e-01
2.078857421875000000e-01
1.252441406250000000e-01
2.632141113281250000e-02
1.380615234375000000e-01
-5.187988281250000000e-02
1.694335937500000000e-01
-1.779785156250000000e-01
-4.806518554687500000e-02
-1.263427734375000000e-02
1.555175781250000000e-01
1.907958984375000000e-01
