2.377929687500000000e-01
5.545043945312500000e-02
-7.604980468750000000e-02
-2.966308593750000000e-02
1.772460937500000000e-01
1.524658203125000000e-01
1.221923828125000000e-01
-1.186523437500000000e+00
-2.875976562500000000e-01
6.530761718750000000e-02
1.566162109375000000e-01
2.796936035156250000e-02
2.427673339843750000e-02
1.139526367187500000e-01
5.191040039062500000e-02
-3.964233398437500000e-02
6.552734375000000000e-01
2.722167968750000000e-01
-1.188964843750000000e-01
-2.092285156250000000e-01
3.525390625000000000e-01
-1.141967773437500000e-01
1.706542968750000000e-01
3.506469726562500000e-02
-1.330566406250000000e-01
2.075195312500000000e-01
-2.736816406250000000e-01
1.184082031250000000e-01
1.837158203125000000e-02
1.746826171875000000e-01
-2.563476562500000000e-01
-3.683471679687500000e-02
-2.406311035156250000e-02
1.623535156250000000e-01
-1.981201171875000000e-01
3.964843750000000000e-01
-2.993164062500000000e-01
2.658691406250000000e-01
-4.575195312500000000e-01
5.859375000000000000e-02
-1.959228515625000000e-01
4.345703125000000000e-02
-2.609863281250000000e-01
-1.297607421875000000e-01
-2.294540405273437500e-03
1.894531250000000000e-01
8.184814453125000000e-02
-3.420410156250000000e-01
-3.778457641601562500e-03
-2.529296875000000000e-01
3.649902343750000000e-02
-1.292724609375000000e-01
-8.013916015625000000e-02
-2.482910156250000000e-01
-1.600341796875000000e-01
-2.351074218750000000e-01
1.995849609375000000e-01
-5.493164062500000000e-02
-5.178833007812500000e-02
-1.679687500000000000e-01
1.168823242187500000e-01
-1.951904296875000000e-01
1.375579833984375000e-02
2.030029296875000000e-01
1.759033203125000000e-01
9.332275390625000000e-02
-2.379150390625000000e-01
-3.793334960937500000e-02
-1.771240234375000000e-01
-2.142333984375000000e-01
-1.900634765625000000e-01
-1.060791015625000000e-01
-9.332275390625000000e-02
5.415039062500000000e-01
-7.250976562500000000e-02
-1.688232421875000000e-01
2.054443359375000000e-01
3.273925781250000000e-01
6.082153320312500000e-02
-2.919921875000000000e-01
-4.384765625000000000e-01
1.733398437500000000e-01
-2.502441406250000000e-01
-5.728149414062500000e-02
1.822509765625000000e-01
-3.295898437500000000e-02
4.028320312500000000e-02
-3.413085937500000000e-01
3.115234375000000000e-01
-1.425781250000000000e-01
-1.139526367187500000e-01
-7.574462890625000000e-02
-1.562500000000000000e+00
5.029296875000000000e-01
1.869201660156250000e-02
1.544189453125000000e-01
2.685546875000000000e-01
3.447265625000000000e-01
2.095947265625000000e-01
-3.007812500000000000e-01
1.043701171875000000e-01
1.915283203125000000e-01
4.121093750000000000e-01
-1.335449218750000000e-01
-5.122070312500000000e-01
6.408691406250000000e-02
-8.728027343750000000e-03
-9.423828125000000000e-02
3.041992187500000000e-01
-1.890869140625000000e-01
-1.643371582031250000e-02
6.878662109375000000e-02
-3.616333007812500000e-02
2.700195312500000000e-01
2.880859375000000000e-01
-1.517333984375000000e-01
5.004882812500000000e-01
1.665039062500000000e-01
1.377105712890625000e-02
9.582519531250000000e-02
-2.862548828125000000e-02
-4.929199218750000000e-01
-4.438476562500000000e-01
-7.861328125000000000e-02
-1.485595703125000000e-01
-1.972656250000000000e-01
-4.980468750000000000e-01
-3.851318359375000000e-02
4.309082031250000000e-02
4.077148437500000000e-01
1.864013671875000000e-01
1.052246093750000000e-01
-7.928466796875000000e-02
6.300781250000000000e+00
2.651367187500000000e-01
-9.985351562500000000e-02
-2.424316406250000000e-01
-2.178955078125000000e-01
7.675170898437500000e-03
-1.108398437500000000e-01
3.496093750000000000e-01
-4.064941406250000000e-01
-3.464355468750000000e-01
3.732910156250000000e-01
-1.242065429687500000e-01
1.352539062500000000e-01
4.507446289062500000e-02
2.491455078125000000e-01
-8.862304687500000000e-02
-1.794433593750000000e-01
5.087280273437500000e-02
-5.043029785156250000e-03
-2.155761718750000000e-01
3.405761718750000000e-01
-2.663574218750000000e-01
2.309570312500000000e-01
-5.123901367187500000e-02
-3.928222656250000000e-01
6.759643554687500000e-03
1.133422851562500000e-01
2.094726562500000000e-01
-2.478027343750000000e-01
-2.539062500000000000e-01
-1.546630859375000000e-01
-4.169921875000000000e-01
-9.387207031250000000e-02
7.995605468750000000e-02
-3.623046875000000000e-01
-1.298522949218750000e-02
6.304931640625000000e-02
3.930664062500000000e-01
1.142883300781250000e-02
1.369628906250000000e-01
2.459716796875000000e-01
-6.123046875000000000e-01
3.713989257812500000e-02
7.957458496093750000e-03
-8.428955078125000000e-02
2.783203125000000000e-01
-1.541748046875000000e-01
3.332519531250000000e-01
1.095581054687500000e-01
-2.375488281250000000e-01
-9.619140625000000000e-02
-1.737060546875000000e-01
-4.504394531250000000e-01
1.862792968750000000e-01
7.189941406250000000e-02
-3.183593750000000000e-01
5.358886718750000000e-02
-1.154785156250000000e-01
4.825592041015625000e-03
-2.081298828125000000e-01
-1.296386718750000000e-01
-5.737304687500000000e-01
3.112792968750000000e-01
-2.326660156250000000e-01
4.433593750000000000e-01
-2.444458007812500000e-02
-1.760253906250000000e-01
-1.624755859375000000e-01
9.320068359375000000e-02
2.517089843750000000e-01
-7.769775390625000000e-02
1.647949218750000000e-01
-1.157226562500000000e-01
-3.593750000000000000e-01
-2.656250000000000000e-01
-2.211914062500000000e-01
1.105957031250000000e-01
8.271484375000000000e-01
3.833007812500000000e-02
-3.026962280273437500e-03
3.127441406250000000e-01
-1.701660156250000000e-01
-2.521972656250000000e-01
2.858886718750000000e-01
4.718017578125000000e-02
-1.979980468750000000e-01
-2.549743652343750000e-02
-1.889648437500000000e-01
1.266479492187500000e-02
-2.201843261718750000e-02
-2.165222167968750000e-02
2.127685546875000000e-01
-1.318359375000000000e-02
1.220703125000000000e-01
-1.613769531250000000e-01
-3.215332031250000000e-01
-2.073974609375000000e-01
-2.398681640625000000e-01
1.203002929687500000e-01
1.842041015625000000e-01
1.044311523437500000e-01
4.467773437500000000e-02
1.480712890625000000e-01
-6.561279296875000000e-02
-3.213500976562500000e-02
-7.330322265625000000e-02
-1.242065429687500000e-01
-1.312255859375000000e-01
-3.738403320312500000e-03
2.895507812500000000e-01
3.164672851562500000e-02
-1.004638671875000000e-01
1.895427703857421875e-04
-1.519775390625000000e-01
8.508300781250000000e-02
2.871093750000000000e-01
-5.828857421875000000e-02
-2.218017578125000000e-01
8.587646484375000000e-02
6.027221679687500000e-02
3.190917968750000000e-01
-1.104736328125000000e-01
1.361083984375000000e-01
9.564208984375000000e-02
1.116333007812500000e-01
2.061767578125000000e-01
-3.582763671875000000e-02
1.586914062500000000e-01
1.358642578125000000e-01
-2.174072265625000000e-01
-1.628417968750000000e-01
5.039062500000000000e-01
5.816650390625000000e-02
3.884277343750000000e-01
-4.047851562500000000e-01
2.739257812500000000e-01
-1.336669921875000000e-01
-7.342529296875000000e-02
-1.619873046875000000e-01
-2.692871093750000000e-01
-1.553955078125000000e-01
9.027099609375000000e-02
-1.876220703125000000e-01
4.891967773437500000e-02
-1.376953125000000000e-01
1.715087890625000000e-02
-2.347412109375000000e-01
2.147216796875000000e-01
-3.647460937500000000e-01
-8.203125000000000000e-02
9.338378906250000000e-02
1.328125000000000000e-01
-5.194091796875000000e-02
3.662109375000000000e-01
1.569824218750000000e-01
3.303222656250000000e-01
1.204223632812500000e-01
3.159179687500000000e-01
-3.338623046875000000e-02
7.830810546875000000e-02
1.993408203125000000e-01
-2.229003906250000000e-01
1.255798339843750000e-02
-6.088867187500000000e-01
-4.101562500000000000e-01
9.112548828125000000e-02
-1.068725585937500000e-01
5.609130859375000000e-02
3.911132812500000000e-01
1.789550781250000000e-01
-2.014160156250000000e-02
2.163085937500000000e-01
-1.706542968750000000e-01
-3.238677978515625000e-03
-1.384277343750000000e-01
2.801513671875000000e-02
1.101074218750000000e-01
-1.024169921875000000e-01
1.111450195312500000e-01
6.292968750000000000e+00
2.164306640625000000e-01
-1.796875000000000000e-01
4.145507812500000000e-01
1.710205078125000000e-01
-9.088134765625000000e-02
4.638671875000000000e-01
-5.899047851562500000e-02
7.192382812500000000e-01
3.439941406250000000e-01
-9.625244140625000000e-02
5.960083007812500000e-02
-1.863098144531250000e-02
1.800537109375000000e-02
4.302978515625000000e-02
-2.403259277343750000e-02
-6.118774414062500000e-02
-2.314453125000000000e+00
2.225341796875000000e-01
-8.752441406250000000e-02
-1.884765625000000000e-01
6.970214843750000000e-02
7.647705078125000000e-02
1.486816406250000000e-01
-2.521972656250000000e-01
-8.831787109375000000e-02
2.812500000000000000e-01
-3.254394531250000000e-01
-4.010009765625000000e-02
-5.649414062500000000e-01
2.175292968750000000e-01
-1.593017578125000000e-01
-6.304931640625000000e-02
1.812744140625000000e-01
2.700195312500000000e-01
1.545410156250000000e-01
1.840820312500000000e-01
-4.108886718750000000e-01
-1.678466796875000000e-01
1.434326171875000000e-01
6.634521484375000000e-02
1.608886718750000000e-01
6.384277343750000000e-02
3.559570312500000000e-01
-6.909179687500000000e-01
3.847656250000000000e-01
6.878662109375000000e-02
1.409912109375000000e-01
-2.543640136718750000e-02
-3.781738281250000000e-01
-2.495117187500000000e-01
2.334594726562500000e-02
2.442626953125000000e-01
-3.616333007812500000e-02
-2.806091308593750000e-02
3.779296875000000000e-01
-8.312988281250000000e-02
-5.176544189453125000e-03
-8.612060546875000000e-02
5.911254882812500000e-02
8.819580078125000000e-02
4.648437500000000000e-01
-4.721679687500000000e-01
2.116699218750000000e-01
-2.585449218750000000e-01
-7.067871093750000000e-02
-1.624755859375000000e-01
2.163085937500000000e-01
-3.989257812500000000e-01
3.391113281250000000e-01
1.239624023437500000e-01
-3.132324218750000000e-01
1.038208007812500000e-01
1.313476562500000000e-01
5.221557617187500000e-02
-2.430419921875000000e-01
1.198730468750000000e-01
-1.500244140625000000e-01
-2.495117187500000000e-01
7.873535156250000000e-02
-1.492500305175781250e-03
2.731933593750000000e-01
5.627441406250000000e-02
4.819335937500000000e-01
-1.232299804687500000e-01
-1.914062500000000000e-01
-1.883544921875000000e-01
5.576171875000000000e-01
-3.637695312500000000e-02
5.221557617187500000e-02
-2.473144531250000000e-01
1.910400390625000000e-01
-3.574218750000000000e-01
-3.137207031250000000e-01
3.161621093750000000e-01
1.793212890625000000e-01
9.069824218750000000e-02
9.735107421875000000e-02
-3.060913085937500000e-02
2.858886718750000000e-01
-1.145935058593750000e-02
2.504882812500000000e-01
2.200927734375000000e-01
8.087158203125000000e-02
2.876281738281250000e-02
-8.612060546875000000e-02
-1.073608398437500000e-01
1.359863281250000000e-01
-1.063232421875000000e-01
5.099487304687500000e-02
6.658935546875000000e-02
-4.521484375000000000e-01
-5.234375000000000000e-01
6.390380859375000000e-02
-2.000732421875000000e-01
-6.992340087890625000e-03
6.665039062500000000e-02
1.917724609375000000e-01
1.809082031250000000e-01
-1.337432861328125000e-02
-2.404785156250000000e-01
-1.776123046875000000e-01
-1.762695312500000000e-01
2.142333984375000000e-01
-1.787109375000000000e-01
2.054443359375000000e-01
-5.073242187500000000e-01
2.148437500000000000e-01
-1.940917968750000000e-01
-3.351211547851562500e-03
-1.176147460937500000e-01
-2.719726562500000000e-01
2.178955078125000000e-01
2.597656250000000000e-01
-1.810302734375000000e-01
-3.493652343750000000e-01
1.585693359375000000e-01
1.144409179687500000e-01
-1.852416992187500000e-02
1.502685546875000000e-01
-1.148071289062500000e-01
-1.231384277343750000e-02
-4.672241210937500000e-02
1.276855468750000000e-01
3.134765625000000000e-01
2.004394531250000000e-01
2.275085449218750000e-02
-1.605224609375000000e-01
-2.489013671875000000e-01
4.498291015625000000e-02
-8.129882812500000000e-02
1.577148437500000000e-01
3.937988281250000000e-01
2.929687500000000000e-01
1.175537109375000000e-01
-1.544189453125000000e-01
-4.069824218750000000e-01
1.192626953125000000e-01
1.865234375000000000e-01
-3.312988281250000000e-01
-6.555175781250000000e-02
-3.532714843750000000e-01
-1.262207031250000000e-01
3.056640625000000000e-01
-1.091308593750000000e-01
4.980468750000000000e-01
1.701660156250000000e-01
4.370117187500000000e-01
1.347656250000000000e-01
-6.054687500000000000e-01
2.031250000000000000e-01
1.047363281250000000e-01
2.143859863281250000e-03
3.378906250000000000e-01
1.401367187500000000e-01
8.689880371093750000e-03
-6.341552734375000000e-02
-2.376708984375000000e-01
3.680419921875000000e-02
2.602539062500000000e-01
-2.402343750000000000e-01
8.559570312500000000e-01
-4.580688476562500000e-02
1.099853515625000000e-01
2.810058593750000000e-01
4.809570312500000000e-02
2.409667968750000000e-01
6.683349609375000000e-02
-2.624511718750000000e-01
2.132568359375000000e-01
3.483886718750000000e-01
4.233398437500000000e-01
-2.607421875000000000e-01
2.878417968750000000e-01
-5.093383789062500000e-02
-3.369140625000000000e-01
-2.856445312500000000e-01
-5.691528320312500000e-03
-1.694335937500000000e-01
1.417541503906250000e-02
