1.620483398437500000e-02
-2.524414062500000000e-01
-6.231689453125000000e-02
-1.796875000000000000e-01
-3.997802734375000000e-02
1.268310546875000000e-01
-3.750610351562500000e-02
-3.437500000000000000e-01
-1.239624023437500000e-01
5.004882812500000000e-01
-7.404327392578125000e-03
-1.881408691406250000e-02
2.727050781250000000e-01
-4.232788085937500000e-02
3.208007812500000000e-01
1.954650878906250000e-02
1.145019531250000000e-01
-5.825805664062500000e-02
-2.851562500000000000e-01
-1.540374755859375000e-02
5.898437500000000000e-01
-5.902099609375000000e-02
1.871337890625000000e-01
1.492309570312500000e-02
-7.684326171875000000e-02
6.634521484375000000e-02
-6.576538085937500000e-03
-8.666992187500000000e-03
1.091918945312500000e-01
-3.231811523437500000e-02
-1.042480468750000000e-01
1.107177734375000000e-01
-2.717590332031250000e-02
-2.186279296875000000e-01
-6.660156250000000000e-01
-7.141113281250000000e-02
1.519775390625000000e-01
1.488037109375000000e-01
4.193115234375000000e-02
1.275062561035156250e-03
-3.356933593750000000e-01
6.549072265625000000e-02
3.173828125000000000e-01
-3.200683593750000000e-01
3.840332031250000000e-01
3.691406250000000000e-01
3.178710937500000000e-01
2.119140625000000000e-01
1.813964843750000000e-01
1.707458496093750000e-02
2.910156250000000000e-01
-1.109008789062500000e-01
-3.811645507812500000e-02
-7.586669921875000000e-02
-2.836914062500000000e-01
-3.503417968750000000e-01
-1.289062500000000000e-01
1.286621093750000000e-01
-1.074829101562500000e-01
1.276855468750000000e-01
-1.337890625000000000e-01
-4.013671875000000000e-01
3.425292968750000000e-01
-9.912109375000000000e-02
-3.708496093750000000e-01
-2.279052734375000000e-01
8.673095703125000000e-02
-1.267089843750000000e-01
9.820556640625000000e-02
9.338378906250000000e-02
-1.004791259765625000e-02
-1.870117187500000000e-01
-5.728149414062500000e-02
2.322998046875000000e-01
1.414794921875000000e-01
-3.019714355468750000e-02
4.860839843750000000e-01
-6.378173828125000000e-02
-5.249023437500000000e-02
5.810546875000000000e-02
-2.205810546875000000e-01
-1.817626953125000000e-01
1.711425781250000000e-01
2.915039062500000000e-01
9.826660156250000000e-02
-1.601562500000000000e-01
2.290039062500000000e-01
-4.194335937500000000e-01
5.056762695312500000e-02
2.379150390625000000e-01
1.948242187500000000e-01
-1.844482421875000000e-01
-1.438476562500000000e+00
4.693603515625000000e-02
1.182861328125000000e-01
1.817626953125000000e-01
4.658203125000000000e-01
-2.705078125000000000e-01
-7.025146484375000000e-02
-8.041381835937500000e-03
-2.079772949218750000e-02
2.790527343750000000e-01
1.813964843750000000e-01
-1.685791015625000000e-01
-5.771484375000000000e-01
-3.127441406250000000e-01
-9.971618652343750000e-03
-1.552734375000000000e-01
-1.353759765625000000e-01
-2.160644531250000000e-02
-3.753662109375000000e-02
3.573608398437500000e-02
-1.341552734375000000e-01
6.390380859375000000e-02
6.860351562500000000e-02
-1.630859375000000000e-01
3.481445312500000000e-01
3.603515625000000000e-01
-1.673583984375000000e-01
5.708007812500000000e-01
2.239990234375000000e-01
-4.719238281250000000e-01
-1.196289062500000000e-01
1.009521484375000000e-01
-1.745605468750000000e-01
-2.115478515625000000e-01
-1.486816406250000000e-01
-3.466796875000000000e-01
-1.774902343750000000e-01
4.692382812500000000e-01
7.031250000000000000e-02
-4.067993164062500000e-02
2.792358398437500000e-02
6.101562500000000000e+00
6.443023681640625000e-03
3.454589843750000000e-01
-1.167602539062500000e-01
-7.529296875000000000e-01
-1.036834716796875000e-02
2.139892578125000000e-01
-1.357269287109375000e-02
-3.566894531250000000e-01
8.825683593750000000e-02
2.357177734375000000e-01
-1.250000000000000000e-01
7.104492187500000000e-02
1.811523437500000000e-01
2.214050292968750000e-02
-3.295898437500000000e-01
-3.510742187500000000e-01
-1.450195312500000000e-01
3.459472656250000000e-01
1.277160644531250000e-02
3.498535156250000000e-01
-1.846923828125000000e-01
-5.645751953125000000e-02
-1.448974609375000000e-01
-1.402587890625000000e-01
-4.010009765625000000e-02
-1.486816406250000000e-01
-2.941894531250000000e-01
1.273193359375000000e-01
-3.427734375000000000e-01
2.670288085937500000e-02
1.889648437500000000e-01
-7.092285156250000000e-02
2.667236328125000000e-02
-6.367187500000000000e-01
1.422119140625000000e-01
-1.116180419921875000e-02
-6.018066406250000000e-02
-6.284179687500000000e-01
-6.658935546875000000e-02
7.525634765625000000e-02
-4.291992187500000000e-01
2.171630859375000000e-01
-3.815917968750000000e-01
-4.234313964843750000e-03
2.045898437500000000e-01
9.338378906250000000e-02
-1.763916015625000000e-01
3.454589843750000000e-02
-2.193603515625000000e-01
1.054077148437500000e-01
-3.762817382812500000e-02
-3.210449218750000000e-01
-1.044311523437500000e-01
-3.924560546875000000e-02
2.624511718750000000e-01
-1.220092773437500000e-01
-1.762695312500000000e-01
-2.111816406250000000e-02
-1.704101562500000000e-01
-7.232666015625000000e-02
-1.960754394531250000e-02
-2.083740234375000000e-01
-4.214477539062500000e-02
3.864746093750000000e-01
-7.922363281250000000e-02
-4.235839843750000000e-01
4.922485351562500000e-02
-1.938476562500000000e-01
2.110595703125000000e-01
2.565383911132812500e-03
-1.517486572265625000e-02
4.268646240234375000e-03
1.036987304687500000e-01
-3.937988281250000000e-01
-1.596679687500000000e-01
-6.188964843750000000e-02
4.340820312500000000e-01
5.805664062500000000e-01
1.348876953125000000e-01
3.898925781250000000e-01
2.565917968750000000e-01
-1.528320312500000000e-01
2.890625000000000000e-01
-2.661132812500000000e-01
5.621337890625000000e-02
-3.530273437500000000e-01
5.303955078125000000e-02
-4.086914062500000000e-01
-1.178588867187500000e-01
-4.167480468750000000e-01
3.293457031250000000e-01
1.636962890625000000e-01
2.768554687500000000e-01
1.787109375000000000e-01
9.649658203125000000e-02
1.040649414062500000e-01
-1.373291015625000000e-01
4.196777343750000000e-01
4.074096679687500000e-02
-1.721191406250000000e-01
4.206542968750000000e-01
5.578613281250000000e-02
1.057739257812500000e-01
2.458496093750000000e-01
-2.382812500000000000e-01
-1.564025878906250000e-02
-3.413085937500000000e-01
-9.832763671875000000e-02
3.391113281250000000e-01
-2.451171875000000000e-01
-1.447753906250000000e-01
2.941894531250000000e-01
-3.525390625000000000e-01
-2.475585937500000000e-01
-2.257080078125000000e-01
-2.058105468750000000e-01
-2.185058593750000000e-01
-6.512451171875000000e-02
3.535156250000000000e-01
-2.296142578125000000e-01
-2.639160156250000000e-01
1.270751953125000000e-01
2.822265625000000000e-01
2.192687988281250000e-02
-1.233520507812500000e-01
-1.086425781250000000e-01
-9.881591796875000000e-02
2.038574218750000000e-01
-2.541503906250000000e-01
-1.146850585937500000e-01
2.265625000000000000e-01
-2.714843750000000000e-01
1.729736328125000000e-01
-1.909179687500000000e-01
-1.641845703125000000e-01
2.329101562500000000e-01
1.738281250000000000e-01
-1.938476562500000000e-01
2.286376953125000000e-01
-3.374023437500000000e-01
-2.399902343750000000e-01
1.127929687500000000e-01
2.485656738281250000e-02
1.112670898437500000e-01
2.687988281250000000e-01
1.300048828125000000e-01
5.610351562500000000e-01
-6.634521484375000000e-02
2.143554687500000000e-01
1.455078125000000000e-01
-2.426757812500000000e-01
3.217773437500000000e-01
9.063720703125000000e-02
5.214691162109375000e-03
2.465820312500000000e-01
-4.011230468750000000e-01
5.068359375000000000e-01
-3.298339843750000000e-01
1.778564453125000000e-01
-5.020141601562500000e-02
2.290344238281250000e-02
-9.173583984375000000e-02
-6.225585937500000000e-01
1.163940429687500000e-01
-2.221679687500000000e-01
-1.644287109375000000e-01
-3.110351562500000000e-01
-8.703613281250000000e-02
-2.670898437500000000e-01
-1.000213623046875000e-02
1.883544921875000000e-01
5.279541015625000000e-02
-6.842041015625000000e-02
-7.012939453125000000e-02
-3.681640625000000000e-01
1.539306640625000000e-01
-1.912841796875000000e-01
-1.251220703125000000e-01
6.101562500000000000e+00
1.029663085937500000e-01
-7.995605468750000000e-02
1.461181640625000000e-01
-1.418457031250000000e-01
-1.233520507812500000e-01
3.232421875000000000e-01
3.131103515625000000e-02
-1.079101562500000000e-01
3.994140625000000000e-01
1.423339843750000000e-01
-5.282592773437500000e-02
-3.481445312500000000e-01
-1.331787109375000000e-01
-1.545410156250000000e-01
-8.599853515625000000e-02
2.064208984375000000e-01
-1.998046875000000000e+00
1.414794921875000000e-01
3.261718750000000000e-01
-4.492187500000000000e-01
-9.826660156250000000e-02
-6.137695312500000000e-01
-3.911132812500000000e-01
3.044433593750000000e-01
1.376953125000000000e-01
-9.191894531250000000e-02
-1.474609375000000000e-01
7.098388671875000000e-02
-3.493652343750000000e-01
2.944335937500000000e-01
-1.285400390625000000e-01
5.725097656250000000e-02
1.113281250000000000e-01
-2.675781250000000000e-01
2.546386718750000000e-01
-5.322265625000000000e-01
-2.354736328125000000e-01
3.222656250000000000e-01
-6.121826171875000000e-02
-2.227783203125000000e-01
8.827209472656250000e-03
2.774047851562500000e-02
8.850097656250000000e-03
-2.281188964843750000e-02
2.849121093750000000e-01
-2.380371093750000000e-01
-2.235107421875000000e-01
-1.174926757812500000e-01
-3.037109375000000000e-01
-2.121582031250000000e-01
1.662597656250000000e-01
-6.536865234375000000e-02
-1.551513671875000000e-01
3.569335937500000000e-01
-4.046630859375000000e-02
-1.645507812500000000e-01
-1.262207031250000000e-01
-2.131347656250000000e-01
-1.735839843750000000e-01
9.393310546875000000e-02
3.988647460937500000e-02
-3.989257812500000000e-01
8.628845214843750000e-03
8.404541015625000000e-02
-2.435302734375000000e-01
-1.982421875000000000e-01
-5.004882812500000000e-02
-1.447753906250000000e-01
-7.623291015625000000e-02
1.394042968750000000e-01
1.261138916015625000e-02
1.699218750000000000e-01
-1.250000000000000000e-01
-1.551513671875000000e-01
-1.715087890625000000e-02
3.643798828125000000e-02
1.501464843750000000e-01
-4.912109375000000000e-01
1.265869140625000000e-01
1.023101806640625000e-02
-1.839599609375000000e-01
-1.966552734375000000e-01
1.982116699218750000e-02
1.702880859375000000e-01
-5.126953125000000000e-01
-1.106567382812500000e-01
7.116699218750000000e-02
1.994323730468750000e-02
3.010253906250000000e-01
-2.130126953125000000e-01
3.850097656250000000e-01
-4.177246093750000000e-01
-6.597900390625000000e-02
-2.551269531250000000e-01
7.421875000000000000e-02
-2.292480468750000000e-01
-1.490478515625000000e-01
1.464843750000000000e-01
1.962890625000000000e-01
-1.994628906250000000e-01
1.166992187500000000e-01
-1.835937500000000000e-01
7.354736328125000000e-02
-2.307128906250000000e-01
-4.226074218750000000e-01
1.513671875000000000e-01
7.916259765625000000e-02
-4.281616210937500000e-02
4.330444335937500000e-02
1.282958984375000000e-01
-1.510009765625000000e-01
-5.313110351562500000e-02
-5.545043945312500000e-02
-3.171386718750000000e-01
1.660156250000000000e-01
3.512573242187500000e-02
-1.749267578125000000e-01
1.622314453125000000e-01
-2.834472656250000000e-01
-4.050292968750000000e-01
-1.079101562500000000e-01
5.239868164062500000e-02
-5.053710937500000000e-02
-1.422119140625000000e-01
-7.849121093750000000e-02
-3.474121093750000000e-01
1.343994140625000000e-01
-5.496215820312500000e-02
-4.035644531250000000e-01
2.165527343750000000e-01
-2.841796875000000000e-01
4.974365234375000000e-03
4.910278320312500000e-02
-3.508300781250000000e-01
-1.523437500000000000e-01
1.239776611328125000e-03
1.262207031250000000e-01
2.296142578125000000e-01
-9.649658203125000000e-02
2.229003906250000000e-01
1.505126953125000000e-01
-2.379150390625000000e-01
3.310546875000000000e-01
1.523437500000000000e-01
4.199218750000000000e-01
3.186035156250000000e-01
-5.560302734375000000e-02
-1.877441406250000000e-01
1.473388671875000000e-01
-1.580810546875000000e-01
2.487792968750000000e-01
3.857421875000000000e-01
-1.173095703125000000e-01
-3.445434570312500000e-02
-3.815917968750000000e-01
4.455566406250000000e-02
-1.065673828125000000e-01
6.118164062500000000e-01
-3.586425781250000000e-01
-3.469848632812500000e-02
-2.235107421875000000e-01
-3.916015625000000000e-01
1.774902343750000000e-01
3.509521484375000000e-02
4.355468750000000000e-01
1.216430664062500000e-01
3.112792968750000000e-01
3.276367187500000000e-01
-1.083007812500000000e+00
-6.222534179687500000e-02
2.202148437500000000e-01
1.032104492187500000e-01
1.807861328125000000e-01
3.796386718750000000e-01
-2.148437500000000000e-01
-3.547363281250000000e-01
-4.064941406250000000e-01
-2.423095703125000000e-01
-1.016845703125000000e-01
-1.118164062500000000e-01
5.976562500000000000e-01
2.766113281250000000e-01
5.776977539062500000e-02
4.643554687500000000e-01
-6.591796875000000000e-02
-4.445800781250000000e-01
1.726074218750000000e-01
-3.237304687500000000e-01
1.380615234375000000e-01
2.166748046875000000e-02
-3.198242187500000000e-02
2.687988281250000000e-01
-2.479553222656250000e-02
-2.379150390625000000e-01
-2.043151855468750000e-02
-1.379394531250000000e-01
-2.100830078125000000e-01
-3.634643554687500000e-02
1.446533203125000000e-01
