-1.417236328125000000e-01
-2.207031250000000000e-01
-1.198730468750000000e-01
-1.812744140625000000e-01
-2.568359375000000000e-01
6.579589843750000000e-02
-1.038818359375000000e-01
-6.572265625000000000e-01
8.705139160156250000e-03
2.758789062500000000e-01
2.629394531250000000e-01
-3.894042968750000000e-02
5.820312500000000000e-01
-4.653930664062500000e-02
-3.515625000000000000e-02
1.732177734375000000e-01
3.081054687500000000e-01
1.739501953125000000e-01
-1.441650390625000000e-01
-3.701171875000000000e-01
5.234375000000000000e-01
-3.945922851562500000e-02
8.502197265625000000e-02
-1.190185546875000000e-01
-5.764770507812500000e-02
5.990600585937500000e-02
-2.204589843750000000e-01
-4.705810546875000000e-02
-4.746093750000000000e-01
-3.379821777343750000e-03
-2.244873046875000000e-01
3.447265625000000000e-01
-4.034423828125000000e-02
2.895507812500000000e-01
-2.895507812500000000e-01
-7.696533203125000000e-02
-4.898071289062500000e-02
5.392456054687500000e-02
2.435302734375000000e-01
-1.953125000000000000e-01
-1.575927734375000000e-01
3.674316406250000000e-01
8.447265625000000000e-02
4.932403564453125000e-03
6.352539062500000000e-01
1.728515625000000000e-01
3.779296875000000000e-01
2.971191406250000000e-01
7.714843750000000000e-02
-3.527832031250000000e-01
-4.278564453125000000e-02
5.535888671875000000e-02
1.018066406250000000e-01
-1.456298828125000000e-01
-2.590332031250000000e-01
-6.051635742187500000e-02
-3.330078125000000000e-01
1.885986328125000000e-01
2.232666015625000000e-01
6.024169921875000000e-02
6.201171875000000000e-02
-3.354492187500000000e-01
3.488769531250000000e-01
-2.839355468750000000e-01
-1.691894531250000000e-01
-2.193603515625000000e-01
7.806396484375000000e-02
-5.221557617187500000e-02
1.737060546875000000e-01
-7.653808593750000000e-02
7.189941406250000000e-02
-4.287109375000000000e-01
2.187500000000000000e-01
3.935546875000000000e-01
-1.026611328125000000e-01
-1.727294921875000000e-01
2.890625000000000000e-01
-9.057617187500000000e-02
-1.596679687500000000e-01
-3.989257812500000000e-01
-4.306640625000000000e-01
-3.000488281250000000e-01
4.606933593750000000e-01
2.355957031250000000e-01
-2.705078125000000000e-01
-2.192382812500000000e-01
8.825683593750000000e-02
-7.531738281250000000e-02
1.348876953125000000e-01
1.353759765625000000e-01
-9.405517578125000000e-02
-3.637695312500000000e-02
-1.500976562500000000e+00
-3.274536132812500000e-02
-2.563476562500000000e-01
-3.292846679687500000e-02
3.522949218750000000e-01
-5.072021484375000000e-02
8.628845214843750000e-03
-7.421875000000000000e-02
-3.427734375000000000e-01
4.511718750000000000e-01
-3.540039062500000000e-01
-4.655761718750000000e-01
-4.362792968750000000e-01
-3.168945312500000000e-01
-4.423828125000000000e-01
-1.394042968750000000e-01
-6.835937500000000000e-02
9.729003906250000000e-02
-2.447509765625000000e-01
-1.820068359375000000e-01
-1.494140625000000000e-01
-9.393310546875000000e-02
9.490966796875000000e-02
-1.842041015625000000e-01
2.401123046875000000e-01
3.066406250000000000e-01
-2.023925781250000000e-01
3.916015625000000000e-01
3.945312500000000000e-01
-3.188476562500000000e-01
-2.565917968750000000e-01
-2.769470214843750000e-02
2.100830078125000000e-01
-2.418212890625000000e-01
-3.071289062500000000e-01
-2.915039062500000000e-01
-2.003173828125000000e-01
2.941894531250000000e-01
2.043457031250000000e-01
-1.894531250000000000e-01
-2.330322265625000000e-01
5.945312500000000000e+00
2.609863281250000000e-01
3.481445312500000000e-01
-4.803466796875000000e-02
-5.942382812500000000e-01
-9.362792968750000000e-02
-8.856201171875000000e-02
-1.839599609375000000e-01
-5.709838867187500000e-02
3.076171875000000000e-01
3.366699218750000000e-01
-4.304199218750000000e-01
-4.937744140625000000e-02
1.625976562500000000e-01
5.368041992187500000e-02
-2.022705078125000000e-01
-3.935546875000000000e-01
-2.592773437500000000e-01
-3.574371337890625000e-03
-3.198242187500000000e-02
2.656250000000000000e-01
8.868408203125000000e-02
-4.299316406250000000e-01
-2.270507812500000000e-01
-1.568603515625000000e-01
-1.129150390625000000e-01
-3.977050781250000000e-01
-3.166503906250000000e-01
6.768798828125000000e-02
-4.423828125000000000e-01
-1.453399658203125000e-02
9.497070312500000000e-02
-5.172729492187500000e-02
1.535644531250000000e-01
-2.651367187500000000e-01
4.453125000000000000e-01
-9.014892578125000000e-02
-2.195739746093750000e-02
-5.849609375000000000e-01
-2.876281738281250000e-02
3.567504882812500000e-02
-4.586791992187500000e-02
4.391479492187500000e-02
-1.555175781250000000e-01
1.577148437500000000e-01
4.714355468750000000e-01
-1.398925781250000000e-01
-1.762695312500000000e-01
4.711914062500000000e-02
-4.919433593750000000e-01
-2.834472656250000000e-01
-2.075195312500000000e-01
-1.190185546875000000e-01
4.849243164062500000e-02
-1.931152343750000000e-01
1.036376953125000000e-01
-1.151733398437500000e-01
-1.152343750000000000e-01
-6.416320800781250000e-03
5.459594726562500000e-02
-3.032226562500000000e-01
7.843017578125000000e-02
-1.956787109375000000e-01
5.987548828125000000e-02
3.618164062500000000e-01
1.016235351562500000e-02
-1.561279296875000000e-01
8.221435546875000000e-02
9.722900390625000000e-02
-6.961822509765625000e-03
2.191162109375000000e-01
1.285400390625000000e-01
-7.080078125000000000e-02
3.129882812500000000e-01
-4.293823242187500000e-02
-1.165161132812500000e-01
-3.561401367187500000e-02
2.558593750000000000e-01
4.143066406250000000e-01
2.075195312500000000e-01
1.624755859375000000e-01
-1.735839843750000000e-01
-7.835388183593750000e-03
4.443359375000000000e-02
-4.150390625000000000e-01
1.722412109375000000e-01
2.369689941406250000e-02
1.815185546875000000e-01
-3.996582031250000000e-01
6.408691406250000000e-02
-2.707519531250000000e-01
1.994628906250000000e-01
2.868652343750000000e-01
2.756347656250000000e-01
1.607666015625000000e-01
2.062988281250000000e-01
1.114501953125000000e-01
3.887939453125000000e-02
2.658691406250000000e-01
-2.092285156250000000e-01
-2.221679687500000000e-01
3.417968750000000000e-01
-1.381835937500000000e-01
1.347656250000000000e-01
9.973144531250000000e-02
-3.403320312500000000e-01
4.483032226562500000e-02
2.046203613281250000e-02
-1.096801757812500000e-01
3.217773437500000000e-01
-2.313232421875000000e-01
-1.931152343750000000e-01
6.059570312500000000e-01
-1.502685546875000000e-01
5.673217773437500000e-02
-3.513183593750000000e-01
-1.416015625000000000e-01
-2.636718750000000000e-01
2.035140991210937500e-03
6.695556640625000000e-02
-2.993164062500000000e-01
-2.282714843750000000e-01
3.044433593750000000e-01
3.280639648437500000e-04
4.928588867187500000e-03
-5.661010742187500000e-02
-1.466064453125000000e-01
-2.558593750000000000e-01
6.634521484375000000e-02
-3.520507812500000000e-01
-5.441284179687500000e-02
2.639160156250000000e-01
-3.105468750000000000e-01
2.330017089843750000e-02
-1.977539062500000000e-02
5.792236328125000000e-02
-4.971313476562500000e-02
-3.939819335937500000e-02
-1.445312500000000000e-01
2.507324218750000000e-01
-1.354980468750000000e-01
-1.345214843750000000e-01
1.762695312500000000e-01
-1.375732421875000000e-01
-9.454345703125000000e-02
1.295166015625000000e-01
1.797485351562500000e-02
3.317871093750000000e-01
-2.186279296875000000e-01
3.229980468750000000e-01
-6.237792968750000000e-02
-1.854248046875000000e-01
8.032226562500000000e-02
3.032226562500000000e-01
-7.159423828125000000e-02
2.510070800781250000e-02
-4.016113281250000000e-01
5.092773437500000000e-01
-1.695556640625000000e-01
1.656494140625000000e-01
3.571777343750000000e-01
-3.552246093750000000e-02
-5.139160156250000000e-02
-3.803710937500000000e-01
2.340087890625000000e-01
-8.197021484375000000e-02
2.138671875000000000e-01
-3.308105468750000000e-01
-4.493713378906250000e-03
-1.159667968750000000e-01
7.867431640625000000e-02
3.967285156250000000e-01
-2.130126953125000000e-01
-1.661376953125000000e-01
1.578369140625000000e-01
-3.251953125000000000e-01
-3.921508789062500000e-03
-1.612548828125000000e-01
-7.489013671875000000e-02
5.949218750000000000e+00
-2.060546875000000000e-01
3.302001953125000000e-02
2.861328125000000000e-01
-2.895507812500000000e-01
1.612548828125000000e-01
4.121093750000000000e-01
2.600097656250000000e-01
6.683349609375000000e-02
3.024902343750000000e-01
1.975097656250000000e-01
-3.002929687500000000e-02
-2.766113281250000000e-01
-2.832031250000000000e-01
-4.437255859375000000e-02
3.500366210937500000e-02
-1.447296142578125000e-02
-2.248046875000000000e+00
-1.200561523437500000e-01
2.915039062500000000e-01
-3.317871093750000000e-01
-1.931152343750000000e-01
2.743530273437500000e-02
-4.858398437500000000e-01
2.507324218750000000e-01
5.856323242187500000e-02
-1.517486572265625000e-02
-2.227783203125000000e-01
4.113769531250000000e-01
3.578186035156250000e-03
3.884277343750000000e-01
-2.176513671875000000e-01
2.626037597656250000e-02
-5.249023437500000000e-02
-2.763671875000000000e-01
-6.192016601562500000e-02
-6.854248046875000000e-02
-2.019042968750000000e-01
2.430419921875000000e-01
5.023193359375000000e-02
-9.417724609375000000e-02
4.409790039062500000e-03
-3.791503906250000000e-01
-9.350585937500000000e-02
-8.917236328125000000e-02
2.614746093750000000e-01
4.153442382812500000e-02
1.231689453125000000e-01
-1.795654296875000000e-01
-1.861572265625000000e-01
-3.488769531250000000e-01
-2.105712890625000000e-02
-2.161865234375000000e-01
-1.024780273437500000e-01
3.554687500000000000e-01
-1.514892578125000000e-01
-2.166748046875000000e-01
2.088623046875000000e-01
-2.707519531250000000e-01
5.252075195312500000e-02
-2.222900390625000000e-01
1.108551025390625000e-02
-3.918457031250000000e-01
-1.866455078125000000e-01
3.619384765625000000e-02
3.068847656250000000e-01
-2.602539062500000000e-01
-1.741943359375000000e-01
1.023101806640625000e-02
9.582519531250000000e-02
1.178588867187500000e-01
-4.763793945312500000e-02
-7.818603515625000000e-02
-1.002807617187500000e-01
2.526855468750000000e-01
-2.001953125000000000e-01
1.513671875000000000e-01
-1.593017578125000000e-02
-2.145996093750000000e-01
3.353881835937500000e-02
-3.532714843750000000e-01
4.702758789062500000e-02
-1.907958984375000000e-01
2.435302734375000000e-01
-1.584472656250000000e-01
-4.846191406250000000e-01
-8.532714843750000000e-02
1.687011718750000000e-01
-1.080932617187500000e-01
2.192382812500000000e-01
-1.128540039062500000e-01
1.901855468750000000e-01
-4.809570312500000000e-01
-6.317138671875000000e-02
-4.155273437500000000e-01
-5.557250976562500000e-02
1.004791259765625000e-02
-2.912902832031250000e-02
2.445068359375000000e-01
-1.541748046875000000e-01
-3.176269531250000000e-01
4.143066406250000000e-01
1.669921875000000000e-01
1.785888671875000000e-01
-3.425292968750000000e-01
6.890869140625000000e-02
5.385742187500000000e-01
-2.242431640625000000e-01
6.457519531250000000e-02
3.196716308593750000e-03
2.332763671875000000e-01
-2.108154296875000000e-01
-8.306884765625000000e-02
-2.310791015625000000e-01
-4.147949218750000000e-01
-1.737976074218750000e-02
-8.831787109375000000e-02
-8.386230468750000000e-02
-8.697509765625000000e-02
1.084136962890625000e-02
-5.078125000000000000e-01
-2.983398437500000000e-01
-2.595520019531250000e-02
-8.502197265625000000e-02
-2.988281250000000000e-01
-2.005615234375000000e-01
-3.845214843750000000e-01
9.301757812500000000e-02
-9.777832031250000000e-02
-3.054199218750000000e-01
9.094238281250000000e-03
-3.142089843750000000e-01
-1.281738281250000000e-02
7.696533203125000000e-02
-2.795410156250000000e-01
-1.979064941406250000e-02
8.496093750000000000e-02
2.827148437500000000e-01
-1.413574218750000000e-01
1.036071777343750000e-02
9.265136718750000000e-02
9.582519531250000000e-02
-6.433105468750000000e-02
2.734375000000000000e-01
-9.906005859375000000e-02
3.010253906250000000e-01
3.352050781250000000e-01
8.312988281250000000e-02
-2.170410156250000000e-01
1.641845703125000000e-01
-4.235839843750000000e-01
1.520996093750000000e-01
7.568359375000000000e-02
2.371826171875000000e-01
6.970214843750000000e-02
-1.483154296875000000e-01
5.224609375000000000e-02
-3.598022460937500000e-02
4.326171875000000000e-01
-1.149902343750000000e-01
-6.256103515625000000e-02
-1.582031250000000000e-01
-3.044433593750000000e-01
4.223632812500000000e-02
2.152099609375000000e-01
4.802246093750000000e-01
2.412109375000000000e-01
3.171386718750000000e-01
3.347167968750000000e-01
-1.184570312500000000e+00
1.099853515625000000e-01
-2.188110351562500000e-02
6.286621093750000000e-02
-8.636474609375000000e-02
4.714355468750000000e-01
3.120422363281250000e-02
-6.579589843750000000e-02
-2.454833984375000000e-01
4.688262939453125000e-03
1.137695312500000000e-01
2.092285156250000000e-01
6.127929687500000000e-01
1.654052734375000000e-01
9.277343750000000000e-02
3.105468750000000000e-01
-2.237548828125000000e-01
-2.153320312500000000e-01
2.910156250000000000e-01
-2.435302734375000000e-02
2.333984375000000000e-01
2.717285156250000000e-01
3.481445312500000000e-01
6.298828125000000000e-01
2.700195312500000000e-01
-5.966186523437500000e-03
1.978759765625000000e-01
-1.185913085937500000e-01
-9.051513671875000000e-02
1.780700683593750000e-02
2.142333984375000000e-01
