2.795410156250000000e-01
4.611816406250000000e-01
-3.085937500000000000e-01
-7.971191406250000000e-02
-1.529541015625000000e-01
-4.748535156250000000e-01
-3.007812500000000000e-01
-3.913574218750000000e-01
-3.305664062500000000e-01
1.445312500000000000e-01
-2.283935546875000000e-01
-2.048339843750000000e-01
2.473144531250000000e-01
-1.932373046875000000e-01
2.135009765625000000e-01
1.896972656250000000e-01
2.984619140625000000e-02
-4.636230468750000000e-01
-2.459716796875000000e-01
2.661132812500000000e-01
1.289062500000000000e-01
4.565429687500000000e-01
-2.249755859375000000e-01
2.272949218750000000e-01
6.054687500000000000e-02
-7.928466796875000000e-02
-9.814453125000000000e-02
-1.466064453125000000e-01
-4.235839843750000000e-02
2.337646484375000000e-01
-4.306640625000000000e-01
-4.694824218750000000e-01
2.905273437500000000e-02
-6.538085937500000000e-01
-1.465606689453125000e-02
-1.373291015625000000e-01
-1.838378906250000000e-01
-1.982421875000000000e-01
-8.142089843750000000e-02
2.875976562500000000e-01
1.047363281250000000e-01
-1.223144531250000000e-01
3.383789062500000000e-01
6.262207031250000000e-02
2.954101562500000000e-01
2.088623046875000000e-01
-1.289367675781250000e-02
-7.452392578125000000e-02
-1.379394531250000000e-01
-8.764648437500000000e-02
2.009277343750000000e-01
2.758789062500000000e-01
-1.922607421875000000e-01
-2.927246093750000000e-01
-1.418457031250000000e-01
-3.640747070312500000e-02
-1.205444335937500000e-01
3.632812500000000000e-01
-1.693115234375000000e-01
3.193359375000000000e-01
3.579101562500000000e-01
-1.439208984375000000e-01
6.689453125000000000e-02
-1.226043701171875000e-02
-4.118652343750000000e-01
-2.546386718750000000e-01
-4.095458984375000000e-02
7.879638671875000000e-02
2.517700195312500000e-02
-4.545898437500000000e-01
4.958496093750000000e-01
-2.905273437500000000e-01
3.207397460937500000e-02
2.441406250000000000e-01
-1.014404296875000000e-01
-9.899902343750000000e-02
-1.241455078125000000e-01
6.027221679687500000e-02
1.823730468750000000e-01
-4.934082031250000000e-01
-4.733886718750000000e-01
3.143310546875000000e-02
-4.919433593750000000e-02
2.656250000000000000e-01
2.429199218750000000e-01
-8.966064453125000000e-02
-7.611083984375000000e-02
-4.108886718750000000e-01
-2.020263671875000000e-01
3.908691406250000000e-01
2.766113281250000000e-01
-2.810058593750000000e-01
-1.202148437500000000e+00
5.390625000000000000e-01
7.843017578125000000e-02
-3.762817382812500000e-02
-7.440185546875000000e-02
2.551269531250000000e-02
1.036834716796875000e-02
2.160644531250000000e-01
-1.898193359375000000e-01
3.369140625000000000e-01
-6.473541259765625000e-03
2.534179687500000000e-01
7.305908203125000000e-02
1.317138671875000000e-01
-1.974487304687500000e-02
-3.261718750000000000e-01
-3.173828125000000000e-01
-2.156982421875000000e-01
-1.613769531250000000e-01
-1.882324218750000000e-01
-2.636718750000000000e-01
3.320312500000000000e-01
-8.465576171875000000e-02
2.406311035156250000e-02
-3.103027343750000000e-01
6.328125000000000000e-01
9.417724609375000000e-02
1.445312500000000000e-01
1.964111328125000000e-01
-5.063476562500000000e-01
-1.911621093750000000e-01
-3.117675781250000000e-01
-1.324462890625000000e-01
4.219055175781250000e-03
9.136962890625000000e-02
-1.797485351562500000e-02
-1.878662109375000000e-01
1.673583984375000000e-01
4.458007812500000000e-01
3.571777343750000000e-01
-2.629394531250000000e-01
4.625000000000000000e+00
-1.502227783203125000e-02
-1.058349609375000000e-01
1.705322265625000000e-01
-8.027343750000000000e-01
4.941406250000000000e-01
-1.514892578125000000e-01
-1.651611328125000000e-01
1.496582031250000000e-01
-1.098632812500000000e-01
1.666259765625000000e-01
-5.615234375000000000e-02
2.174072265625000000e-01
2.167968750000000000e-01
8.392333984375000000e-03
-4.788208007812500000e-02
-1.716613769531250000e-02
-1.750488281250000000e-01
1.876220703125000000e-01
2.447509765625000000e-01
4.302978515625000000e-02
1.313018798828125000e-02
1.561737060546875000e-02
-3.071289062500000000e-01
-1.660156250000000000e-01
7.281494140625000000e-02
-8.074951171875000000e-02
2.155761718750000000e-01
-7.873535156250000000e-02
3.337402343750000000e-01
3.151855468750000000e-01
-1.300048828125000000e-01
-4.440917968750000000e-01
5.224609375000000000e-01
-7.733154296875000000e-02
-4.003906250000000000e-02
3.474121093750000000e-01
-1.474609375000000000e-01
-9.863281250000000000e-02
-2.141113281250000000e-01
-2.812500000000000000e-01
-4.084472656250000000e-01
5.554199218750000000e-02
-3.520507812500000000e-01
1.464843750000000000e-01
2.524414062500000000e-01
-1.494140625000000000e-01
3.278808593750000000e-01
2.203369140625000000e-01
-6.835937500000000000e-02
-2.714843750000000000e-01
2.237548828125000000e-01
7.607421875000000000e-01
-9.130859375000000000e-02
-2.479248046875000000e-01
4.833221435546875000e-03
1.408691406250000000e-01
2.164306640625000000e-01
-8.203125000000000000e-02
-3.366699218750000000e-01
-1.451416015625000000e-01
-1.958007812500000000e-01
-9.475708007812500000e-03
1.667480468750000000e-01
2.172851562500000000e-01
3.381347656250000000e-01
1.967773437500000000e-01
1.163330078125000000e-01
-5.886840820312500000e-02
-3.581542968750000000e-01
3.312988281250000000e-01
-2.150878906250000000e-01
-1.635742187500000000e-01
1.228637695312500000e-01
-1.261901855468750000e-02
1.854248046875000000e-01
-2.012939453125000000e-01
4.899902343750000000e-01
4.047851562500000000e-01
-4.230957031250000000e-01
4.504394531250000000e-02
3.231811523437500000e-02
3.900146484375000000e-02
-2.349853515625000000e-02
-1.253509521484375000e-02
-4.830932617187500000e-02
-7.490234375000000000e-01
-6.866455078125000000e-02
-4.155273437500000000e-01
-5.166015625000000000e-01
1.577758789062500000e-02
8.015632629394531250e-04
3.878784179687500000e-02
-3.068847656250000000e-01
-2.429199218750000000e-01
3.273925781250000000e-01
1.345214843750000000e-01
8.734130859375000000e-02
5.048828125000000000e-01
3.632812500000000000e-01
-3.000488281250000000e-01
3.793945312500000000e-01
4.812622070312500000e-02
8.764648437500000000e-02
1.409912109375000000e-01
-2.838134765625000000e-02
-4.824218750000000000e-01
4.886627197265625000e-03
-5.276489257812500000e-02
-2.176513671875000000e-01
1.903076171875000000e-01
1.837158203125000000e-01
1.223144531250000000e-01
-8.483886718750000000e-03
-7.446289062500000000e-02
3.510742187500000000e-01
2.683105468750000000e-01
-4.169921875000000000e-01
1.029663085937500000e-01
-1.418457031250000000e-01
7.446289062500000000e-01
-1.619873046875000000e-01
-6.835937500000000000e-02
-3.622436523437500000e-02
2.607421875000000000e-01
1.502685546875000000e-01
5.029296875000000000e-01
2.301025390625000000e-01
-1.523437500000000000e-01
-1.171264648437500000e-01
-1.973876953125000000e-01
1.800537109375000000e-01
-4.150390625000000000e-02
2.401123046875000000e-01
-1.835937500000000000e-01
-2.463378906250000000e-01
8.526611328125000000e-02
-2.687988281250000000e-01
-1.594238281250000000e-01
5.444335937500000000e-01
1.678466796875000000e-02
-1.968994140625000000e-01
-8.712768554687500000e-03
-1.330566406250000000e-01
1.146240234375000000e-01
3.034667968750000000e-01
1.547851562500000000e-01
1.328125000000000000e-01
6.274414062500000000e-02
-1.988525390625000000e-01
2.232666015625000000e-01
-3.476562500000000000e-01
4.389648437500000000e-01
-1.111602783203125000e-02
-2.290039062500000000e-01
-3.238677978515625000e-03
-2.641601562500000000e-01
1.624755859375000000e-01
-2.573242187500000000e-01
8.648681640625000000e-02
-3.796386718750000000e-02
-2.039794921875000000e-01
-4.898071289062500000e-02
-5.927734375000000000e-01
3.281250000000000000e-01
-8.605957031250000000e-02
-3.320312500000000000e-01
-5.667114257812500000e-02
-2.717285156250000000e-01
-5.249023437500000000e-01
3.049316406250000000e-01
-3.046875000000000000e-01
-4.937744140625000000e-02
1.068878173828125000e-02
7.141113281250000000e-02
7.647705078125000000e-02
2.238769531250000000e-01
-1.876220703125000000e-01
1.973876953125000000e-01
4.625000000000000000e+00
-3.089904785156250000e-02
1.094360351562500000e-01
-2.139892578125000000e-01
-2.230224609375000000e-01
9.857177734375000000e-03
-6.744384765625000000e-02
-3.482055664062500000e-02
-1.531982421875000000e-01
5.131835937500000000e-01
2.824707031250000000e-01
-9.777832031250000000e-02
-1.389160156250000000e-01
1.469726562500000000e-01
3.317260742187500000e-02
1.632080078125000000e-01
1.569824218750000000e-01
-1.336914062500000000e+00
4.294433593750000000e-01
5.026245117187500000e-02
9.545898437500000000e-02
3.134765625000000000e-01
-3.012695312500000000e-01
-7.241210937500000000e-01
1.678466796875000000e-01
1.119232177734375000e-02
-1.610107421875000000e-01
1.296386718750000000e-01
1.281738281250000000e-01
1.585693359375000000e-01
2.083740234375000000e-01
-1.927490234375000000e-01
4.421997070312500000e-02
3.532714843750000000e-01
2.912597656250000000e-01
4.921875000000000000e-01
2.481689453125000000e-01
-2.420654296875000000e-01
3.020019531250000000e-01
-2.144775390625000000e-01
5.059814453125000000e-02
1.174926757812500000e-01
8.929443359375000000e-02
-3.635253906250000000e-01
2.110595703125000000e-01
1.523437500000000000e-01
1.733398437500000000e-01
2.378845214843750000e-02
1.960754394531250000e-02
-8.140563964843750000e-03
3.278808593750000000e-01
1.990966796875000000e-01
2.000427246093750000e-02
-5.966796875000000000e-01
-2.545166015625000000e-02
8.508300781250000000e-02
4.229736328125000000e-02
3.154296875000000000e-01
-4.606933593750000000e-01
-9.405517578125000000e-02
-1.093750000000000000e-01
2.120361328125000000e-01
-2.239990234375000000e-02
-2.883300781250000000e-01
1.268310546875000000e-01
-2.824401855468750000e-02
-3.203125000000000000e-01
-1.547851562500000000e-01
-5.639648437500000000e-02
2.646484375000000000e-01
1.737060546875000000e-01
3.690719604492187500e-03
4.096679687500000000e-01
4.284667968750000000e-01
1.666259765625000000e-01
2.561035156250000000e-01
-2.061767578125000000e-01
2.321777343750000000e-01
-6.127929687500000000e-01
7.098388671875000000e-02
-1.290283203125000000e-01
-1.574707031250000000e-01
-3.890991210937500000e-02
3.129882812500000000e-01
-1.535797119140625000e-02
-1.022338867187500000e-01
-8.850097656250000000e-02
2.239990234375000000e-01
3.869628906250000000e-01
4.809570312500000000e-02
-9.832763671875000000e-02
-1.951904296875000000e-01
-3.889160156250000000e-01
-2.429199218750000000e-01
4.238281250000000000e-01
-3.864746093750000000e-01
-2.320556640625000000e-01
7.653808593750000000e-02
-1.557922363281250000e-02
-3.923339843750000000e-01
7.724761962890625000e-03
3.503417968750000000e-01
1.285400390625000000e-01
2.313232421875000000e-02
3.228759765625000000e-02
-3.842163085937500000e-02
-2.624511718750000000e-01
-2.110595703125000000e-01
3.361816406250000000e-01
-2.427978515625000000e-01
-2.206420898437500000e-02
-4.704589843750000000e-01
2.003173828125000000e-01
-8.648681640625000000e-02
-2.365722656250000000e-01
1.257324218750000000e-01
1.943359375000000000e-01
1.186523437500000000e-01
-9.222412109375000000e-02
1.539306640625000000e-01
-8.959960937500000000e-02
1.796875000000000000e-01
-5.651855468750000000e-02
-4.406738281250000000e-01
1.461181640625000000e-01
7.411956787109375000e-03
-4.179687500000000000e-01
-2.656250000000000000e-01
-8.209228515625000000e-02
-8.105468750000000000e-02
2.011718750000000000e-01
1.619873046875000000e-01
-1.596679687500000000e-01
5.791015625000000000e-01
-1.916503906250000000e-01
-7.226562500000000000e-01
2.739257812500000000e-01
4.753417968750000000e-01
-2.570800781250000000e-01
-3.446578979492187500e-03
3.608398437500000000e-01
3.000488281250000000e-01
-8.233642578125000000e-02
9.613037109375000000e-02
2.238769531250000000e-01
3.405761718750000000e-02
4.821777343750000000e-01
1.992187500000000000e-01
1.123657226562500000e-01
-6.091308593750000000e-02
5.120849609375000000e-02
1.319580078125000000e-01
1.467285156250000000e-01
-6.076049804687500000e-02
5.297851562500000000e-01
-5.312500000000000000e-01
3.265380859375000000e-02
-3.789062500000000000e-01
5.989074707031250000e-03
-1.072998046875000000e-01
1.605224609375000000e-01
-1.994628906250000000e-01
2.254638671875000000e-01
2.542114257812500000e-02
1.414794921875000000e-01
3.947753906250000000e-01
-1.010742187500000000e-01
4.650878906250000000e-01
2.666015625000000000e-01
-7.690429687500000000e-01
-4.257202148437500000e-03
-8.123779296875000000e-02
3.312988281250000000e-01
-8.715820312500000000e-02
-7.263183593750000000e-02
-3.967285156250000000e-01
-1.524658203125000000e-01
-1.396484375000000000e-01
3.081054687500000000e-01
3.840332031250000000e-01
-1.040649414062500000e-01
9.243164062500000000e-01
3.471679687500000000e-01
3.266601562500000000e-01
2.929687500000000000e-01
-1.839599609375000000e-01
-2.171630859375000000e-01
-1.401367187500000000e-01
-9.637451171875000000e-02
-1.850585937500000000e-01
9.655761718750000000e-02
1.922607421875000000e-01
1.484375000000000000e-01
-9.960937500000000000e-02
-2.005615234375000000e-01
-1.513671875000000000e-01
-3.239746093750000000e-01
-6.376953125000000000e-01
1.967773437500000000e-01
-5.004882812500000000e-01
