-1.247558593750000000e-01
3.066406250000000000e-01
-1.468505859375000000e-01
-4.910278320312500000e-02
-7.531738281250000000e-02
1.964111328125000000e-01
-6.900787353515625000e-03
-5.454101562500000000e-01
-3.725585937500000000e-01
7.319335937500000000e-01
-2.291259765625000000e-01
-9.118652343750000000e-02
-2.026367187500000000e-02
-4.978027343750000000e-01
6.909179687500000000e-01
2.199707031250000000e-01
1.293182373046875000e-02
-3.547668457031250000e-03
-5.263671875000000000e-01
-9.082031250000000000e-02
5.019531250000000000e-01
1.379394531250000000e-02
6.328125000000000000e-01
4.194335937500000000e-01
-2.083740234375000000e-01
1.280517578125000000e-01
3.246307373046875000e-03
-1.095581054687500000e-01
1.863098144531250000e-02
-6.106567382812500000e-02
-2.369384765625000000e-01
-1.257324218750000000e-01
-5.278320312500000000e-01
-1.776123046875000000e-01
-4.489746093750000000e-01
5.548095703125000000e-02
3.115234375000000000e-01
-2.172851562500000000e-01
-2.241210937500000000e-01
-1.280517578125000000e-01
2.271728515625000000e-01
-1.354980468750000000e-01
-1.630859375000000000e-01
4.318237304687500000e-03
2.678222656250000000e-01
2.420654296875000000e-01
3.695678710937500000e-02
1.424560546875000000e-01
4.016113281250000000e-01
-5.117797851562500000e-02
-1.893310546875000000e-01
-1.279296875000000000e-01
-1.678466796875000000e-01
-5.556640625000000000e-01
-3.857421875000000000e-01
-2.641601562500000000e-01
-1.706542968750000000e-01
-6.641387939453125000e-03
-9.101867675781250000e-03
3.876953125000000000e-01
1.138916015625000000e-01
-5.922851562500000000e-01
-4.932403564453125000e-03
-2.139892578125000000e-01
-3.718261718750000000e-01
-9.411621093750000000e-02
-3.928222656250000000e-01
9.631347656250000000e-02
1.384277343750000000e-01
-5.136108398437500000e-02
2.678222656250000000e-01
-2.644042968750000000e-01
1.511573791503906250e-03
-1.786804199218750000e-02
-9.436035156250000000e-02
1.246337890625000000e-01
1.099853515625000000e-01
2.078857421875000000e-01
-1.973876953125000000e-01
-1.848144531250000000e-01
7.220458984375000000e-02
-3.845214843750000000e-02
1.945800781250000000e-01
2.133789062500000000e-01
1.155853271484375000e-02
1.237792968750000000e-01
-5.578613281250000000e-02
-1.934814453125000000e-01
-2.447509765625000000e-01
-2.542114257812500000e-02
1.616210937500000000e-01
-4.782104492187500000e-02
-1.226562500000000000e+00
1.584472656250000000e-01
-3.181152343750000000e-01
4.499511718750000000e-01
1.588134765625000000e-01
1.624755859375000000e-01
2.111816406250000000e-02
1.586914062500000000e-01
1.838378906250000000e-01
1.010131835937500000e-01
2.353515625000000000e-01
1.743164062500000000e-01
-2.286376953125000000e-01
1.060180664062500000e-01
-1.037597656250000000e-01
-1.201171875000000000e-01
-3.825683593750000000e-01
4.572753906250000000e-01
-4.116821289062500000e-02
-9.729003906250000000e-02
4.455566406250000000e-01
2.983398437500000000e-01
-3.142089843750000000e-01
9.869384765625000000e-02
1.837158203125000000e-01
2.452392578125000000e-01
-2.171630859375000000e-01
3.630371093750000000e-01
-2.459716796875000000e-02
-5.239257812500000000e-01
-2.226257324218750000e-02
-2.932128906250000000e-01
5.800781250000000000e-01
-3.452148437500000000e-01
-8.319091796875000000e-02
-3.421306610107421875e-04
7.409667968750000000e-02
1.757812500000000000e-01
-2.875976562500000000e-01
-2.119445800781250000e-02
-5.134582519531250000e-03
4.734375000000000000e+00
1.542968750000000000e-01
-6.341552734375000000e-02
-1.226196289062500000e-01
-6.396484375000000000e-01
-1.608886718750000000e-01
2.070617675781250000e-02
-2.148437500000000000e-01
3.264160156250000000e-01
-1.237182617187500000e-01
2.490234375000000000e-01
-5.659179687500000000e-01
1.934814453125000000e-01
2.326660156250000000e-01
-1.494140625000000000e-01
3.503417968750000000e-02
-8.007812500000000000e-02
-3.062438964843750000e-02
-1.807861328125000000e-01
1.844482421875000000e-01
-2.900390625000000000e-01
2.014160156250000000e-01
-2.269287109375000000e-01
-3.217773437500000000e-01
8.804321289062500000e-03
1.125488281250000000e-01
-1.569824218750000000e-01
6.445312500000000000e-02
-9.674072265625000000e-02
-2.091064453125000000e-01
-2.155761718750000000e-01
1.065063476562500000e-01
-1.083374023437500000e-01
-4.928588867187500000e-02
-2.514648437500000000e-01
2.087402343750000000e-01
-3.749847412109375000e-03
1.593017578125000000e-01
4.272460937500000000e-02
3.649902343750000000e-01
1.141967773437500000e-01
-2.030029296875000000e-01
1.966552734375000000e-01
-3.283691406250000000e-01
-6.813049316406250000e-03
3.327636718750000000e-01
-6.768798828125000000e-02
2.924804687500000000e-01
-1.594238281250000000e-01
-4.898071289062500000e-03
-1.875000000000000000e-01
1.361083984375000000e-01
-1.245117187500000000e-01
-1.750488281250000000e-01
1.934814453125000000e-01
1.556396484375000000e-01
6.280517578125000000e-02
2.500000000000000000e-01
-3.647460937500000000e-01
-6.335449218750000000e-02
-7.336425781250000000e-02
-2.902832031250000000e-01
1.556396484375000000e-01
3.034667968750000000e-01
9.405517578125000000e-02
1.245727539062500000e-01
-1.290283203125000000e-01
-7.055664062500000000e-01
-2.342529296875000000e-01
-1.694335937500000000e-01
2.976074218750000000e-01
2.543945312500000000e-01
1.185302734375000000e-01
2.144775390625000000e-01
-7.989501953125000000e-02
-3.619384765625000000e-02
-1.802978515625000000e-01
6.850585937500000000e-01
7.871093750000000000e-01
2.985839843750000000e-01
-4.449462890625000000e-02
4.455566406250000000e-01
3.261718750000000000e-01
9.228515625000000000e-02
-4.536132812500000000e-01
1.102905273437500000e-01
-1.068115234375000000e-01
7.165527343750000000e-02
-4.034423828125000000e-02
-1.011352539062500000e-01
-5.084228515625000000e-02
1.361083984375000000e-01
-3.547363281250000000e-01
-1.580810546875000000e-01
2.329101562500000000e-01
-1.196289062500000000e-01
-9.582519531250000000e-03
1.772460937500000000e-01
7.934570312500000000e-02
2.878417968750000000e-01
-2.719726562500000000e-01
-2.595214843750000000e-01
2.690429687500000000e-01
2.431640625000000000e-01
2.534179687500000000e-01
-4.492187500000000000e-01
2.282714843750000000e-01
9.637451171875000000e-02
-2.318115234375000000e-01
4.599609375000000000e-01
1.610107421875000000e-01
-8.642578125000000000e-02
-1.007080078125000000e-01
3.228759765625000000e-02
-7.458496093750000000e-02
-1.194458007812500000e-01
-2.288818359375000000e-01
-5.634765625000000000e-01
7.879638671875000000e-02
4.763793945312500000e-02
2.114257812500000000e-01
2.668457031250000000e-01
1.115722656250000000e-01
-2.976074218750000000e-01
-1.781005859375000000e-01
-1.514892578125000000e-01
2.246093750000000000e-01
-1.772460937500000000e-01
-1.636962890625000000e-01
4.284667968750000000e-02
-9.039306640625000000e-02
1.639404296875000000e-01
5.062866210937500000e-02
-9.124755859375000000e-03
5.276489257812500000e-02
-4.770507812500000000e-01
-1.074829101562500000e-01
-8.221435546875000000e-02
-2.232666015625000000e-01
3.532714843750000000e-01
6.945800781250000000e-02
-7.247924804687500000e-04
-1.440429687500000000e-01
-5.029296875000000000e-01
-1.267089843750000000e-01
-1.771240234375000000e-01
-1.256103515625000000e-01
-7.189941406250000000e-02
2.756347656250000000e-01
7.183837890625000000e-02
1.719665527343750000e-02
-3.762207031250000000e-01
5.712890625000000000e-01
-1.198768615722656250e-03
2.890625000000000000e-01
4.276275634765625000e-03
-2.731933593750000000e-01
5.605468750000000000e-01
-2.017822265625000000e-01
2.116699218750000000e-01
3.413085937500000000e-01
-3.344726562500000000e-01
-2.343750000000000000e-02
-3.935546875000000000e-01
3.088378906250000000e-01
1.733398437500000000e-01
1.312255859375000000e-01
-1.920166015625000000e-01
9.906005859375000000e-02
2.028808593750000000e-01
1.959228515625000000e-01
9.625244140625000000e-02
-3.059082031250000000e-01
2.156066894531250000e-02
-1.357421875000000000e-01
1.372070312500000000e-01
2.817382812500000000e-01
6.433105468750000000e-02
2.636718750000000000e-01
4.738281250000000000e+00
6.958007812500000000e-01
-7.159423828125000000e-02
-1.171264648437500000e-01
-4.617309570312500000e-02
3.525390625000000000e-01
2.878417968750000000e-01
-7.812500000000000000e-02
3.486328125000000000e-01
4.982910156250000000e-01
1.350097656250000000e-01
-8.538818359375000000e-02
-4.116210937500000000e-01
5.206298828125000000e-02
-6.303710937500000000e-01
-4.729003906250000000e-01
-2.227783203125000000e-02
-1.298828125000000000e+00
1.611328125000000000e-01
2.805175781250000000e-01
-4.550781250000000000e-01
-1.301269531250000000e-01
1.260986328125000000e-01
-1.073608398437500000e-01
-9.350585937500000000e-02
1.737060546875000000e-01
1.531982421875000000e-01
-2.907714843750000000e-01
1.844482421875000000e-01
1.828613281250000000e-01
3.344726562500000000e-01
-2.080078125000000000e-01
5.950927734375000000e-02
-3.818511962890625000e-03
2.308349609375000000e-01
5.224609375000000000e-01
-1.938476562500000000e-01
1.217651367187500000e-01
8.349609375000000000e-02
-1.166381835937500000e-01
5.454101562500000000e-01
6.469726562500000000e-02
-9.667968750000000000e-02
-2.016601562500000000e-01
3.176269531250000000e-01
-1.325683593750000000e-01
1.733398437500000000e-01
-9.991455078125000000e-02
-2.922363281250000000e-01
-2.252197265625000000e-01
2.519531250000000000e-01
-8.770751953125000000e-02
4.180908203125000000e-03
4.824829101562500000e-02
-1.968383789062500000e-02
3.544921875000000000e-01
1.539306640625000000e-01
3.474121093750000000e-01
-4.890136718750000000e-01
3.781127929687500000e-02
-1.761474609375000000e-01
3.806152343750000000e-01
-3.386230468750000000e-01
-5.126953125000000000e-01
1.016235351562500000e-01
-3.857421875000000000e-02
-3.767089843750000000e-01
-2.717285156250000000e-01
-1.903076171875000000e-01
-2.164306640625000000e-01
2.502441406250000000e-01
-3.635253906250000000e-01
6.318359375000000000e-01
-1.292724609375000000e-01
-1.119232177734375000e-02
1.032714843750000000e-01
8.563232421875000000e-02
1.000976562500000000e-01
-1.918945312500000000e-01
4.269409179687500000e-02
-1.885986328125000000e-01
-4.660644531250000000e-01
-2.604980468750000000e-01
1.664733886718750000e-02
-2.359619140625000000e-01
-1.082153320312500000e-01
-5.926513671875000000e-02
1.968994140625000000e-01
1.882934570312500000e-02
-1.527099609375000000e-01
4.731445312500000000e-01
2.902832031250000000e-01
-5.786132812500000000e-01
-1.436767578125000000e-01
-3.182983398437500000e-02
-1.556396484375000000e-01
-3.836059570312500000e-02
-4.953613281250000000e-01
1.755371093750000000e-01
-1.408691406250000000e-01
1.038818359375000000e-01
-1.389160156250000000e-01
-3.002929687500000000e-01
-2.098388671875000000e-01
1.200561523437500000e-01
-1.578369140625000000e-01
-2.031250000000000000e-01
1.254882812500000000e-01
-6.701660156250000000e-02
-2.101135253906250000e-02
-1.878662109375000000e-01
-3.713378906250000000e-01
-3.232421875000000000e-01
-2.800292968750000000e-01
-2.810058593750000000e-01
-2.042236328125000000e-01
9.576416015625000000e-02
-5.072021484375000000e-02
3.193359375000000000e-01
-8.703613281250000000e-02
2.408447265625000000e-01
4.799804687500000000e-01
-1.916503906250000000e-01
-1.046142578125000000e-01
-3.071289062500000000e-01
4.013061523437500000e-02
-3.239746093750000000e-01
1.322021484375000000e-01
-1.712646484375000000e-01
-4.089355468750000000e-01
-2.883300781250000000e-01
3.054199218750000000e-01
1.203613281250000000e-01
-5.822753906250000000e-02
-2.697753906250000000e-01
-3.427734375000000000e-01
-2.069091796875000000e-02
9.881591796875000000e-02
8.996582031250000000e-02
-4.318847656250000000e-01
3.890991210937500000e-02
-4.928588867187500000e-02
2.908325195312500000e-02
2.302246093750000000e-01
8.422851562500000000e-02
2.120361328125000000e-01
2.462158203125000000e-01
-5.966796875000000000e-01
8.886718750000000000e-02
8.935546875000000000e-02
2.985839843750000000e-01
3.486328125000000000e-01
7.963867187500000000e-01
-1.491546630859375000e-02
2.934570312500000000e-01
-4.189453125000000000e-01
-1.771240234375000000e-01
4.922485351562500000e-02
2.861022949218750000e-02
2.922058105468750000e-02
5.278320312500000000e-01
1.781005859375000000e-01
-7.092285156250000000e-02
2.369384765625000000e-01
-9.173583984375000000e-02
1.059570312500000000e-01
3.984375000000000000e-01
4.138183593750000000e-01
3.159179687500000000e-01
-5.786132812500000000e-01
-1.599121093750000000e-02
-4.483032226562500000e-02
7.769775390625000000e-02
5.773925781250000000e-02
3.051757812500000000e-01
-3.146362304687500000e-02
2.337646484375000000e-01
-3.649902343750000000e-01
1.001586914062500000e-01
1.939697265625000000e-01
-4.367065429687500000e-02
1.022460937500000000e+00
-1.749267578125000000e-01
1.577148437500000000e-01
7.509765625000000000e-01
1.281738281250000000e-01
9.277343750000000000e-02
-1.334228515625000000e-01
8.496093750000000000e-02
-3.681640625000000000e-01
1.882934570312500000e-02
2.761230468750000000e-01
3.969726562500000000e-01
-2.585449218750000000e-01
-1.209716796875000000e-01
1.528320312500000000e-01
8.255004882812500000e-03
-2.878417968750000000e-01
1.251220703125000000e-01
-3.017578125000000000e-01
