-6.304931640625000000e-02
1.544189453125000000e-01
-3.186035156250000000e-01
-1.584472656250000000e-01
2.187500000000000000e-01
-9.655761718750000000e-02
-3.031921386718750000e-02
-1.022460937500000000e+00
-3.266601562500000000e-01
2.368164062500000000e-01
-3.757324218750000000e-01
2.375488281250000000e-01
4.577636718750000000e-02
-2.164306640625000000e-01
3.608398437500000000e-01
-6.854248046875000000e-02
3.186035156250000000e-01
3.391113281250000000e-01
-2.131652832031250000e-02
-3.286132812500000000e-01
5.083007812500000000e-01
3.738403320312500000e-02
-2.622070312500000000e-01
1.367187500000000000e-01
-5.224609375000000000e-01
-2.338867187500000000e-01
1.228637695312500000e-01
-3.010559082031250000e-02
2.655029296875000000e-02
2.027587890625000000e-01
2.320556640625000000e-01
1.383056640625000000e-01
-4.291992187500000000e-01
-2.734375000000000000e-01
-1.723632812500000000e-01
-3.828125000000000000e-01
-1.965332031250000000e-01
-2.147216796875000000e-01
-2.211914062500000000e-01
8.245849609375000000e-02
7.629394531250000000e-02
-1.711425781250000000e-01
2.312011718750000000e-01
-4.458007812500000000e-01
-3.425292968750000000e-01
1.704101562500000000e-01
-7.299804687500000000e-02
9.863281250000000000e-02
3.266601562500000000e-01
-3.106689453125000000e-02
6.732177734375000000e-02
-3.669738769531250000e-03
1.647949218750000000e-01
-5.102539062500000000e-01
-1.383972167968750000e-02
-2.827148437500000000e-01
-3.415527343750000000e-01
4.272460937500000000e-04
-5.000000000000000000e-01
4.328613281250000000e-01
-9.289550781250000000e-02
-5.903320312500000000e-01
-6.054687500000000000e-02
3.573608398437500000e-02
-2.788085937500000000e-01
-5.789184570312500000e-02
-2.065429687500000000e-01
-1.284790039062500000e-02
-1.907958984375000000e-01
5.261230468750000000e-02
4.736328125000000000e-01
-2.285766601562500000e-02
3.608398437500000000e-01
-3.807067871093750000e-03
-6.524658203125000000e-02
3.894042968750000000e-01
-1.972656250000000000e-01
5.358886718750000000e-02
-5.947113037109375000e-03
-4.768066406250000000e-01
-2.604980468750000000e-01
2.683105468750000000e-01
2.098388671875000000e-01
4.611816406250000000e-01
-1.577148437500000000e-01
6.860351562500000000e-02
-1.452636718750000000e-01
-2.519531250000000000e-01
-1.422119140625000000e-01
4.145507812500000000e-01
-1.354980468750000000e-01
-2.070312500000000000e-01
-1.330078125000000000e+00
4.754638671875000000e-02
-5.083007812500000000e-01
-2.217102050781250000e-02
-5.334472656250000000e-02
-5.142211914062500000e-02
4.274902343750000000e-01
2.160644531250000000e-01
1.932373046875000000e-01
5.470275878906250000e-03
5.078125000000000000e-01
9.963989257812500000e-03
-8.428955078125000000e-02
1.152343750000000000e-01
3.200683593750000000e-01
-2.624511718750000000e-01
-3.068847656250000000e-01
2.487182617187500000e-02
2.867126464843750000e-02
1.732177734375000000e-01
1.089477539062500000e-02
3.544921875000000000e-01
-2.673339843750000000e-01
9.960937500000000000e-02
-2.807617187500000000e-01
1.293945312500000000e-01
-3.005371093750000000e-01
5.292968750000000000e-01
-3.071289062500000000e-01
-6.049804687500000000e-01
4.064941406250000000e-02
-1.606445312500000000e-01
3.728027343750000000e-01
-1.639404296875000000e-01
-4.455566406250000000e-02
1.151123046875000000e-01
-1.530761718750000000e-01
-1.580810546875000000e-01
-1.331787109375000000e-01
-2.254638671875000000e-01
-2.130126953125000000e-01
5.531250000000000000e+00
4.745483398437500000e-02
5.947875976562500000e-02
-4.511718750000000000e-01
-5.249023437500000000e-01
-3.155517578125000000e-02
-3.198242187500000000e-01
-3.852539062500000000e-01
2.746582031250000000e-01
-1.289062500000000000e-01
-1.557159423828125000e-02
-4.016113281250000000e-01
-1.859130859375000000e-01
5.990600585937500000e-02
-3.375244140625000000e-02
-3.276367187500000000e-01
-2.078857421875000000e-01
2.753906250000000000e-01
-7.916259765625000000e-02
3.151855468750000000e-01
4.905700683593750000e-03
-8.428955078125000000e-02
3.652954101562500000e-02
-1.074829101562500000e-01
-1.226806640625000000e-02
3.925781250000000000e-01
-1.068725585937500000e-01
1.694335937500000000e-01
9.912109375000000000e-02
4.901123046875000000e-02
-2.810058593750000000e-01
-3.442382812500000000e-01
4.608154296875000000e-02
-1.429443359375000000e-01
-3.530883789062500000e-02
3.395996093750000000e-01
4.130859375000000000e-01
1.062622070312500000e-01
-3.332519531250000000e-01
3.500976562500000000e-01
-5.325317382812500000e-02
-2.666015625000000000e-01
3.173828125000000000e-02
-3.964843750000000000e-01
-7.202148437500000000e-02
4.150390625000000000e-01
-3.139648437500000000e-01
8.874511718750000000e-02
5.625000000000000000e-01
-7.019042968750000000e-02
3.137207031250000000e-02
5.950927734375000000e-02
4.272460937500000000e-02
-1.991271972656250000e-02
-8.862304687500000000e-02
7.623291015625000000e-02
-7.656097412109375000e-03
1.192016601562500000e-01
-2.690429687500000000e-01
9.191894531250000000e-02
3.139648437500000000e-01
-2.661132812500000000e-02
1.568603515625000000e-01
2.827148437500000000e-01
-1.995849609375000000e-01
1.904296875000000000e-01
2.134704589843750000e-02
-2.395019531250000000e-01
7.647705078125000000e-02
-8.331298828125000000e-02
1.032104492187500000e-01
7.171630859375000000e-02
1.347656250000000000e-01
6.292724609375000000e-02
2.707519531250000000e-01
1.613769531250000000e-01
-1.845703125000000000e-01
3.176269531250000000e-01
4.785156250000000000e-01
-3.509521484375000000e-02
7.641601562500000000e-02
1.368408203125000000e-01
-2.624511718750000000e-01
6.533203125000000000e-01
4.162597656250000000e-02
1.589355468750000000e-01
-3.826141357421875000e-03
2.264404296875000000e-01
-1.209259033203125000e-03
8.972167968750000000e-02
-4.370117187500000000e-01
2.161865234375000000e-01
-2.592773437500000000e-01
-1.499023437500000000e-01
1.394042968750000000e-01
6.475830078125000000e-02
1.246337890625000000e-01
-8.343505859375000000e-02
5.527343750000000000e-01
-1.055908203125000000e-01
-4.095458984375000000e-02
-1.409912109375000000e-01
2.941894531250000000e-01
5.670166015625000000e-02
7.672119140625000000e-02
1.270751953125000000e-01
-2.783203125000000000e-01
-3.103027343750000000e-01
-3.764648437500000000e-01
-9.985351562500000000e-02
-2.387695312500000000e-01
-1.590576171875000000e-01
-2.170410156250000000e-01
-2.415466308593750000e-02
4.101562500000000000e-02
-1.307487487792968750e-03
-2.069091796875000000e-01
-3.161621093750000000e-01
6.547851562500000000e-01
-1.956176757812500000e-02
-5.245971679687500000e-02
-7.629394531250000000e-02
3.229980468750000000e-01
2.353515625000000000e-01
-6.457519531250000000e-02
-1.722412109375000000e-01
2.983398437500000000e-01
-1.058349609375000000e-01
-4.125976562500000000e-01
-2.661132812500000000e-01
-7.244873046875000000e-02
3.220214843750000000e-01
-4.973144531250000000e-01
1.093139648437500000e-01
-4.194335937500000000e-01
-2.299804687500000000e-01
-3.468990325927734375e-05
1.226196289062500000e-01
-8.001708984375000000e-02
3.708496093750000000e-01
1.340332031250000000e-01
-5.227661132812500000e-02
-2.232666015625000000e-01
-1.446533203125000000e-01
-1.292724609375000000e-01
-7.226562500000000000e-02
-2.067871093750000000e-01
2.171630859375000000e-01
5.571289062500000000e-01
-5.349731445312500000e-02
2.154541015625000000e-02
-2.792968750000000000e-01
8.227539062500000000e-02
1.074218750000000000e-01
6.323242187500000000e-02
3.269042968750000000e-01
-3.464355468750000000e-01
3.735351562500000000e-02
-1.473388671875000000e-01
1.645507812500000000e-01
3.156738281250000000e-01
2.609863281250000000e-01
-1.669921875000000000e-01
-3.217773437500000000e-01
4.791259765625000000e-02
-8.599853515625000000e-02
2.434082031250000000e-01
-1.478271484375000000e-01
-7.385253906250000000e-02
5.728149414062500000e-02
1.146240234375000000e-01
-1.337890625000000000e-01
3.049316406250000000e-01
7.098388671875000000e-02
-2.148437500000000000e-01
1.746826171875000000e-01
-1.041259765625000000e-01
2.885742187500000000e-01
1.785888671875000000e-01
5.523437500000000000e+00
-1.671142578125000000e-01
-1.334228515625000000e-01
-1.417236328125000000e-01
-1.431274414062500000e-02
-6.045532226562500000e-02
6.186523437500000000e-01
4.855346679687500000e-02
1.209106445312500000e-01
5.000000000000000000e-01
6.402587890625000000e-02
3.776855468750000000e-01
-2.313232421875000000e-01
1.451416015625000000e-01
5.700683593750000000e-02
-2.254638671875000000e-01
1.829833984375000000e-01
-1.806640625000000000e+00
1.815185546875000000e-01
-2.000427246093750000e-02
-3.579101562500000000e-01
1.055908203125000000e-01
-7.061767578125000000e-02
-4.123535156250000000e-01
-1.729736328125000000e-01
-3.457641601562500000e-02
1.209106445312500000e-01
-2.122497558593750000e-02
-1.469726562500000000e-01
2.205810546875000000e-01
2.988281250000000000e-01
-2.442626953125000000e-01
1.380615234375000000e-01
-3.369140625000000000e-01
1.933593750000000000e-01
4.074707031250000000e-01
-3.930664062500000000e-01
9.356689453125000000e-02
-4.345703125000000000e-02
-5.633544921875000000e-02
1.621093750000000000e-01
1.787109375000000000e-01
1.036376953125000000e-01
-1.723632812500000000e-01
2.027587890625000000e-01
1.126098632812500000e-01
9.777832031250000000e-02
-2.890625000000000000e-01
-2.624511718750000000e-01
4.863739013671875000e-03
1.967773437500000000e-01
-1.186523437500000000e-01
2.861022949218750000e-02
-1.181030273437500000e-01
1.634521484375000000e-01
1.317596435546875000e-02
-1.341552734375000000e-01
4.177246093750000000e-01
6.964111328125000000e-02
4.257202148437500000e-03
-4.025878906250000000e-01
3.696289062500000000e-01
-2.330322265625000000e-01
-1.920166015625000000e-01
-9.979248046875000000e-02
1.766357421875000000e-01
-1.335449218750000000e-01
-4.135131835937500000e-02
-2.156982421875000000e-01
-5.947265625000000000e-01
5.838012695312500000e-02
-1.084594726562500000e-01
3.923339843750000000e-01
2.203369140625000000e-01
1.402282714843750000e-02
3.691406250000000000e-01
1.458740234375000000e-01
7.824707031250000000e-02
-1.368408203125000000e-01
8.415222167968750000e-03
-1.773681640625000000e-01
-7.666015625000000000e-02
1.962890625000000000e-01
3.225097656250000000e-01
-2.993774414062500000e-02
-1.756591796875000000e-01
8.374023437500000000e-02
2.902832031250000000e-01
2.148437500000000000e-01
3.693847656250000000e-01
5.356445312500000000e-01
-2.371826171875000000e-01
-4.223632812500000000e-01
4.589843750000000000e-02
2.347412109375000000e-01
-7.183837890625000000e-02
5.219726562500000000e-01
8.049011230468750000e-03
-1.567382812500000000e-01
-2.066650390625000000e-01
-1.040649414062500000e-01
-1.988220214843750000e-02
7.672119140625000000e-02
-5.252838134765625000e-03
1.290283203125000000e-01
-1.367187500000000000e-01
-1.396484375000000000e-01
2.597656250000000000e-01
-1.763916015625000000e-01
-1.171264648437500000e-01
2.531738281250000000e-01
-6.103515625000000000e-01
-2.800292968750000000e-01
9.283447265625000000e-02
-2.092285156250000000e-01
-4.548339843750000000e-01
9.448242187500000000e-02
1.054687500000000000e-01
-2.360534667968750000e-02
-1.911621093750000000e-01
2.305908203125000000e-01
1.154785156250000000e-01
1.297607421875000000e-01
-1.298828125000000000e-01
-3.342285156250000000e-01
2.814941406250000000e-01
-8.923339843750000000e-02
2.670898437500000000e-01
-2.714843750000000000e-01
-4.311523437500000000e-01
-8.538818359375000000e-02
4.431152343750000000e-02
3.195800781250000000e-01
-3.059387207031250000e-02
-3.281250000000000000e-01
-1.387939453125000000e-01
-1.622314453125000000e-01
4.362792968750000000e-01
1.505126953125000000e-01
-2.560424804687500000e-02
2.379150390625000000e-01
-1.907958984375000000e-01
-9.912109375000000000e-02
9.143066406250000000e-02
7.348632812500000000e-02
1.883544921875000000e-01
1.552734375000000000e-01
-5.053710937500000000e-01
3.289794921875000000e-02
2.105712890625000000e-01
-2.241516113281250000e-02
1.848144531250000000e-01
-2.126464843750000000e-01
2.565917968750000000e-01
3.186035156250000000e-01
-2.082519531250000000e-01
-9.216308593750000000e-02
-1.390380859375000000e-01
-4.265136718750000000e-01
1.561737060546875000e-02
4.145507812500000000e-01
-4.655761718750000000e-01
-2.833557128906250000e-02
-1.566162109375000000e-01
-1.087646484375000000e-01
-3.706054687500000000e-01
2.250976562500000000e-01
3.305664062500000000e-01
3.913574218750000000e-01
-5.068359375000000000e-01
-3.056640625000000000e-01
-3.390502929687500000e-02
-8.532714843750000000e-02
-1.682128906250000000e-01
1.013793945312500000e-01
-2.821350097656250000e-02
3.942871093750000000e-01
-2.854003906250000000e-01
-2.631835937500000000e-01
1.140136718750000000e-01
3.356933593750000000e-01
8.071289062500000000e-01
3.558349609375000000e-02
1.437988281250000000e-01
2.144775390625000000e-01
-2.497863769531250000e-02
-6.433105468750000000e-02
-1.832275390625000000e-01
-7.989501953125000000e-02
-1.508789062500000000e-01
2.592468261718750000e-02
1.083374023437500000e-01
1.737060546875000000e-01
-3.395996093750000000e-01
9.216308593750000000e-02
1.823730468750000000e-01
-7.110595703125000000e-02
1.419677734375000000e-01
8.398437500000000000e-02
-1.663818359375000000e-01
