-2.025146484375000000e-01
-1.512451171875000000e-01
8.044433593750000000e-02
-1.456298828125000000e-01
-9.893798828125000000e-02
1.252441406250000000e-01
-3.525390625000000000e-01
-3.659667968750000000e-01
6.304931640625000000e-02
-8.337402343750000000e-02
4.046630859375000000e-02
-4.831542968750000000e-01
-5.563354492187500000e-02
-4.152832031250000000e-01
4.484863281250000000e-01
2.709960937500000000e-01
3.283691406250000000e-01
1.918945312500000000e-01
-3.730468750000000000e-01
5.488281250000000000e-01
4.189453125000000000e-01
3.850097656250000000e-01
1.383056640625000000e-01
-2.054443359375000000e-01
-2.951049804687500000e-02
1.300048828125000000e-01
-1.633300781250000000e-01
3.352050781250000000e-01
-4.729003906250000000e-01
-5.337524414062500000e-02
-2.822265625000000000e-01
7.360839843750000000e-02
-1.694335937500000000e-01
2.968750000000000000e-01
-1.455078125000000000e-01
1.545715332031250000e-02
-5.401611328125000000e-02
3.637695312500000000e-01
1.116943359375000000e-01
5.874633789062500000e-02
-4.416503906250000000e-01
-2.197265625000000000e-01
3.449707031250000000e-01
4.089355468750000000e-01
-2.893066406250000000e-01
2.026367187500000000e-01
1.855468750000000000e-01
9.613037109375000000e-02
2.910156250000000000e-01
-2.136230468750000000e-03
-4.180908203125000000e-02
-1.251220703125000000e-01
1.143188476562500000e-01
-4.260253906250000000e-02
-4.438476562500000000e-01
-2.907714843750000000e-01
1.308593750000000000e-01
-3.103027343750000000e-01
1.611328125000000000e-02
2.485351562500000000e-01
4.391479492187500000e-02
-9.893798828125000000e-02
2.373046875000000000e-01
-4.241943359375000000e-02
6.573486328125000000e-02
-7.675170898437500000e-03
-9.201049804687500000e-03
-3.677368164062500000e-02
3.127441406250000000e-01
-4.870605468750000000e-01
-1.679687500000000000e-01
-9.832763671875000000e-02
3.134155273437500000e-02
-4.241943359375000000e-02
4.887695312500000000e-01
-7.294921875000000000e-01
-1.480712890625000000e-01
6.018066406250000000e-02
-1.317138671875000000e-01
-2.792968750000000000e-01
1.738281250000000000e-01
3.862304687500000000e-01
-2.551269531250000000e-01
5.488281250000000000e-01
-2.854003906250000000e-01
9.466552734375000000e-02
1.828613281250000000e-01
-3.251953125000000000e-01
9.234619140625000000e-02
-1.280517578125000000e-01
1.079711914062500000e-01
-1.221923828125000000e-01
-1.265625000000000000e+00
3.388671875000000000e-01
-3.227539062500000000e-01
2.861328125000000000e-01
1.723632812500000000e-01
-3.542480468750000000e-01
-7.012939453125000000e-02
-1.099853515625000000e-01
9.234619140625000000e-02
-3.215332031250000000e-01
-1.643066406250000000e-01
1.742553710937500000e-02
-3.244628906250000000e-01
-1.661376953125000000e-01
1.234436035156250000e-02
2.412109375000000000e-01
-2.722167968750000000e-01
-1.371765136718750000e-02
2.038574218750000000e-01
-1.400146484375000000e-01
-3.314208984375000000e-02
-3.923339843750000000e-01
2.978515625000000000e-01
-1.761474609375000000e-01
-2.966308593750000000e-01
2.048339843750000000e-01
1.674804687500000000e-01
1.889648437500000000e-01
4.092407226562500000e-02
-6.938476562500000000e-01
1.854896545410156250e-03
-1.052246093750000000e-01
1.512451171875000000e-01
-9.155273437500000000e-02
-9.259033203125000000e-02
-2.577209472656250000e-02
3.884887695312500000e-02
3.830566406250000000e-01
-3.317260742187500000e-02
-1.198120117187500000e-01
-3.718261718750000000e-01
4.703125000000000000e+00
1.257324218750000000e-01
-2.675781250000000000e-01
-2.280273437500000000e-01
-5.454101562500000000e-01
-3.220214843750000000e-01
-3.945922851562500000e-02
1.666259765625000000e-02
2.301025390625000000e-02
8.691406250000000000e-02
1.854248046875000000e-01
-2.602539062500000000e-01
3.242187500000000000e-01
2.216796875000000000e-01
-5.136718750000000000e-01
-2.910156250000000000e-01
6.695556640625000000e-02
3.881835937500000000e-01
-3.996582031250000000e-01
1.713867187500000000e-01
-2.001953125000000000e-02
3.486328125000000000e-01
-4.370117187500000000e-01
4.912109375000000000e-01
9.259033203125000000e-02
-3.486328125000000000e-01
1.390380859375000000e-01
-5.668401718139648438e-05
-4.293823242187500000e-02
-2.590332031250000000e-01
-2.321777343750000000e-01
2.135009765625000000e-01
2.391357421875000000e-01
2.631835937500000000e-01
-8.618164062500000000e-01
2.924804687500000000e-01
-1.046752929687500000e-01
1.068115234375000000e-01
-6.439208984375000000e-02
4.571533203125000000e-02
6.726074218750000000e-02
-2.529296875000000000e-01
3.220214843750000000e-01
-3.037109375000000000e-01
-8.178710937500000000e-02
-2.551269531250000000e-02
1.047973632812500000e-01
7.611083984375000000e-02
-8.404541015625000000e-02
-5.880737304687500000e-02
-7.574462890625000000e-02
-9.893798828125000000e-02
8.224487304687500000e-03
-4.770507812500000000e-01
-4.628906250000000000e-01
1.477050781250000000e-01
1.048583984375000000e-01
-5.514526367187500000e-02
7.733154296875000000e-02
-7.531738281250000000e-02
-7.397460937500000000e-02
-1.912841796875000000e-01
1.444091796875000000e-01
-9.545898437500000000e-02
1.413574218750000000e-01
-2.810058593750000000e-01
-2.359619140625000000e-01
-2.331542968750000000e-02
-2.475585937500000000e-01
1.866455078125000000e-01
1.518554687500000000e-01
3.146972656250000000e-01
1.729736328125000000e-01
-1.684570312500000000e-01
4.272460937500000000e-03
1.243896484375000000e-01
-2.352294921875000000e-01
7.285156250000000000e-01
7.143554687500000000e-01
4.057617187500000000e-01
-1.342773437500000000e-01
1.719970703125000000e-01
2.812500000000000000e-01
1.152801513671875000e-02
-1.458740234375000000e-01
-9.832763671875000000e-02
-1.062622070312500000e-01
-2.315673828125000000e-01
-2.191162109375000000e-01
1.756591796875000000e-01
1.048583984375000000e-01
6.781005859375000000e-02
2.143554687500000000e-01
-3.784179687500000000e-01
-3.427734375000000000e-01
7.354736328125000000e-02
4.663085937500000000e-02
2.429199218750000000e-01
8.740234375000000000e-02
3.757324218750000000e-01
8.673095703125000000e-02
1.231079101562500000e-01
-5.520629882812500000e-02
7.305908203125000000e-02
5.380249023437500000e-02
-5.595703125000000000e-01
-2.766113281250000000e-01
1.588134765625000000e-01
1.713867187500000000e-01
-3.768920898437500000e-03
5.709838867187500000e-02
-2.166748046875000000e-01
-2.589416503906250000e-02
-1.339111328125000000e-01
-5.664062500000000000e-01
6.518554687500000000e-02
3.448486328125000000e-02
-4.628906250000000000e-01
6.254882812500000000e-01
-1.147460937500000000e-01
5.644531250000000000e-01
-6.938476562500000000e-01
-2.221679687500000000e-01
2.519531250000000000e-01
1.457519531250000000e-01
4.116821289062500000e-02
3.283691406250000000e-01
-3.311157226562500000e-02
1.931152343750000000e-01
3.049316406250000000e-01
-2.435302734375000000e-01
2.783203125000000000e-01
3.164672851562500000e-02
1.883544921875000000e-01
-1.867675781250000000e-01
7.503509521484375000e-03
-1.712646484375000000e-01
-3.156738281250000000e-01
-5.157470703125000000e-02
1.199340820312500000e-01
-2.244873046875000000e-01
1.444091796875000000e-01
3.398437500000000000e-01
-5.999755859375000000e-02
1.655273437500000000e-01
1.680908203125000000e-01
-5.111694335937500000e-02
3.750000000000000000e-01
3.562011718750000000e-01
2.390136718750000000e-01
-4.495239257812500000e-02
2.342529296875000000e-01
-7.543945312500000000e-02
1.595458984375000000e-01
1.042480468750000000e-01
3.344726562500000000e-01
-1.090087890625000000e-01
-3.869628906250000000e-02
-3.562011718750000000e-01
1.203613281250000000e-01
2.805175781250000000e-01
-3.171386718750000000e-01
2.331542968750000000e-01
-4.213867187500000000e-01
1.500244140625000000e-01
3.189086914062500000e-02
-3.527832031250000000e-01
-1.256103515625000000e-01
-1.049194335937500000e-01
2.093505859375000000e-02
6.298828125000000000e-01
9.300231933593750000e-03
1.824951171875000000e-01
-3.723144531250000000e-01
-3.061523437500000000e-01
3.325195312500000000e-01
-1.354980468750000000e-01
3.962402343750000000e-01
2.731933593750000000e-01
4.699218750000000000e+00
3.410644531250000000e-01
6.768798828125000000e-02
1.232910156250000000e-01
-1.350097656250000000e-01
4.533691406250000000e-01
-7.391357421875000000e-02
5.447387695312500000e-02
6.695556640625000000e-02
4.133300781250000000e-01
3.620605468750000000e-01
4.477539062500000000e-01
2.329101562500000000e-01
1.632080078125000000e-01
-7.495117187500000000e-02
-1.529541015625000000e-01
4.541015625000000000e-01
-1.374023437500000000e+00
-1.203613281250000000e-01
2.961425781250000000e-01
-1.708984375000000000e-01
2.928161621093750000e-02
4.391479492187500000e-02
-3.132324218750000000e-01
1.441650390625000000e-01
-9.753417968750000000e-02
1.601562500000000000e-01
-5.035400390625000000e-02
3.530883789062500000e-02
-2.966308593750000000e-02
-2.646484375000000000e-01
4.675292968750000000e-02
3.793945312500000000e-01
-9.368896484375000000e-02
5.685424804687500000e-02
-2.883300781250000000e-01
-1.909179687500000000e-01
-1.457519531250000000e-01
4.367675781250000000e-01
-5.664062500000000000e-02
-5.297851562500000000e-02
1.691894531250000000e-01
-1.250000000000000000e-01
7.293701171875000000e-02
2.775878906250000000e-01
1.909179687500000000e-01
3.159179687500000000e-01
-1.695556640625000000e-01
4.599609375000000000e-01
-1.918029785156250000e-02
-1.155395507812500000e-01
-5.636596679687500000e-02
1.158447265625000000e-01
-5.473632812500000000e-01
1.341552734375000000e-01
-2.573242187500000000e-01
1.881103515625000000e-01
-1.805114746093750000e-02
-7.281494140625000000e-02
-1.120605468750000000e-01
8.734130859375000000e-02
1.496582031250000000e-01
8.227539062500000000e-02
-1.911621093750000000e-01
-4.946899414062500000e-02
1.879882812500000000e-01
-2.995605468750000000e-01
1.412353515625000000e-01
-2.374267578125000000e-01
-1.357421875000000000e-01
-3.350830078125000000e-02
4.400634765625000000e-02
3.207397460937500000e-02
2.299804687500000000e-01
-3.866577148437500000e-02
5.268554687500000000e-01
-5.673828125000000000e-01
-9.484863281250000000e-02
-4.685058593750000000e-01
-1.185913085937500000e-01
-6.655273437500000000e-01
-1.829833984375000000e-01
-4.483032226562500000e-02
-2.333984375000000000e-01
3.962402343750000000e-01
1.824951171875000000e-01
-6.475830078125000000e-02
7.836914062500000000e-01
-1.450195312500000000e-01
-3.369140625000000000e-01
2.683105468750000000e-01
3.232421875000000000e-01
-3.364257812500000000e-01
4.067382812500000000e-01
-3.549194335937500000e-02
-5.957031250000000000e-02
1.127929687500000000e-01
-1.325683593750000000e-01
2.766113281250000000e-01
3.063964843750000000e-01
-2.963256835937500000e-02
3.645019531250000000e-01
6.903076171875000000e-02
-4.785156250000000000e-02
1.289062500000000000e-01
-3.969726562500000000e-01
-6.414794921875000000e-02
-1.181640625000000000e-01
2.737045288085937500e-04
-1.356201171875000000e-01
-2.312011718750000000e-01
-3.808593750000000000e-01
4.670410156250000000e-01
7.580566406250000000e-02
-2.120361328125000000e-01
-4.978027343750000000e-01
-2.354431152343750000e-02
2.439880371093750000e-02
-8.929443359375000000e-02
1.868896484375000000e-01
-1.976013183593750000e-02
2.159423828125000000e-01
4.135742187500000000e-01
-2.353515625000000000e-01
-2.578125000000000000e-01
-9.185791015625000000e-02
-3.666992187500000000e-01
7.214355468750000000e-02
1.900634765625000000e-01
-2.117919921875000000e-01
-1.260375976562500000e-02
-1.553955078125000000e-01
2.097167968750000000e-01
5.263671875000000000e-01
1.724853515625000000e-01
-3.156738281250000000e-01
3.166503906250000000e-01
-1.330566406250000000e-01
-4.118652343750000000e-01
4.064941406250000000e-01
9.570312500000000000e-02
1.109008789062500000e-01
-7.037353515625000000e-02
3.901367187500000000e-01
4.589843750000000000e-01
2.133789062500000000e-01
2.365722656250000000e-01
2.585449218750000000e-01
-1.372070312500000000e-01
8.947753906250000000e-02
-2.052001953125000000e-01
4.580078125000000000e-01
1.045532226562500000e-01
-2.783203125000000000e-01
2.568359375000000000e-01
2.248535156250000000e-01
3.452148437500000000e-01
-1.538085937500000000e-01
2.680664062500000000e-01
-1.660156250000000000e-01
4.682617187500000000e-01
-3.463745117187500000e-02
1.348876953125000000e-01
-2.124023437500000000e-02
2.086181640625000000e-01
2.602539062500000000e-01
-2.316894531250000000e-01
4.057617187500000000e-01
1.942138671875000000e-01
-7.460937500000000000e-01
-2.028808593750000000e-01
-1.091918945312500000e-01
2.767944335937500000e-02
-1.110229492187500000e-01
1.844482421875000000e-01
-3.564453125000000000e-01
-1.802978515625000000e-01
9.216308593750000000e-02
1.132202148437500000e-01
5.282592773437500000e-02
1.727294921875000000e-02
6.030273437500000000e-01
5.068359375000000000e-01
1.983642578125000000e-02
2.152099609375000000e-01
1.839599609375000000e-01
-1.505126953125000000e-01
-5.234375000000000000e-01
3.054199218750000000e-01
7.775878906250000000e-02
4.086914062500000000e-01
1.773681640625000000e-01
-2.000732421875000000e-01
-5.424804687500000000e-01
-1.078491210937500000e-01
1.925048828125000000e-01
-2.900390625000000000e-01
-1.899414062500000000e-01
1.109008789062500000e-01
5.649414062500000000e-01
